date    open     close      volume
                                       
2016-01-04  159.81  159.5400   2640789.0
2016-01-05  160.17  159.9300   2127674.0
2016-01-06  158.36  158.4500   2033414.0
2016-01-07  154.85  154.8200   3826032.0
2016-01-08  155.28  152.1100   3156190.0
2016-01-11  152.30  154.7200   2164781.0
2016-01-12  155.71  156.0550   2215581.0
2016-01-13  155.97  152.1200   2157501.0
2016-01-14  151.96  153.1800   2281478.0
2016-01-15  149.29  150.3900   2975372.0
2016-01-19  151.79  150.4700   2242568.0
2016-01-20  148.46  148.8200   3796826.0
2016-01-21  148.97  150.3800   2212441.0
2016-01-22  152.18  153.6900   2544068.0
2016-01-25  154.07  150.7800   1820623.0
2016-01-26  150.78  148.5000   2828570.0
2016-01-27  149.29  147.7300   2189485.0
2016-01-28  148.55  149.5900   2076251.0
2016-01-29  149.50  151.1200   3221346.0
2016-02-01  150.84  151.2500   2142044.0
2016-02-02  149.99  148.5000   1931427.0
2016-02-03  149.28  146.7000   2547038.0
2016-02-04  145.00  143.2800   5340490.0
2016-02-05  143.27  143.9900   4079344.0
2016-02-08  142.74  147.0200   3782043.0
2016-02-09  146.24  147.9400   3228334.0
2016-02-10  149.37  148.0500   2189557.0
2016-02-11  147.13  146.6500   2198097.0
2016-02-12  147.98  148.6500   1951826.0
2016-02-16  149.35  149.1100   2186423.0
2016-02-17  149.75  150.9100   2174598.0
2016-02-18  149.13  148.6500   2894302.0
2016-02-19  149.00  148.7000   2471711.0
2016-02-22  149.63  150.0600   2161275.0
2016-02-23  149.89  150.3600   1850645.0
2016-02-24  150.03  153.8700   2590074.0
2016-02-25  154.69  154.7200   1746889.0
2016-02-26  153.09  149.6800   3800789.0
2016-02-29  149.99  150.0300   3123546.0
2016-03-01  150.40  150.5200   2681404.0
2016-03-02  151.13  152.7900   2947574.0
2016-03-03  148.56  151.6000   5552633.0
2016-03-04  151.74  150.9000   2155572.0
2016-03-07  149.96  148.1700   3165743.0
2016-03-08  147.66  150.9500   3079305.0
2016-03-09  151.35  153.0500   2395294.0
2016-03-10  153.21  152.8700   1413364.0
2016-03-11  153.85  152.7100   1829936.0
2016-03-14  152.26  152.6700   1218407.0
2016-03-15  151.80  154.1800   1399036.0
2016-03-16  153.70  154.0600   1485483.0
2016-03-17  153.82  153.8400   1583525.0
2016-03-18  154.58  153.1500   3611696.0
2016-03-21  152.82  153.9400   1367376.0
2016-03-22  153.21  152.2300   1943110.0
2016-03-23  152.18  153.5100   2127269.0
2016-03-24  153.24  151.4300   2506494.0
2016-03-28  151.80  152.6700   1767422.0
2016-03-29  152.77  155.2600   1655948.0
2016-03-30  155.91  157.6000   2642666.0
2016-03-31  157.96  157.5800   2692398.0
2016-04-01  157.87  158.2500   1531803.0
2016-04-04  158.68  157.7300   1458737.0
2016-04-05  157.89  155.9900   1855613.0
2016-04-06  155.81  156.7700   1572623.0
2016-04-07  154.42  152.0300   4050063.0
2016-04-08  152.98  151.6500   2008484.0
2016-04-11  151.34  149.0500   2278997.0
2016-04-12  149.60  150.5200   2268547.0
2016-04-13  151.57  151.8800   2079230.0
2016-04-14  152.59  151.4000   2419999.0
2016-04-15  151.96  153.1700   2675923.0
2016-04-18  152.78  153.3000   1335762.0
2016-04-19  153.78  153.6800   1579018.0
2016-04-20  153.72  152.7400   1308764.0
2016-04-21  152.49  151.4200   2097632.0
2016-04-22  151.05  149.9200   2233857.0
2016-04-25  149.98  151.5100   1248994.0
2016-04-26  152.08  152.6000   1552867.0
2016-04-27  152.24  151.7700   1492820.0
2016-04-28  152.01  151.4400   2198415.0
2016-04-29  150.01  148.1300   3588825.0
2016-05-02  148.76  150.9300   3361454.0
2016-05-03  150.08  151.4100   2201284.0
2016-05-04  150.12  151.5100   2111578.0
2016-05-05  148.98  147.8400   4869255.0
2016-05-06  147.06  146.4400   3692230.0
2016-05-09  146.83  148.5900   2843904.0
2016-05-10  149.38  149.5600   1943901.0
2016-05-11  148.39  147.1200   2812658.0
2016-05-12  147.32  146.7200   2860594.0
2016-05-13  146.33  144.5000   2993616.0
2016-05-16  144.50  145.7900   2614957.0
2016-05-17  145.50  143.6000   2928857.0
2016-05-18  140.18  141.2900   5716998.0
2016-05-19  142.45  142.7000   2830546.0
2016-05-20  142.73  142.6900   2089035.0
2016-05-23  142.84  142.0100   1828386.0
2016-05-24  142.57  142.5700   2813053.0
2016-05-25  142.62  144.5400   4166923.0
2016-05-26  149.01  149.7100   7679440.0
2016-05-27  150.24  149.0800   3349772.0
2016-05-31  149.57  148.7700   3738873.0
2016-06-01  150.50  152.5200   3487293.0
2016-06-02  150.05  151.5100   3957636.0
2016-06-03  150.30  151.7100   1964223.0
2016-06-06  151.83  152.2400   1962091.0
2016-06-07  152.08  152.6200   2113045.0
2016-06-08  152.68  153.3700   1528305.0
2016-06-09  153.00  154.0500   1812097.0
2016-06-10  153.00  154.8700   3266487.0
2016-06-13  154.76  154.9500   2576602.0
2016-06-14  154.55  155.8700   3274725.0
2016-06-15  155.70  154.8600   2228482.0
2016-06-16  154.86  156.4200   1937877.0
2016-06-17  157.03  155.8900   2858208.0
2016-06-20  157.38  156.4800   2091170.0
2016-06-21  157.07  157.2000   1909688.0
2016-06-22  157.61  158.1200   2094764.0
2016-06-23  158.60  157.0300   2912400.0
2016-06-24  153.16  155.5600   3996146.0
2016-06-27  154.24  154.2600   2794208.0
2016-06-28  154.66  155.6000   2156326.0
2016-06-29  156.44  157.0800   1942864.0
2016-06-30  156.96  157.0400   3091123.0
2016-07-01  157.19  156.1100   2317430.0
2016-07-05  156.08  155.2500   2807408.0
2016-07-06  155.20  156.0100   2133816.0
2016-07-07  158.33  163.7000   6497912.0
2016-07-08  164.84  165.4400   3932031.0
2016-07-11  165.06  166.7200   2634273.0
2016-07-12  166.49  166.2800   1644614.0
2016-07-13  167.00  166.7800   1479772.0
2016-07-14  167.15  166.9400   2150083.0
2016-07-15  167.44  166.4100   1962460.0
2016-07-18  166.56  167.5100   1993806.0
2016-07-19  167.50  168.1200   1487776.0
2016-07-20  168.25  168.0400   1336877.0
2016-07-21  167.43  167.0500   1384561.0
2016-07-22  167.68  167.4700   1335064.0
2016-07-25  167.17  167.9700   1732226.0
2016-07-26  167.60  167.5700   1593919.0
2016-07-27  167.16  166.1500   1439996.0
2016-07-28  166.26  166.3500   1866549.0
2016-07-29  166.64  167.2200   1359664.0
2016-08-01  167.15  167.5600    986769.0
2016-08-02  167.07  166.5000   2107487.0
2016-08-03  165.92  166.1200   1837821.0
2016-08-04  166.04  166.5500   1638320.0
2016-08-05  166.86  167.7000   1526578.0
2016-08-08  167.25  167.4000   1294445.0
2016-08-09  167.74  167.8600   1286679.0
2016-08-10  167.44  168.2900   1104292.0
2016-08-11  169.11  167.8800   1498052.0
2016-08-12  167.16  169.0400   1399053.0
2016-08-15  169.04  168.7300    918631.0
2016-08-16  167.88  168.4100   1022989.0
2016-08-17  167.45  167.9600   1382531.0
2016-08-18  168.42  167.7500   1353380.0
2016-08-19  167.21  168.0200   1764785.0
2016-08-22  168.34  167.9400    954979.0
2016-08-23  168.09  167.3600   1004399.0
2016-08-24  167.14  167.5700   1363847.0
2016-08-25  167.20  164.8600   1817656.0
2016-08-26  165.39  163.9300   2009899.0
2016-08-29  164.47  163.9800   1819224.0
2016-08-30  164.07  161.9600   2010862.0
2016-08-31  161.87  162.0900   1933921.0
2016-09-01  159.00  156.2100   6038471.0
2016-09-02  156.81  157.9800   2678993.0
2016-09-06  158.13  158.0600   2716916.0
2016-09-07  157.64  155.6400   2984148.0
2016-09-08  155.19  153.4700   2993129.0
2016-09-09  152.59  150.7000   2993874.0
2016-09-12  150.50  151.6900   2982397.0
2016-09-13  151.18  150.7400   2148605.0
2016-09-14  150.71  150.6900   2218020.0
2016-09-15  150.72  152.6700   2304866.0
2016-09-16  151.96  152.3500   2841961.0
2016-09-19  152.13  151.7900   1321281.0
2016-09-20  152.43  152.1700   1396739.0
2016-09-21  152.59  152.7000   1535134.0
2016-09-22  153.03  153.1500   2502180.0
2016-09-23  153.15  152.5300   2282062.0
2016-09-26  152.08  151.1900   1862192.0
2016-09-27  151.42  150.4500   2569036.0
2016-09-28  150.60  149.4100   2626347.0
2016-09-29  149.19  147.4900   4501330.0
2016-09-30  151.79  152.5100   7318123.0
2016-10-03  152.22  151.0100   3197870.0
2016-10-04  151.47  150.4800   2840515.0
2016-10-05  150.63  149.9800   2377677.0
2016-10-06  150.23  149.4700   2465730.0
2016-10-07  149.77  149.9900   2282456.0
2016-10-10  150.35  150.2800   1587748.0
2016-10-11  149.67  151.0100   2596769.0
2016-10-12  150.97  150.4600   1664505.0
2016-10-13  149.93  150.2200   1795261.0
2016-10-14  150.18  150.1500   1745010.0
2016-10-17  150.08  148.7000   1988411.0
2016-10-18  149.51  149.1100   1847783.0
2016-10-19  150.70  149.4500   1812698.0
2016-10-20  149.85  150.0400   2251749.0
2016-10-21  149.51  148.9700   2188029.0
2016-10-24  149.35  152.1200   2432848.0
2016-10-25  149.90  150.9900   2060648.0
2016-10-26  150.35  150.9800   2246137.0
2016-10-27  150.83  150.8600   1993467.0
2016-10-28  150.44  149.7600   1843867.0
2016-10-31  148.89  147.8700   3239395.0
2016-11-01  148.48  146.6600   2112003.0
2016-11-02  146.43  146.2700   2260450.0
2016-11-03  146.70  144.4500   2168211.0
2016-11-04  143.00  142.2400   2702134.0
2016-11-07  143.38  143.5400   3010110.0
2016-11-08  143.89  146.0900   3506032.0
2016-11-09  143.54  146.7900   3170343.0
2016-11-10  147.06  146.7000   3944245.0
2016-11-11  146.61  149.3600   3218641.0
2016-11-14  150.92  152.0000   3891171.0
2016-11-15  151.98  151.1500   2799914.0
2016-11-16  152.19  152.1400   2152344.0
2016-11-17  151.23  151.2000   2098730.0
2016-11-18  150.84  150.3600   2020489.0
2016-11-21  150.55  151.1700   1181701.0
2016-11-22  151.93  152.6700   1954907.0
2016-11-23  152.75  151.6000   2166990.0
2016-11-25  151.89  151.8800    886780.0
2016-11-28  151.05  151.2500   1733530.0
2016-11-29  151.62  151.4800   1496879.0
2016-11-30  151.13  150.1100   2750474.0
2016-12-01  150.11  151.7400   2305596.0
2016-12-02  151.99  152.0900   1829242.0
2016-12-05  152.09  151.7700   2432110.0
2016-12-06  151.85  151.0100   2245402.0
2016-12-07  150.60  153.8500   2811286.0
2016-12-08  156.64  157.5900   5504300.0
2016-12-09  157.28  159.7000   2615294.0
2016-12-12  158.60  160.3300   2299179.0
2016-12-13  160.85  159.7700   3583322.0
2016-12-14  160.05  158.9900   2119086.0
2016-12-15  159.35  160.1100   1811162.0
2016-12-16  160.49  160.4100   3767084.0
2016-12-19  162.01  163.4600   3231875.0
2016-12-20  164.32  163.8600   2204617.0
2016-12-21  163.60  163.0400   1313424.0
2016-12-22  163.66  162.0700   1965917.0
2016-12-23  162.17  162.0800   1254371.0
2016-12-27  162.06  162.0500   1301070.0
2016-12-28  162.02  161.0100   1280986.0
2016-12-29  160.65  161.1300    858206.0
2016-12-30  160.89  160.1100   1472312.0
2017-01-03  160.65  159.7300   2099205.0
2017-01-04  159.80  159.7600   2163631.0
2017-01-05  160.95  162.9100   2880900.0
2017-01-06  162.67  162.8300   2167715.0
2017-01-09  162.33  160.9700   2318383.0
2017-01-10  160.58  161.6600   1477863.0
2017-01-11  161.47  161.5400   1378330.0
2017-01-12  161.35  161.8700   1297557.0
2017-01-13  161.99  161.8600   1250214.0
2017-01-17  161.85  163.8100   2430482.0
2017-01-18  163.65  164.2700   1834736.0
2017-01-19  164.18  163.7000   1980659.0
2017-01-20  164.39  164.2400   1897120.0
2017-01-23  164.05  163.0100   1421632.0
2017-01-24  163.23  163.6700   1347570.0
2017-01-25  164.20  164.1400   1299357.0
2017-01-26  164.34  164.0700   1180784.0
2017-01-27  164.56  162.0600   2341141.0
2017-01-30  162.03  163.2500   2149765.0
2017-01-31  162.49  163.9500   1796595.0
2017-02-01  163.84  161.8600   2219682.0
2017-02-02  166.84  168.1500   5816346.0
2017-02-03  167.72  168.3200   3227690.0
2017-02-06  168.18  167.0300   2172824.0
2017-02-07  167.53  167.5200   2732596.0
2017-02-08  167.50  168.4200   2089921.0
2017-02-09  168.45  170.9600   2606898.0
2017-02-10  171.65  172.0000   2070000.0
2017-02-13  172.49  171.9600   2272213.0
2017-02-14  171.66  173.6300   2245114.0
2017-02-15  173.18  175.0000   2346540.0
2017-02-16  175.10  175.7500   2206751.0
2017-02-17  175.47  175.8600   2425236.0
2017-02-21  176.55  176.9400   2317024.0
2017-02-22  177.07  176.5100   1815426.0
2017-02-23  176.52  175.8500   2600432.0
2017-02-24  175.22  177.5600   1684258.0
2017-02-27  177.33  177.6200   2340564.0
2017-02-28  176.95  177.1800   2992097.0
2017-03-01  177.37  177.8600   2352299.0
2017-03-02  177.50  177.9800   3190310.0
2017-03-03  170.70  170.2600  10399047.0
2017-03-06  169.41  166.7300   5793596.0
2017-03-07  166.54  167.0000   2811856.0
2017-03-08  167.00  166.2400   2375904.0
2017-03-09  166.40  165.7700   1993723.0
2017-03-10  166.49  165.3700   2164241.0
2017-03-13  164.85  164.5500   2127879.0
2017-03-14  164.21  165.2400   1974401.0
2017-03-15  165.57  166.5400   2079730.0
2017-03-16  166.78  167.0600   2726624.0
2017-03-17  168.06  167.8100   3975994.0
2017-03-20  167.76  167.4400   1603258.0
2017-03-21  167.51  166.7800   2241868.0
2017-03-22  167.32  167.6800   1534161.0
2017-03-23  168.00  166.9000   1430521.0
2017-03-24  167.37  166.0200   1410390.0
2017-03-27  165.53  166.1500   1212535.0
2017-03-28  166.11  166.7700   1446649.0
2017-03-29  166.28  167.4300   1216734.0
2017-03-30  167.30  167.8900   1034268.0
2017-03-31  167.59  167.6900   1720611.0
2017-04-03  167.74  166.7000   1547889.0
2017-04-04  166.60  167.2500   1322382.0
2017-04-05  167.29  167.0000   1715970.0
2017-04-06  169.68  170.0200   3313816.0
2017-04-07  169.70  170.6200   1510007.0
2017-04-10  170.20  171.2200   2002257.0
2017-04-11  170.79  170.6300   1191415.0
2017-04-12  171.43  170.1700   1422322.0
2017-04-13  170.05  168.8400   1422469.0
2017-04-17  168.77  169.7000   1504237.0
2017-04-18  170.05  170.1300   1542663.0
2017-04-19  170.88  170.0600   1441284.0
2017-04-20  170.33  170.1500   1933622.0
2017-04-21  171.52  170.7700   2257925.0
2017-04-24  172.00  172.3300   1906898.0
2017-04-25  172.91  172.6800   1403277.0
2017-04-26  178.05  176.8000   4567268.0
2017-04-27  177.32  177.4500   2145240.0
2017-04-28  178.07  177.5200   2331651.0
2017-05-01  178.50  177.8600   3240078.0
2017-05-02  178.72  178.5900   2485939.0
2017-05-03  178.74  179.8200   2837195.0
2017-05-04  180.05  182.4500   3752804.0
2017-05-05  182.77  180.2000   3703613.0
2017-05-08  174.66  172.6100   3528132.0
2017-05-09  173.61  172.6800   2651272.0
2017-05-10  172.03  171.3500   2533853.0
2017-05-11  170.78  171.2600   2099396.0
2017-05-12  171.29  170.8800   1570379.0
2017-05-15  170.30  171.5700   1699203.0
2017-05-16  171.96  171.0000   1122050.0
2017-05-17  170.66  169.1600   1999435.0
2017-05-18  170.08  170.7000   1581565.0
2017-05-19  171.35  171.6400   1828222.0
2017-05-22  172.24  172.4000   1588453.0
2017-05-23  172.97  172.4700   1785801.0
2017-05-24  172.95  173.0100   1411398.0
2017-05-25  173.47  174.7300   2421134.0
2017-05-26  180.25  177.8600   4459438.0
2017-05-30  177.68  178.9200   2083324.0
2017-05-31  179.24  180.4300   2387832.0
2017-06-01  180.81  180.6300   2010882.0
2017-06-02  180.58  180.9700   2234958.0
2017-06-05  181.10  182.0800   1457701.0
2017-06-06  181.70  181.3800   2229041.0
2017-06-07  181.44  182.2000   1224931.0
2017-06-08  181.92  181.4100   1786725.0
2017-06-09  181.71  180.3800   2110213.0
2017-06-12  179.58  179.6400   2382374.0
2017-06-13  179.90  180.4650   1707673.0
2017-06-14  180.83  181.6700   1431788.0
2017-06-15  180.39  180.0600   1748853.0
2017-06-16  170.40  167.1100  23997115.0
2017-06-19  167.05  164.3400  13751019.0
2017-06-20  165.50  162.9000   7082184.0
2017-06-21  163.49  163.1500   3390543.0
2017-06-22  163.17  159.7900   7932996.0
2017-06-23  159.40  157.1300   9183609.0
2017-06-26  158.15  160.2000   6452740.0
2017-06-27  160.66  159.2600   5497141.0
2017-06-28  159.59  160.1700   3216421.0
2017-06-29  160.21  158.6800   3588484.0
2017-06-30  159.60  159.9300   4667570.0
2017-07-03  160.21  158.8200   1995049.0
2017-07-05  158.93  158.0200   3694171.0
2017-07-06  161.11  157.0900   6860387.0
2017-07-07  157.36  154.1100   7607437.0
2017-07-10  153.51  151.0000   8807186.0
2017-07-11  151.45  151.1100   6105829.0
2017-07-12  151.46  151.7500   5026140.0
2017-07-13  153.23  153.6525   5662209.0
2017-07-14  154.26  153.0000   4327584.0
2017-07-17  153.00  152.8400   3086869.0
2017-07-18  152.61  151.5000   3248989.0
2017-07-19  151.81  151.2400   3573267.0
2017-07-20  151.47  150.9900   3164780.0
2017-07-21  150.94  150.4400   3918900.0
2017-07-24  150.45  151.0000   3613341.0
2017-07-25  151.41  153.1700   4573786.0
2017-07-26  153.41  152.0900   2960129.0
2017-07-27  152.01  152.5200   3594285.0
2017-07-28  152.67  152.8900   2743488.0
2017-07-31  153.08  158.5100   6869043.0
2017-08-01  159.10  159.7200   4739801.0
2017-08-02  159.13  161.2800   5459983.0
2017-08-03  161.61  157.9100   5513022.0
2017-08-04  158.34  156.4400   3107883.0
2017-08-08  157.10  157.7500   2560429.0
2017-08-09  157.14  156.8600   2110436.0
2017-08-10  156.17  156.6400   2706912.0
2017-08-11  156.51  156.6500   1875296.0
2017-08-14  157.59  157.9100   2014379.0
2017-08-15  158.00  156.8800   1844198.0
2017-08-16  157.28  159.7600   3359006.0
2017-08-17  158.48  158.5700   2578654.0
2017-08-18  157.98  157.0800   2735790.0
2017-08-21  157.19  157.0700   1856188.0
2017-08-22  157.53  158.7000   2195534.0
2017-08-23  158.62  159.3700   1699472.0
2017-08-24  160.00  151.3300  10195431.0
2017-08-25  152.37  152.4500   5695397.0
2017-08-28  151.90  152.5500   3746906.0
2017-08-29  152.38  153.5600   2436878.0
2017-08-30  153.71  154.4400   2438491.0
2017-08-31  156.22  156.7400   4546916.0
2017-09-01  157.59  158.2400   2832486.0
2017-09-05  157.96  159.1400   3409419.0
2017-09-06  159.19  158.8600   2780930.0
2017-09-07  158.97  159.2800   2456623.0
2017-09-08  158.37  157.3100   3358344.0
2017-09-11  157.89  157.3600   2409848.0
2017-09-12  157.67  160.0400   2962032.0
2017-09-13  160.14  162.9900   4189903.0
2017-09-14  162.68  162.3700   2458051.0
2017-09-15  162.24  162.3000   3633578.0
2017-09-18  162.18  160.9100   2009192.0
2017-09-19  160.96  161.5600   1765038.0
2017-09-20  161.51  162.8500   2405539.0
2017-09-21  162.93  161.4800   1702039.0
2017-09-22  160.90  161.2900   1529270.0
2017-09-25  160.83  162.3300   1772610.0
2017-09-26  162.71  164.0700   2272314.0
2017-09-27  164.49  164.4200   1891815.0
2017-09-28  164.47  163.9000   1677461.0
2017-09-29  163.90  164.2700   1786603.0
2017-10-02  164.92  165.8900   2262900.0
2017-10-03  166.32  165.0800   2795334.0
2017-10-04  165.23  165.2100   1911223.0
2017-10-05  165.86  167.0700   3750975.0
2017-10-06  159.00  157.0900  17929517.0
2017-10-09  157.01  154.6100   7007532.0
2017-10-10  155.67  156.8700   5150758.0
2017-10-11  157.30  157.8700   3828569.0
2017-10-12  157.87  157.2200   3590955.0
2017-10-13  157.42  159.8500   3617221.0
2017-10-16  159.38  158.8100   2451636.0
2017-10-17  159.00  158.3800   2420017.0
2017-10-18  158.84  157.5500   2972602.0
2017-10-19  157.14  158.4600   2869320.0
2017-10-20  158.97  160.7700   3933688.0
2017-10-23  160.85  162.0400   2774165.0
2017-10-24  161.16  162.2900   2962220.0
2017-10-25  161.00  162.1800   3531622.0
2017-10-26  162.46  162.4450   3032910.0
2017-10-27  160.80  162.3800   3377762.0
2017-10-30  161.99  160.2300   2485067.0
2017-10-31  159.84  161.0800   2491224.0
2017-11-01  161.97  162.6900   2105002.0
2017-11-02  163.73  164.9500   3236285.0
2017-11-03  164.16  166.4400   3111801.0
2017-11-06  165.80  165.0500   1909783.0
2017-11-07  165.20  166.2800   1909705.0
2017-11-09  167.48  169.1100   2078244.0
2017-11-10  168.44  171.3600   2671500.0
2017-11-13  171.00  171.4600   4091498.0
2017-11-14  170.82  171.4400   1767972.0
2017-11-15  169.30  169.0000   2427667.0
2017-11-16  170.23  170.9800   2312106.0
2017-11-17  171.00  170.9800   2086597.0
2017-11-20  171.11  172.2800   1921246.0
2017-11-21  172.96  173.4200   2346167.0
2017-11-22  173.84  172.4800   1947409.0
2017-11-24  172.38  171.6200    789620.0
2017-11-27  172.25  172.6100   2343632.0
2017-11-28  173.32  173.6500   2724708.0
2017-11-29  174.00  177.5300   4677200.0
2017-11-30  180.43  184.4300   7564251.0
2017-12-01  183.26  185.1300   4021840.0
2017-12-04  187.22  189.5600   5729567.0
2017-12-05  189.67  187.8200   3145142.0
2017-12-06  187.62  187.2200   3001757.0
2017-12-07  186.51  186.2000   2141375.0
2017-12-08  186.79  188.0700   1750225.0
2017-12-11  188.21  188.8600   1863816.0
2017-12-12  186.96  188.3000   3341613.0
2017-12-13  188.53  188.2800   3033636.0
2017-12-14  188.58  186.5300   3375984.0
2017-12-15  193.41  192.7300   7486459.0
2017-12-18  192.63  192.3100   3409533.0
2017-12-19  192.91  188.3300   3915171.0
2017-12-20  189.04  187.5100   3842762.0
2017-12-21  188.00  186.8000   1883465.0
2017-12-22  187.27  186.6300   1050419.0
2017-12-26  186.19  186.5500   1113717.0
2017-12-27  186.85  186.3000   1118426.0
2017-12-28  186.57  186.6200   1000524.0
2017-12-29  186.46  186.1200   2005446.0
2018-01-02  187.23  188.3200   2481462.0
2018-01-03  188.82  190.5800   3248856.0
2018-01-04  192.00  189.1000   3479308.0
2018-01-05  189.43  187.7500   2790428.0
2018-01-08  187.32  188.4800   1944173.0
2018-01-09  189.01  186.2900   2223821.0
2018-01-10  185.75  185.4200   2365724.0
2018-01-11  185.43  189.3800   4658720.0
2018-01-12  190.10  191.8400   3461246.0
2018-01-16  192.35  191.5300   1874205.0
2018-01-17  192.53  192.2900   2487241.0
2018-01-18  192.23  191.5100   1794274.0
2018-01-19  191.71  192.2900   2260654.0
2018-01-22  192.50  194.1900   2776216.0
2018-01-23  193.61  193.4200   2236724.0
2018-01-24  194.43  194.2400   2631846.0
2018-01-25  195.00  197.9500   3263598.0
2018-01-26  197.75  198.9100   2553280.0
2018-01-29  198.37  198.3200   1953880.0
2018-01-30  197.59  197.9100   2073280.0
2018-01-31  197.44  194.8700   2636752.0
2018-02-01  193.41  193.4700   1952079.0
2018-02-02  191.25  190.9900   2355465.0
2018-02-05  190.66  183.7100   2864261.0
2018-02-06  178.91  185.0100   3963330.0
2018-02-07  184.60  183.1900   2558056.0
2018-02-08  184.51  178.5600   2456120.0
2018-02-09  179.78  180.5900   2505935.0
2018-02-12  181.84  181.0600   1590150.0
2018-02-13  180.22  184.1500   2034895.0
2018-02-14  182.71  187.3500   2160284.0
2018-02-15  188.09  191.4800   2053489.0
2018-02-16  191.45  191.5600   1953304.0
2018-02-20  189.87  188.1200   2194898.0
2018-02-21  188.53  185.7500   1731772.0
2018-02-22  186.35  186.5900   1314028.0
2018-02-23  187.83  189.8100   1535824.0
2018-02-26  190.10  192.8100   1826549.0
2018-02-27  193.45  190.1000   2153789.0
2018-02-28  191.60  190.9000   2136542.0
2018-03-01  191.31  189.0300   2447672.0
2018-03-02  187.48  189.3300   2275923.0
2018-03-05  188.45  191.4800   2155785.0
2018-03-06  192.14  191.4600   2458710.0
2018-03-07  189.21  187.3600   5157114.0
2018-03-08  186.19  185.6900   5960713.0
2018-03-09  186.50  188.5800   3273279.0
2018-03-12  188.27  189.3700   2375530.0
2018-03-13  190.05  187.4600   1761196.0
2018-03-14  188.78  184.6300   2855897.0
2018-03-15  184.82  185.5100   1658292.0
2018-03-16  186.18  185.8700   3415226.0
2018-03-19  185.63  184.1800   2062743.0
2018-03-20  185.10  187.3500   1797614.0
2018-03-21  186.83  186.0700   2023645.0
2018-03-22  184.90  182.6400   2444300.0
2018-03-23  183.28  180.8400   2210112.0
2018-03-26  183.03  187.2200   1978626.0
2018-03-27  187.44  183.1500   2176795.0