date    open  close      volume
                                    
2016-01-04  22.060  22.25   7464481.0
2016-01-05  22.400  22.75   8259672.0
2016-01-06  22.230  22.39   6746191.0
2016-01-07  21.720  20.62  12775648.0
2016-01-08  20.830  20.49   8428641.0
2016-01-11  20.780  20.83   6309062.0
2016-01-12  21.090  21.13   7450284.0
2016-01-13  21.350  20.02   7829283.0
2016-01-14  20.020  20.27   7324875.0
2016-01-15  20.080  19.86  11495977.0
2016-01-19  20.300  19.63   7816311.0
2016-01-20  19.140  19.11  14078939.0
2016-01-21  19.160  19.02   6726300.0
2016-01-22  19.500  19.34   6052745.0
2016-01-25  19.400  18.89   4976022.0
2016-01-26  18.940  19.11   5805147.0
2016-01-27  19.220  19.47   7827110.0
2016-01-28  19.920  19.28  12525327.0
2016-01-29  19.470  20.08   8811566.0
2016-02-01  20.030  20.05   6807352.0
2016-02-02  19.810  19.09   7964216.0
2016-02-03  19.320  18.55   9291574.0
2016-02-04  18.630  18.77   7514575.0
2016-02-05  18.760  17.88  10225075.0
2016-02-08  17.700  16.87  13193234.0
2016-02-09  16.500  16.56   9303271.0
2016-02-10  16.750  17.17   9199363.0
2016-02-11  16.760  16.93   8621520.0
2016-02-12  17.340  18.11  11436780.0
2016-02-16  18.600  19.15  10125179.0
2016-02-17  19.270  20.07  13920515.0
2016-02-18  19.380  18.40  26316951.0
2016-02-19  18.230  18.06  15890787.0
2016-02-22  18.890  18.76  10261926.0
2016-02-23  18.650  18.22   6893448.0
2016-02-24  17.980  18.25   6524212.0
2016-02-25  18.300  18.34   7037252.0
2016-02-26  18.690  18.87   6825051.0
2016-02-29  18.870  18.93   5794290.0
2016-03-01  19.350  19.93   9276470.0
2016-03-02  20.090  20.27   7338509.0
2016-03-03  20.110  20.33   7424329.0
2016-03-04  20.380  19.81  10202665.0
2016-03-07  19.510  19.82   6150679.0
2016-03-08  19.520  19.33   8080187.0
2016-03-09  19.660  20.05   9833891.0
2016-03-10  20.200  20.34   6494230.0
2016-03-11  20.510  20.81   4855817.0
2016-03-14  20.730  20.94   4929403.0
2016-03-15  21.170  20.67   5183000.0
2016-03-16  20.660  21.20   6577324.0
2016-03-17  21.200  20.95   8795940.0
2016-03-18  21.450  21.42  11790696.0
2016-03-21  21.400  20.97   6711475.0
2016-03-22  20.820  21.24   4603562.0
2016-03-23  21.100  20.76   3596000.0
2016-03-24  20.510  20.52   7017697.0
2016-03-28  20.520  20.45   5422510.0
2016-03-29  20.590  21.22   8404017.0
2016-03-30  21.480  21.29   7181479.0
2016-03-31  21.260  21.44   4851402.0
2016-04-01  21.160  21.92   6238410.0
2016-04-04  21.820  21.62   5648850.0
2016-04-05  21.310  21.27   5079603.0
2016-04-06  20.990  21.36   8746007.0
2016-04-07  21.490  21.67   9710399.0
2016-04-08  22.020  22.39  12676343.0
2016-04-11  22.600  22.06   7688137.0
2016-04-12  22.070  22.65   6212465.0
2016-04-13  22.900  23.10   6324000.0
2016-04-14  23.230  22.81   6437373.0
2016-04-15  22.820  22.79   2723192.0
2016-04-18  22.570  22.87   5098379.0
2016-04-19  23.090  23.03   8552854.0
2016-04-20  23.050  22.79   8980386.0
2016-04-21  22.380  22.29   7889018.0
2016-04-22  22.220  22.17   5316366.0
2016-04-25  22.170  21.76   4144997.0
2016-04-26  21.810  21.84   3837609.0
2016-04-27  21.700  21.93   3947713.0
2016-04-28  21.780  21.35   4407671.0
2016-04-29  21.370  21.30   4878488.0
2016-05-02  21.570  21.67   4147162.0
2016-05-03  21.410  21.44   4000578.0
2016-05-04  21.140  21.47   8017710.0
2016-05-05  21.600  21.87  14302886.0
2016-05-06  21.800  22.01   7152595.0
2016-05-09  21.820  21.85   5272586.0
2016-05-10  21.910  22.58   5457698.0
2016-05-11  22.470  22.01   5639450.0
2016-05-12  22.070  21.94   4816407.0
2016-05-13  21.800  21.63   4295581.0
2016-05-16  21.790  22.08   3590736.0
2016-05-17  22.060  21.98   4288389.0
2016-05-18  21.850  21.70   5156762.0
2016-05-19  21.540  21.51   5752209.0
2016-05-20  21.510  21.76   4398304.0
2016-05-23  21.800  22.13   4103746.0
2016-05-24  22.350  22.67   4942992.0
2016-05-25  22.770  22.80   3306571.0
2016-05-26  22.900  22.51   3751875.0
2016-05-27  22.470  22.93   3238365.0
2016-05-31  23.000  22.85   5834690.0
2016-06-01  22.680  23.42   6779167.0
2016-06-02  23.370  24.10   7801457.0
2016-06-03  24.000  24.06   5551680.0
2016-06-06  24.000  24.40   6331922.0
2016-06-07  24.340  24.65   9880538.0
2016-06-08  24.780  24.97   6752090.0
2016-06-09  24.840  25.09   6171555.0
2016-06-10  24.760  24.55   6472255.0
2016-06-13  24.300  24.12  10144042.0
2016-06-14  24.000  24.05   9986783.0
2016-06-15  24.120  24.52  15172605.0
2016-06-16  24.350  24.16   7070263.0
2016-06-17  24.680  24.61  11752838.0
2016-06-20  25.080  24.28   7619450.0
2016-06-21  24.330  24.53   5141140.0
2016-06-22  24.600  24.32   4502282.0
2016-06-23  24.600  24.48   5106324.0
2016-06-24  23.370  22.91  16058842.0
2016-06-27  22.580  21.54  15447071.0
2016-06-28  21.980  22.09   7098377.0
2016-06-29  22.390  22.74   5400489.0
2016-06-30  22.860  22.63   6277048.0
2016-07-01  22.700  22.78   4066848.0
2016-07-05  22.510  22.55   4630014.0
2016-07-06  22.380  22.95   5352418.0
2016-07-07  23.000  22.98   5092729.0
2016-07-08  23.180  22.96   7903611.0
2016-07-11  23.220  22.99   6635422.0
2016-07-12  23.250  23.27   6395493.0
2016-07-13  23.360  23.13   6249665.0
2016-07-14  23.450  23.29   4602517.0
2016-07-15  23.430  23.34   4995991.0
2016-07-18  23.440  23.39   5466097.0
2016-07-19  23.280  23.15   5117376.0
2016-07-20  23.250  23.50   4054163.0
2016-07-21  23.500  23.17   3845675.0
2016-07-22  23.170  23.19   4713818.0
2016-07-25  23.200  23.32   4461062.0
2016-07-26  23.680  24.01   8031920.0
2016-07-27  24.020  23.82   5781339.0
2016-07-28  23.720  24.23   6097458.0
2016-07-29  23.710  23.98   6200189.0
2016-08-01  23.980  23.96   5359464.0
2016-08-02  24.160  23.80   6798259.0
2016-08-03  23.620  23.78   6063302.0
2016-08-04  24.360  24.06   9745688.0
2016-08-05  24.370  24.45   7309691.0
2016-08-08  24.590  24.64   3786942.0
2016-08-09  24.710  24.90   5293217.0
2016-08-10  24.930  24.63   4860463.0
2016-08-11  24.730  24.89   4151825.0
2016-08-12  24.750  24.50   4067590.0
2016-08-15  24.650  24.84   3567642.0
2016-08-16  24.700  24.49   4827182.0
2016-08-17  24.440  24.43   2906721.0
2016-08-18  24.500  24.36   2730761.0
2016-08-19  24.180  24.16   3155812.0
2016-08-22  24.120  24.23   3412600.0
2016-08-23  24.320  24.31   3743149.0
2016-08-24  24.220  23.55   6680017.0
2016-08-25  23.470  23.66   4536978.0
2016-08-26  23.680  23.76   4589963.0
2016-08-29  23.720  23.76   3079619.0
2016-08-30  23.840  23.81   2659362.0
2016-08-31  23.810  23.89   3757009.0
2016-09-01  24.290  24.65   9785701.0
2016-09-02  24.760  24.58   3267909.0
2016-09-06  24.580  24.72   3516448.0
2016-09-07  24.780  25.17   5212022.0
2016-09-08  25.470  25.30   4449658.0
2016-09-09  25.120  24.76   4884718.0
2016-09-12  24.530  25.08   6006977.0
2016-09-13  24.860  24.86   6775802.0
2016-09-14  24.890  25.22   6036037.0
2016-09-15  25.270  25.54   6039027.0
2016-09-16  25.540  25.44   4792084.0
2016-09-19  25.560  24.94   6182847.0
2016-09-20  25.030  24.97   3260588.0
2016-09-21  25.080  25.08   3926587.0
2016-09-22  25.280  25.79   5946106.0
2016-09-23  25.520  25.65   8546909.0
2016-09-26  25.450  25.36   2999075.0
2016-09-27  25.360  25.57   3652855.0
2016-09-28  25.670  26.35   6874191.0
2016-09-29  26.370  25.85   8834659.0
2016-09-30  25.680  26.03   6088380.0
2016-10-03  26.330  26.19   3866272.0
2016-10-04  26.330  26.23   3985735.0
2016-10-05  26.350  26.64   7176470.0
2016-10-06  26.960  26.80   5438421.0
2016-10-07  26.760  26.42   3767215.0
2016-10-10  26.540  26.79   5978406.0
2016-10-11  26.890  26.55   3128767.0
2016-10-12  26.540  26.33   2317282.0
2016-10-13  25.990  26.06   3990957.0
2016-10-14  26.240  25.75   3806401.0
2016-10-17  25.320  25.98   4071448.0
2016-10-18  26.310  25.86   2572212.0
2016-10-19  25.820  26.09   3431687.0
2016-10-20  26.040  26.12   3466738.0
2016-10-21  26.090  26.10   3255740.0
2016-10-24  26.310  26.28   2980512.0
2016-10-25  26.230  26.08   5219533.0
2016-10-26  26.030  26.13   3654001.0
2016-10-27  26.190  25.98   5279227.0
2016-10-28  25.910  26.07   4473895.0
2016-10-31  26.180  26.17   3605703.0
2016-11-01  26.650  26.40   9406043.0
2016-11-02  26.350  25.94   6791473.0
2016-11-03  25.980  25.77   5990240.0
2016-11-04  26.080  26.41  11220605.0
2016-11-07  28.080  27.18  19040049.0
2016-11-08  27.280  28.00  13465551.0
2016-11-09  27.750  28.32  10960588.0
2016-11-10  28.570  27.87   9536619.0
2016-11-11  27.680  27.50   7367048.0
2016-11-14  27.440  27.37   9510519.0
2016-11-15  27.420  27.83   7372888.0
2016-11-16  27.750  27.71   5723988.0
2016-11-17  27.840  28.03   6986193.0
2016-11-18  28.200  28.43   9823478.0
2016-11-21  29.120  28.97  10263831.0
2016-11-22  28.650  28.71   7083660.0
2016-11-23  28.630  28.47   4122690.0
2016-11-25  28.480  28.67   1660346.0
2016-11-28  28.780  28.73   8285637.0
2016-11-29  28.720  28.87   8355530.0
2016-11-30  29.080  28.71   7429691.0
2016-12-01  28.710  28.52   8466043.0
2016-12-02  28.370  29.01   8671480.0
2016-12-05  29.310  28.97   7050020.0
2016-12-06  29.240  29.63   8575607.0
2016-12-07  29.900  29.95   5552523.0
2016-12-08  29.930  28.65  27901014.0
2016-12-09  29.750  29.27  15863907.0
2016-12-12  29.530  29.19   7093820.0
2016-12-13  29.990  29.79  11258331.0
2016-12-14  29.640  29.72  10257456.0
2016-12-15  29.700  28.97   8584520.0
2016-12-16  29.320  28.86   8520689.0
2016-12-19  28.830  28.59   4703566.0
2016-12-20  28.810  28.63   4386968.0
2016-12-21  28.630  29.28   6508997.0
2016-12-22  29.280  29.33   3627962.0
2016-12-23  29.290  29.36   2587064.0
2016-12-27  29.340  29.01   2730020.0
2016-12-28  29.000  28.72   3494565.0
2016-12-29  28.620  28.50   3693050.0
2016-12-30  28.630  28.83   5461231.0
2017-01-03  29.010  29.48   9439195.0
2017-01-04  29.520  29.46   6330632.0
2017-01-05  29.650  29.37   8587124.0
2017-01-06  29.370  29.52   6989539.0
2017-01-09  29.710  29.16   5893400.0
2017-01-10  29.290  29.62  11879526.0
2017-01-11  29.500  29.03   9595209.0
2017-01-12  28.860  28.63   6311993.0
2017-01-13  28.730  28.62   8786605.0
2017-01-17  28.450  28.66   6966129.0
2017-01-18  28.560  28.61   3839876.0
2017-01-19  28.710  28.69   4820921.0
2017-01-20  28.850  28.74   5371778.0
2017-01-23  28.730  28.50   6588065.0
2017-01-24  28.590  29.01   4468015.0
2017-01-25  29.310  29.60   7275696.0
2017-01-26  29.480  29.48   4955539.0
2017-01-27  29.800  29.79   5812246.0
2017-01-30  29.620  29.11   5633750.0
2017-01-31  29.010  28.80   5479724.0
2017-02-01  28.760  28.56   6986942.0
2017-02-02  28.520  28.80   6200467.0
2017-02-03  28.930  28.86   3781195.0
2017-02-06  28.930  29.05   6694787.0
2017-02-07  29.080  28.56   5338430.0
2017-02-08  28.520  28.64   3298707.0
2017-02-09  28.660  28.62   4931354.0
2017-02-10  28.680  28.53   4791305.0
2017-02-13  28.730  29.16  10158933.0
2017-02-14  29.440  28.65   9169321.0
2017-02-15  28.660  29.60  14333028.0
2017-02-16  28.040  26.86  49246857.0
2017-02-17  26.500  26.60  20854408.0
2017-02-21  26.620  26.95  12650295.0
2017-02-22  26.970  26.46   9682320.0
2017-02-23  26.580  26.18  10040992.0
2017-02-24  26.100  26.39  11647282.0
2017-02-27  26.450  26.47   8026766.0
2017-02-28  26.390  26.29   8230919.0
2017-03-01  27.070  26.83   9781250.0
2017-03-02  26.740  26.31   7705111.0
2017-03-03  26.220  26.46   6844683.0
2017-03-06  26.420  26.55   6478756.0
2017-03-07  26.370  25.74  23494502.0
2017-03-08  25.800  25.68  12078975.0
2017-03-09  25.530  25.43   7790571.0
2017-03-10  25.560  25.50   6840763.0
2017-03-13  25.610  25.95   6783580.0
2017-03-14  25.950  26.35   7634198.0
2017-03-15  26.500  26.82  10563811.0
2017-03-16  26.750  26.79  10592719.0
2017-03-17  26.950  27.58  15365616.0
2017-03-20  27.430  26.62  19573325.0
2017-03-21  26.700  26.13  17554753.0
2017-03-22  26.040  26.03   7313909.0
2017-03-23  26.020  25.92   6979294.0
2017-03-24  26.070  25.71  11061581.0
2017-03-27  25.250  26.58  12583993.0
2017-03-28  26.650  27.17  12824460.0
2017-03-29  27.130  27.29   6146911.0
2017-03-30  27.360  27.33   4714815.0
2017-03-31  27.170  27.40   7166641.0
2017-04-03  27.740  27.75  10087340.0
2017-04-04  27.680  27.82   5159625.0
2017-04-05  27.990  27.60   7249261.0
2017-04-06  27.560  28.43  11886800.0
2017-04-07  28.270  28.11   6968689.0
2017-04-10  28.080  27.77   7840602.0
2017-04-11  27.680  27.71   6584672.0
2017-04-12  27.690  27.57   3059522.0
2017-04-13  27.530  27.19   4846447.0
2017-04-17  27.350  27.12   7895968.0
2017-04-18  27.120  27.75   9329473.0
2017-04-19  27.890  28.02   9310993.0
2017-04-20  28.180  28.46   7262801.0
2017-04-21  28.560  28.41   6541301.0
2017-04-24  28.630  29.00  14538393.0
2017-04-25  29.220  29.35  11969756.0
2017-04-26  29.670  29.79  12632249.0
2017-04-27  30.170  31.01  16425241.0
2017-04-28  31.280  30.71   8241272.0
2017-05-01  30.790  30.97   5673954.0
2017-05-02  31.000  30.96   5667082.0
2017-05-03  30.950  31.11   5454247.0
2017-05-04  31.020  30.72   5634379.0
2017-05-05  30.450  30.85   4775170.0
2017-05-08  30.510  30.42   8089699.0
2017-05-09  30.610  30.96   6145129.0
2017-05-10  30.920  31.23   6476713.0
2017-05-11  31.090  30.98   5600602.0
2017-05-12  30.840  31.15   5618563.0
2017-05-15  31.170  31.68   8029754.0
2017-05-16  31.770  32.20   8725425.0
2017-05-17  31.720  31.15   8994698.0
2017-05-18  30.600  30.96   7027170.0
2017-05-19  31.180  31.25   5537172.0
2017-05-22  31.500  31.57  10610915.0
2017-05-23  31.680  31.30   7747711.0
2017-05-24  31.180  31.19   5507114.0
2017-05-25  31.230  31.60   5469752.0
2017-05-26  31.570  31.82   3606136.0
2017-05-30  31.800  31.87   4560444.0
2017-05-31  32.000  31.72   5552578.0
2017-06-01  32.050  32.26   6953540.0
2017-06-02  32.420  32.52   6192052.0
2017-06-05  32.490  32.19   7057318.0
2017-06-06  32.190  32.49   6017459.0
2017-06-07  32.440  32.76   7207245.0
2017-06-08  32.720  32.77   3617841.0
2017-06-09  32.750  31.98   5318236.0
2017-06-12  31.800  31.59  11437899.0
2017-06-13  31.850  32.09   4539774.0
2017-06-14  32.350  32.35   4912169.0
2017-06-15  32.050  32.58   6067541.0
2017-06-16  32.590  32.61   4422240.0
2017-06-19  32.840  33.15   7382836.0
2017-06-20  33.220  33.18   4903732.0
2017-06-21  33.280  32.96   3112201.0
2017-06-22  32.910  33.25   3158970.0
2017-06-23  33.350  34.16   7611134.0
2017-06-26  34.190  33.85   7751571.0
2017-06-27  33.910  33.73   8727022.0
2017-06-28  33.890  33.70   7727385.0
2017-06-29  33.700  32.89   7166735.0
2017-06-30  31.940  31.29  17856389.0
2017-07-03  31.020  30.56   7346840.0
2017-07-05  30.660  30.98   7556454.0
2017-07-06  30.850  30.30   4994046.0
2017-07-07  30.320  30.84   5695111.0
2017-07-10  30.830  31.18   5192694.0
2017-07-11  31.340  31.43   6192400.0
2017-07-12  31.660  31.74   3762003.0
2017-07-13  31.850  31.93   4893715.0
2017-07-14  31.310  31.91   7421780.0
2017-07-17  31.880  31.85   4302703.0
2017-07-18  31.860  32.55   6066505.0
2017-07-19  32.550  32.79   7468467.0
2017-07-20  33.500  33.73  26664855.0
2017-07-21  33.770  34.03  18618523.0
2017-07-24  34.110  33.99  15250196.0
2017-07-25  34.080  34.27  91274597.0
2017-07-26  34.110  33.87  20872916.0
2017-07-27  33.800  33.39  25097435.0
2017-07-28  33.320  33.14   8522605.0
2017-07-31  33.110  32.93   8234135.0
2017-08-01  32.850  32.41  11991994.0
2017-08-02  32.420  31.98   9428787.0
2017-08-03  31.990  31.56  10020800.0
2017-08-04  31.590  31.79   6720620.0
2017-08-07  31.930  31.86   5745449.0
2017-08-08  31.860  31.55   6523163.0
2017-08-09  31.360  31.49   6860759.0
2017-08-10  31.220  30.51   6905107.0
2017-08-11  30.500  30.59   5399658.0
2017-08-14  30.940  30.99   5791959.0
2017-08-15  31.120  31.59   7760860.0
2017-08-16  31.720  31.30   5808076.0
2017-08-17  31.180  30.51   6268905.0
2017-08-18  30.460  30.71   6365577.0
2017-08-21  30.800  31.11   6176156.0
2017-08-22  31.400  31.60   5746268.0
2017-08-23  31.260  31.32   6169898.0
2017-08-24  31.390  31.55   3207422.0
2017-08-25  31.600  31.83   4724412.0
2017-08-28  31.820  31.69   5614986.0
2017-08-29  31.520  32.04   3583335.0
2017-08-30  32.050  32.12   5271975.0
2017-08-31  32.250  32.96  10558470.0
2017-09-01  33.160  33.21   5281513.0
2017-09-05  33.150  33.14   9708421.0
2017-09-06  33.430  33.77   8608344.0
2017-09-07  34.000  33.99  11237066.0
2017-09-08  33.900  33.25   7453296.0
2017-09-11  32.980  33.08  12181664.0
2017-09-12  33.090  32.75  10523633.0
2017-09-13  32.710  32.59   6313428.0
2017-09-14  32.750  32.06   9585520.0
2017-09-15  32.000  31.92  13291235.0
2017-09-18  32.050  31.68   8447674.0
2017-09-19  31.810  32.56   8372859.0
2017-09-20  32.560  33.08   7619164.0
2017-09-21  33.090  33.06   5732862.0
2017-09-22  32.970  32.38   3925494.0
2017-09-25  32.220  31.94   4750876.0
2017-09-26  32.090  32.16   3449760.0
2017-09-27  32.390  32.46   5393246.0
2017-09-28  32.360  32.34   4951491.0
2017-09-29  32.340  32.59   5344434.0
2017-10-02  31.350  30.77  37621543.0
2017-10-03  30.890  30.85  23261645.0
2017-10-04  30.950  30.75  11169673.0
2017-10-05  30.840  30.90   9553898.0
2017-10-06  30.710  30.81   8093399.0
2017-10-09  30.710  30.81   9077401.0
2017-10-10  31.050  30.43   7440041.0
2017-10-11  30.400  30.90   8513196.0
2017-10-12  30.790  30.07  11892328.0
2017-10-13  30.030  29.74  12218927.0
2017-10-16  29.660  29.69   8025759.0
2017-10-17  29.690  30.49   8604904.0
2017-10-18  30.200  30.44   7650168.0
2017-10-19  30.110  30.48   4290580.0
2017-10-20  30.900  31.03   6731413.0
2017-10-23  31.000  30.90   7144673.0
2017-10-24  31.000  31.22   7336559.0
2017-10-25  31.200  30.98   5613465.0
2017-10-26  31.130  30.83   5558286.0
2017-10-27  31.090  31.25   6137346.0
2017-10-30  31.080  30.57   4594296.0
2017-10-31  30.880  31.35   5199343.0
2017-11-01  31.900  30.82   8924562.0
2017-11-02  30.830  30.71   5471622.0
2017-11-03  30.730  31.26   5294397.0
2017-11-06  31.280  31.71   5072036.0
2017-11-07  31.930  31.46   7921423.0
2017-11-09  32.710  32.75   8710230.0
2017-11-10  32.690  32.88   5677982.0
2017-11-13  32.680  33.06   6112048.0
2017-11-14  32.800  32.85   6845515.0
2017-11-15  32.670  32.89   4915424.0
2017-11-16  33.000  33.00   4661075.0
2017-11-17  32.940  33.00   4517868.0
2017-11-20  33.200  33.18   6071648.0
2017-11-21  33.310  33.34   6418918.0
2017-11-22  33.480  33.45   4370382.0
2017-11-24  33.470  33.89   1630932.0
2017-11-27  33.770  33.67   5550641.0
2017-11-28  33.660  33.25   6090251.0
2017-11-29  33.400  33.65   5513170.0
2017-11-30  33.580  34.12   8349995.0
2017-12-01  34.140  34.02   8100094.0
2017-12-04  34.370  34.22   6333361.0
2017-12-05  33.790  33.94   7897161.0
2017-12-06  33.830  33.10   9225999.0
2017-12-07  33.160  33.34   8713386.0
2017-12-08  33.360  33.18   8874205.0
2017-12-11  33.530  33.34   7384163.0
2017-12-12  33.400  32.71   7857110.0
2017-12-13  32.960  33.16   9444206.0
2017-12-14  33.290  32.83   7507194.0
2017-12-15  32.880  32.88  11703423.0
2017-12-18  33.105  32.95   7694698.0
2017-12-19  33.110  32.84   8376666.0
2017-12-20  33.120  33.16   5382987.0
2017-12-21  33.320  33.73   6780818.0
2017-12-22  33.530  33.34   3518015.0
2017-12-26  33.330  33.35   1633931.0
2017-12-27  33.320  33.71   4674750.0
2017-12-28  33.730  33.63   6552863.0
2017-12-29  33.710  33.39   3579159.0
2018-01-02  32.990  33.51   5446404.0
2018-01-03  33.480  33.33   4211162.0
2018-01-04  33.440  33.66   4617479.0
2018-01-05  33.660  33.89   7227593.0
2018-01-08  33.850  33.10   7143956.0
2018-01-09  33.740  33.63   8737794.0
2018-01-10  33.440  33.92   5981505.0
2018-01-11  33.940  35.11   7495186.0
2018-01-12  35.150  35.03   6020575.0
2018-01-16  35.670  36.03  11974570.0
2018-01-17  36.250  36.54   9407896.0
2018-01-18  36.400  36.07   6006149.0
2018-01-19  36.360  36.35   5961921.0
2018-01-22  36.700  37.12   9456829.0
2018-01-23  37.090  37.02   5105403.0
2018-01-24  36.900  37.63   6763083.0
2018-01-25  36.860  36.81   7804457.0
2018-01-26  37.020  37.05   6609218.0
2018-01-29  37.000  38.03  15481716.0
2018-01-30  37.650  37.11  14455897.0
2018-01-31  37.210  36.45  12813886.0
2018-02-01  36.490  36.83   6119287.0
2018-02-02  36.320  35.58   8366099.0
2018-02-05  35.100  34.47   8899913.0
2018-02-06  33.690  34.88   9391012.0
2018-02-07  34.820  34.68   6571291.0
2018-02-08  34.690  33.50  10891662.0
2018-02-09  33.660  33.43  17940210.0
2018-02-12  33.750  33.20   9404268.0
2018-02-13  33.350  33.13   8750438.0
2018-02-14  32.890  34.44  12986553.0
2018-02-15  34.750  35.00   9129388.0
2018-02-16  34.850  34.47   8278483.0
2018-02-20  33.000  34.71  14114655.0
2018-02-21  34.930  34.40   7417574.0
2018-02-22  34.660  34.51   5138575.0
2018-02-23  34.630  35.38   4415690.0
2018-02-26  35.450  35.33   4759421.0
2018-02-27  35.480  34.27   6048449.0
2018-02-28  34.360  34.23   6813948.0
2018-03-01  34.310  33.28   9505179.0
2018-03-02  32.940  33.73  11015608.0
2018-03-05  33.550  33.85   8278532.0
2018-03-06  34.080  34.75   7489143.0
2018-03-07  34.300  34.86   5511686.0
2018-03-08  35.310  35.91   6760267.0
2018-03-09  36.030  36.79   7616719.0
2018-03-12  36.830  36.77   5269329.0
2018-03-13  37.000  35.79   6539339.0
2018-03-14  35.910  35.69   4563174.0
2018-03-15  35.750  35.68   3320093.0
2018-03-16  35.760  35.99   4360049.0
2018-03-19  36.030  36.28  12572151.0
2018-03-20  36.210  36.73   5711521.0
2018-03-21  36.710  36.12   9123184.0
2018-03-22  35.460  34.53   7391396.0
2018-03-23  34.570  33.26  12063228.0
2018-03-26  33.780  34.92  12611824.0
2018-03-27  35.280  34.86   9496053.0