date    open   close       volume
                                      
2016-01-04  53.090  52.910   25984432.0
2016-01-05  52.930  52.890   14743907.0
2016-01-06  52.120  51.880   20026324.0
2016-01-07  51.010  50.400   30424116.0
2016-01-08  50.800  49.560   22978854.0
2016-01-11  50.180  50.090   19046359.0
2016-01-12  50.880  51.360   28960038.0
2016-01-13  51.730  49.730   22013526.0
2016-01-14  50.080  50.640   24568522.0
2016-01-15  48.590  48.820   40626805.0
2016-01-19  49.250  48.210   29917912.0
2016-01-20  47.280  47.870   40240541.0
2016-01-21  48.030  48.010   24271582.0
2016-01-22  49.030  49.020   18297421.0
2016-01-25  48.910  47.660   23438293.0
2016-01-26  47.750  48.260   18892103.0
2016-01-27  48.300  48.570   20438628.0
2016-01-28  49.100  48.920   21306136.0
2016-01-29  49.290  50.230   25357936.0
2016-02-01  50.120  49.940   17385376.0
2016-02-02  49.260  48.830   25591364.0
2016-02-03  48.450  47.600   47149080.0
2016-02-04  47.400  48.250   30851278.0
2016-02-05  48.350  47.860   23733581.0
2016-02-08  47.110  46.500   31170403.0
2016-02-09  45.610  46.450   29890189.0
2016-02-10  46.880  46.170   19876814.0
2016-02-11  44.930  45.160   32566208.0
2016-02-12  45.960  47.310   28532586.0
2016-02-16  48.050  48.240   20408799.0
2016-02-17  48.650  48.130   18060070.0
2016-02-18  48.090  47.730   17162729.0
2016-02-19  47.400  48.090   18234752.0
2016-02-22  48.830  49.190   17572555.0
2016-02-23  48.870  48.100   15223380.0
2016-02-24  47.340  47.610   18594416.0
2016-02-25  47.710  47.750   16646090.0
2016-02-26  48.130  48.070   20325076.0
2016-02-29  48.030  46.920   24015956.0
2016-03-01  47.140  48.720   24754015.0
2016-03-02  48.840  49.570   18666195.0
2016-03-03  49.630  49.770   14266779.0
2016-03-04  50.010  50.110   18685382.0
2016-03-07  49.770  50.070   14385701.0
2016-03-08  49.610  49.050   17967963.0
2016-03-09  49.380  48.790   17920105.0
2016-03-10  48.940  48.510   18542677.0
2016-03-11  49.120  50.070   18318015.0
2016-03-14  49.970  49.880   12803930.0
2016-03-15  49.300  49.980   12945605.0
2016-03-16  49.750  49.540   16629748.0
2016-03-17  49.430  49.730   16002267.0
2016-03-18  50.440  50.540   35811968.0
2016-03-21  50.500  50.670   13543032.0
2016-03-22  50.210  50.370   13906976.0
2016-03-23  50.180  49.760   13647680.0
2016-03-24  49.020  48.900   20869630.0
2016-03-28  49.040  48.700   18476528.0
2016-03-29  48.620  48.050   24459483.0
2016-03-30  48.400  48.650   16792711.0
2016-03-31  48.600  48.360   16397511.0
2016-04-01  48.230  48.450   14320991.0
2016-04-04  48.420  48.500   12110231.0
2016-04-05  48.080  47.510   18295818.0
2016-04-06  47.390  48.080   17209156.0
2016-04-07  47.710  46.930   17591997.0
2016-04-08  47.350  47.070   12234270.0
2016-04-11  47.110  47.030   15105431.0
2016-04-12  47.140  47.770   18762810.0
2016-04-13  48.290  49.030   26306867.0
2016-04-14  48.300  48.790   30065095.0
2016-04-15  48.620  48.250   24885090.0
2016-04-18  47.970  48.840   18224921.0
2016-04-19  49.010  49.880   18672283.0
2016-04-20  49.980  50.450   22645050.0
2016-04-21  50.550  50.050   20254140.0
2016-04-22  50.050  50.620   16365438.0
2016-04-25  50.310  50.510   11689131.0
2016-04-26  50.510  50.920   13332267.0
2016-04-27  50.870  50.930   15342749.0
2016-04-28  50.510  50.410   15505347.0
2016-04-29  50.460  49.980   17885797.0
2016-05-02  50.280  50.590   14780296.0
2016-05-03  49.860  50.000   16246390.0
2016-05-04  49.060  48.940   22400305.0
2016-05-05  48.970  48.960   15953295.0
2016-05-06  48.710  49.020   14189515.0
2016-05-09  49.020  48.880   13876973.0
2016-05-10  49.000  49.400   14228062.0
2016-05-11  49.360  49.080   17344142.0
2016-05-12  49.340  49.200   13589577.0
2016-05-13  49.100  48.240   25251136.0
2016-05-16  48.120  48.270   19655303.0
2016-05-17  48.140  47.620   21495090.0
2016-05-18  47.680  48.650   30028165.0
2016-05-19  48.440  48.380   13604146.0
2016-05-20  48.620  48.750   13222762.0
2016-05-23  48.760  48.700   10643944.0
2016-05-24  49.050  49.200   16596109.0
2016-05-25  49.580  50.500   22482241.0
2016-05-26  50.520  50.550   14980249.0
2016-05-27  50.600  50.850   13430066.0
2016-05-31  51.020  50.720   19723409.0
2016-06-01  50.260  51.000   16774275.0
2016-06-02  50.960  51.110   14206658.0
2016-06-03  50.170  50.190   25452370.0
2016-06-06  50.240  50.490   14528022.0
2016-06-07  50.730  50.270   15310077.0
2016-06-08  50.250  50.000   18168540.0
2016-06-09  49.650  49.140   19464258.0
2016-06-10  48.490  48.340   16815315.0
2016-06-13  48.130  47.970   16149555.0
2016-06-14  47.860  46.880   25309060.0
2016-06-15  47.270  46.780   20141373.0
2016-06-16  46.470  46.850   15619171.0
2016-06-17  46.850  46.600   25661279.0
2016-06-20  47.490  46.930   19490106.0
2016-06-21  47.290  47.230   11731525.0
2016-06-22  47.150  46.970   17071624.0
2016-06-23  47.640  47.910   16257423.0
2016-06-24  45.760  45.710   46742098.0
2016-06-27  45.200  45.010   35094392.0
2016-06-28  45.890  46.100   27524815.0
2016-06-29  46.630  46.970   20856371.0
2016-06-30  47.240  47.330   22538811.0
2016-07-01  47.080  47.030   19010384.0
2016-07-05  46.700  46.210   22212530.0
2016-07-06  45.890  46.650   19023912.0
2016-07-07  46.580  46.800   17946194.0
2016-07-08  47.450  47.790   19775669.0
2016-07-11  48.100  48.080   16008040.0
2016-07-12  48.420  48.350   15065447.0
2016-07-13  48.310  48.270   14386174.0
2016-07-14  49.050  48.940   17559801.0
2016-07-15  48.850  47.710   35092725.0
2016-07-18  47.810  48.280   24127198.0
2016-07-19  48.080  48.370   15982424.0
2016-07-20  48.590  48.610   16561316.0
2016-07-21  48.650  48.300   15922359.0
2016-07-22  48.320  48.320   13588537.0
2016-07-25  48.240  48.120   12122176.0
2016-07-26  48.030  47.970   16129312.0
2016-07-27  47.950  48.000   17886063.0
2016-07-28  47.940  48.130   12562560.0
2016-07-29  47.950  47.970   13111473.0
2016-08-01  47.980  47.810   16026545.0
2016-08-02  47.660  47.700   17033061.0
2016-08-03  47.330  47.570   14913525.0
2016-08-04  47.600  47.840   14661935.0
2016-08-05  48.390  48.680   19064723.0
2016-08-08  48.780  48.910   14871401.0
2016-08-09  49.020  48.930   10449765.0
2016-08-10  48.820  48.180   16782739.0
2016-08-11  48.230  48.240   14614072.0
2016-08-12  48.050  47.900   13226913.0
2016-08-15  48.050  48.270   11758906.0
2016-08-16  48.160  48.440   13957611.0
2016-08-17  48.370  48.610   13062807.0
2016-08-18  48.500  48.530   12189198.0
2016-08-19  48.440  48.650   12557426.0
2016-08-22  48.640  48.630    9212563.0
2016-08-23  48.640  48.410   15430042.0
2016-08-24  48.500  48.630   16271351.0
2016-08-25  48.620  48.380   13640918.0
2016-08-26  48.580  48.510   15527260.0
2016-08-29  48.750  49.560   21198948.0
2016-08-30  49.730  50.620   25051911.0
2016-08-31  50.700  50.800   24533587.0
2016-09-01  50.920  50.430   17017066.0
2016-09-02  50.450  50.550   12683750.0
2016-09-06  50.560  49.990   21828814.0
2016-09-07  49.790  49.770   12437161.0
2016-09-08  49.810  49.900   14169243.0
2016-09-09  49.490  48.720   32147152.0
2016-09-12  48.370  48.540   35588431.0
2016-09-13  47.800  46.960   59000513.0
2016-09-14  47.080  46.520   44835343.0
2016-09-15  46.120  46.150   61187481.0
2016-09-16  45.700  45.430   51868130.0
2016-09-19  45.620  46.010   33558931.0
2016-09-20  47.150  46.560   51497682.0
2016-09-21  46.510  45.830   64530229.0
2016-09-22  45.830  45.720   36961464.0
2016-09-23  45.500  45.740   28708363.0
2016-09-26  45.370  44.880   30932731.0
2016-09-27  44.790  45.090   24359007.0
2016-09-28  45.360  45.310   28212600.0
2016-09-29  45.190  44.370   45251389.0
2016-09-30  44.330  44.280   54101111.0
2016-10-03  44.120  43.830   38191953.0
2016-10-04  43.620  43.750   44008293.0
2016-10-05  43.830  44.990   40458953.0
2016-10-06  45.180  45.180   29877008.0
2016-10-07  45.200  45.330   24893428.0
2016-10-10  45.700  45.650   21804917.0
2016-10-11  45.800  45.450   25440504.0
2016-10-12  45.510  45.320   21738972.0
2016-10-13  45.240  44.750   44174614.0
2016-10-14  45.170  44.710   45416582.0
2016-10-17  44.540  44.500   18861278.0
2016-10-18  44.750  44.950   23877562.0
2016-10-19  44.860  45.260   26976973.0
2016-10-20  44.970  44.930   27208098.0
2016-10-21  44.740  45.090   21490316.0
2016-10-24  45.450  45.520   19303138.0
2016-10-25  45.470  45.720   20401017.0
2016-10-26  45.460  46.150   25180857.0
2016-10-27  46.420  46.410   25661020.0
2016-10-28  46.570  46.230   20881042.0
2016-10-31  46.400  46.010   20115686.0
2016-11-01  46.120  45.990   20019946.0
2016-11-02  45.380  45.240   19564293.0
2016-11-03  45.330  45.340   14981746.0
2016-11-04  45.360  44.600   27388582.0
2016-11-07  45.220  45.400   25769393.0
2016-11-08  45.180  45.540   19457521.0
2016-11-09  46.330  47.990   67615042.0
2016-11-10  48.930  51.630  100976316.0
2016-11-11  51.090  51.730   46594895.0
2016-11-14  51.910  53.220   59154429.0
2016-11-15  52.380  52.590   39437914.0
2016-11-16  51.790  51.680   26991809.0
2016-11-17  51.390  52.490   29204028.0
2016-11-18  52.450  52.820   29673414.0
2016-11-21  52.330  52.120   23587173.0
2016-11-22  52.430  52.220   22815927.0
2016-11-23  52.440  52.160   20022318.0
2016-11-25  52.400  52.620    9635745.0
2016-11-28  52.120  51.580   26518494.0
2016-11-29  51.560  51.860   16266741.0
2016-11-30  52.480  52.920   26566806.0
2016-12-01  53.130  54.340   35620778.0
2016-12-02  54.240  53.580   21894267.0
2016-12-05  53.900  54.350   24793902.0
2016-12-06  54.450  55.550   30706669.0
2016-12-07  55.550  57.280   46616968.0
2016-12-08  57.290  57.290   39817816.0
2016-12-09  56.910  57.140   20331186.0
2016-12-12  56.500  55.780   27884341.0
2016-12-13  55.850  55.840   24355561.0
2016-12-14  54.740  54.700   54588283.0
2016-12-15  55.170  55.190   31345878.0
2016-12-16  55.490  55.340   33168384.0
2016-12-19  55.180  55.220   16801271.0
2016-12-20  55.470  56.100   19245332.0
2016-12-21  56.090  55.710   14058380.0
2016-12-22  55.760  55.750   14515521.0
2016-12-23  55.780  55.960    8312786.0
2016-12-27  55.900  55.950    8893747.0
2016-12-28  55.980  55.320   10609058.0
2016-12-29  55.190  54.840   15933472.0
2016-12-30  54.890  55.110   15095516.0
2017-01-03  55.670  56.000   22063790.0
2017-01-04  56.160  56.050   15033648.0
2017-01-05  55.490  55.180   18831328.0
2017-01-06  55.260  55.040   18715908.0
2017-01-09  54.680  54.240   21793861.0
2017-01-10  54.350  54.620   17978219.0
2017-01-11  54.600  54.800   21100589.0
2017-01-12  54.650  54.500   20564338.0
2017-01-13  55.110  55.310   37228671.0
2017-01-17  54.800  53.780   26974416.0
2017-01-18  53.780  54.270   21185899.0
2017-01-19  54.240  54.580   20906892.0
2017-01-20  54.750  55.070   24139026.0
2017-01-23  54.710  54.250   17225065.0
2017-01-24  54.360  54.700   18523327.0
2017-01-25  55.380  56.620   32252075.0
2017-01-26  56.610  57.180   23751880.0
2017-01-27  57.030  56.590   17185970.0
2017-01-30  56.120  56.080   15960629.0
2017-01-31  55.980  56.330   22407530.0
2017-02-01  56.540  55.910   21157038.0
2017-02-02  55.565  55.750   13044449.0
2017-02-03  56.880  57.270   19877940.0
2017-02-06  57.080  56.550   13937496.0
2017-02-07  56.860  56.340   14937121.0
2017-02-08  56.210  55.630   18592004.0
2017-02-09  55.980  56.730   15907818.0
2017-02-10  57.020  56.860   12268103.0
2017-02-13  57.070  57.080   15325274.0
2017-02-14  57.130  57.980   16382417.0
2017-02-15  58.100  58.550   25350371.0
2017-02-16  58.360  58.120   14694501.0
2017-02-17  57.580  58.090   15782621.0
2017-02-21  58.250  58.250   16909715.0
2017-02-22  58.000  58.360   12344234.0
2017-02-23  58.430  58.490   13841369.0
2017-02-24  57.700  57.810   16378701.0
2017-02-27  57.810  58.060   10101035.0
2017-02-28  57.990  57.880   15558854.0
2017-03-01  59.110  59.730   25912728.0
2017-03-02  59.780  58.710   17540376.0
2017-03-03  58.850  58.890   14753743.0
2017-03-06  58.540  58.610   13225468.0
2017-03-07  58.430  58.300   13099377.0
2017-03-08  58.950  58.210   14711295.0
2017-03-09  58.450  58.700   15721476.0
2017-03-10  58.980  58.850   15119176.0
2017-03-13  58.830  58.700   14063472.0
2017-03-14  58.490  58.760   10885031.0
2017-03-15  58.900  58.710   17777338.0
2017-03-16  58.860  59.320   18468200.0
2017-03-17  59.370  58.670   20985674.0
2017-03-20  58.470  57.630   17663194.0
2017-03-21  57.930  55.850   31766385.0
2017-03-22  55.530  55.330   27740860.0
2017-03-23  55.230  55.250   18999983.0
2017-03-24  55.500  55.830   21126964.0
2017-03-27  54.630  55.390   16854761.0
2017-03-28  55.350  55.960   14871252.0
2017-03-29  55.940  55.670   10329113.0
2017-03-30  55.680  56.240   12106538.0
2017-03-31  56.020  55.660   11864615.0
2017-04-03  55.700  55.490   14549539.0
2017-04-04  55.300  55.200   11932260.0
2017-04-05  55.790  54.980   17411708.0
2017-04-06  54.950  55.370   10387536.0
2017-04-07  54.940  54.840   15848631.0
2017-04-10  54.990  54.540   14607683.0
2017-04-11  54.230  54.160   28086647.0
2017-04-12  53.950  53.120   25601266.0
2017-04-13  51.800  51.350   47981952.0
2017-04-17  51.640  52.720   31959061.0
2017-04-18  52.360  52.450   22257525.0
2017-04-19  52.880  52.150   17414622.0
2017-04-20  52.720  53.500   31549400.0
2017-04-21  53.390  53.000   26177343.0
2017-04-24  54.150  53.650   23856688.0
2017-04-25  54.330  54.560   26952201.0
2017-04-26  54.600  54.540   15605212.0
2017-04-27  54.540  54.440   13899709.0
2017-04-28  54.330  53.840   16161860.0
2017-05-01  54.100  54.460   13842908.0
2017-05-02  54.460  54.540   15190337.0
2017-05-03  54.010  54.850   15685956.0
2017-05-04  55.270  55.180   16969121.0
2017-05-05  55.250  55.110   12948971.0
2017-05-08  55.120  55.040   14242799.0
2017-05-09  55.140  54.680   13990312.0
2017-05-10  54.430  54.720   15879983.0
2017-05-11  54.280  53.740   32020047.0
2017-05-12  53.300  53.020   29423567.0
2017-05-15  53.060  53.320   14888277.0
2017-05-16  53.400  53.260   12632926.0
2017-05-17  52.040  52.240   33054732.0
2017-05-18  52.310  52.380   19765731.0
2017-05-19  52.570  53.060   16763038.0
2017-05-22  53.270  53.010   13859828.0
2017-05-23  53.010  53.390   11714214.0
2017-05-24  53.490  53.090   11304419.0
2017-05-25  53.250  52.780   16594724.0
2017-05-26  52.630  52.410   14236079.0
2017-05-30  52.160  52.160   19342645.0
2017-05-31  52.230  51.140   30078357.0
2017-06-01  51.530  52.080   20881557.0
2017-06-02  51.670  51.810   19425798.0
2017-06-05  51.710  51.720   13648011.0
2017-06-06  51.320  51.810   14842171.0
2017-06-07  51.840  52.090   16883825.0
2017-06-08  52.000  52.560   22548357.0
2017-06-09  52.860  53.800   25624064.0
2017-06-12  53.980  54.090   22640476.0
2017-06-13  54.350  54.450   17864662.0
2017-06-14  54.090  54.530   16531729.0
2017-06-15  54.040  53.900   17215329.0
2017-06-16  53.930  53.890   23467381.0
2017-06-19  54.310  54.240   15304180.0
2017-06-20  54.060  53.460   13566904.0
2017-06-21  53.470  52.980   12603026.0
2017-06-22  52.800  52.490   15308790.0
2017-06-23  52.700  52.450   20667471.0
2017-06-26  52.730  52.900   12527942.0
2017-06-27  53.020  53.160   13495200.0
2017-06-28  53.610  54.330   20721305.0
2017-06-29  55.650  55.780   32268765.0
2017-06-30  56.030  55.410   16499781.0
2017-07-03  55.810  55.780   11825011.0
2017-07-05  55.970  55.780   14067658.0
2017-07-06  55.980  55.560   14313879.0
2017-07-07  55.780  55.740   10502992.0
2017-07-10  55.530  55.590   10610217.0
2017-07-11  55.660  55.040   14698023.0
2017-07-12  54.930  55.170   11904087.0
2017-07-13  55.260  55.600   14102217.0
2017-07-14  54.310  54.990   17919832.0
2017-07-17  54.900  54.710   14830020.0
2017-07-18  54.310  54.800   13590432.0
2017-07-19  54.800  54.940   12312947.0
2017-07-20  54.960  54.880   15061833.0
2017-07-21  54.430  54.170   17115934.0
2017-07-24  54.100  54.270   18366209.0
2017-07-25  55.000  55.060   19515829.0
2017-07-26  55.320  54.910   19536315.0
2017-07-27  54.860  54.710   17206585.0
2017-07-28  54.300  53.300   32471207.0
2017-07-31  53.420  53.940   20326518.0
2017-08-01  54.230  54.080   19155690.0
2017-08-02  53.540  53.620   19399576.0
2017-08-03  53.500  53.400   19353710.0
2017-08-04  53.670  52.840   44584256.0
2017-08-07  52.730  52.540   22559131.0
2017-08-08  52.320  52.710   24158735.0
2017-08-09  52.280  52.790   14284644.0
2017-08-10  52.390  51.950   18008080.0
2017-08-11  51.830  51.940   14540797.0
2017-08-14  52.370  52.840   16262065.0
2017-08-15  53.200  52.850   10845323.0
2017-08-16  53.010  52.690   11101577.0
2017-08-17  52.470  51.800   16441191.0
2017-08-18  51.630  51.680   16947183.0
2017-08-21  51.740  51.820   12279363.0
2017-08-22  51.950  52.220   12919904.0
2017-08-23  51.830  52.030    9932131.0
2017-08-24  52.190  52.160   12212331.0
2017-08-25  52.270  51.770   15250744.0
2017-08-28  51.950  51.630   12211668.0
2017-08-29  51.210  51.420   10642169.0
2017-08-30  51.460  51.360   11301612.0
2017-08-31  51.000  51.070   24992608.0
2017-09-01  51.060  50.970   16191937.0
2017-09-05  50.630  50.100   31161332.0
2017-09-06  50.250  49.880   26527704.0
2017-09-07  49.940  49.680   23134696.0
2017-09-08  49.610  49.580   18424728.0
2017-09-11  50.000  50.660   17650672.0
2017-09-12  50.850  51.570   17106508.0
2017-09-13  51.390  51.460   12384710.0
2017-09-14  51.540  51.290   13560314.0
2017-09-15  51.280  51.660   27432519.0
2017-09-18  51.670  52.710   20647794.0
2017-09-19  52.720  53.360   16861407.0
2017-09-20  53.390  53.750   21377841.0
2017-09-21  53.550  54.060   15775315.0
2017-09-22  53.920  54.250   17758323.0
2017-09-25  54.070  54.030   11479183.0
2017-09-26  54.100  53.800   11502331.0
2017-09-27  54.470  54.210   15604679.0
2017-09-28  54.290  54.250   14355647.0
2017-09-29  54.250  55.150   20615055.0
2017-10-02  55.160  55.470   11412009.0
2017-10-03  55.330  55.580   16746036.0
2017-10-04  55.310  54.960   14169643.0
2017-10-05  55.000  55.390   14453217.0
2017-10-06  55.480  55.580   11035898.0
2017-10-09  55.620  55.140   11265346.0
2017-10-10  55.370  55.610   12771612.0
2017-10-11  55.440  55.660   12392549.0
2017-10-12  55.690  55.210   14666966.0
2017-10-13  53.490  53.690   35208723.0
2017-10-16  53.650  53.800   22716134.0
2017-10-17  53.980  53.190   18452102.0
2017-10-18  53.410  53.410   21427469.0
2017-10-19  53.110  53.750   12436831.0
2017-10-20  54.210  54.920   27603515.0
2017-10-23  54.750  54.910   17910776.0
2017-10-24  55.000  55.420   18099399.0
2017-10-25  55.490  55.265   13487351.0
2017-10-26  55.450  55.620   15646446.0
2017-10-27  55.230  55.870   17226526.0
2017-10-30  55.450  55.850   12205797.0
2017-10-31  55.950  56.140   14332927.0
2017-11-01  56.320  56.210   11629564.0
2017-11-02  55.800  56.480   15345977.0
2017-11-03  56.250  56.350    9982760.0
2017-11-06  56.100  56.180   10377539.0
2017-11-07  56.170  55.050   18139328.0
2017-11-09  53.900  54.000   24240951.0
2017-11-10  54.020  53.810   12881112.0
2017-11-13  53.520  53.720   13169283.0
2017-11-14  53.520  54.040   20805407.0
2017-11-15  53.630  53.750   16141508.0
2017-11-16  53.950  54.600   22845657.0
2017-11-17  54.210  54.150   14944812.0
2017-11-20  54.120  54.050   16531133.0
2017-11-21  54.080  54.520   13728723.0
2017-11-22  54.460  54.060   11159888.0
2017-11-24  54.190  54.090    5386489.0
2017-11-27  54.020  53.950   10954581.0
2017-11-28  53.870  55.570   24892264.0
2017-11-29  55.840  56.680   29088408.0
2017-11-30  57.030  56.470   30158277.0
2017-12-01  56.570  56.200   31112796.0
2017-12-04  57.270  57.390   27884642.0
2017-12-05  57.650  58.550   39453005.0
2017-12-06  58.560  58.570   26539700.0
2017-12-07  58.450  59.360   32210127.0
2017-12-08  59.710  59.310   21749452.0
2017-12-11  59.270  58.870   15600612.0
2017-12-12  58.710  60.330   24283560.0
2017-12-13  60.310  59.400   16996351.0
2017-12-14  59.480  59.220   14550713.0
2017-12-15  59.360  59.870   36043545.0
2017-12-18  60.420  60.920   19269294.0
2017-12-19  61.180  60.360   16756730.0
2017-12-20  60.810  60.140   16000144.0
2017-12-21  60.770  61.610   21312814.0
2017-12-22  62.020  61.550   11625303.0
2017-12-26  61.495  61.130   11504935.0
2017-12-27  61.100  60.950    8814128.0
2017-12-28  61.030  61.300   10523325.0
2017-12-29  61.460  60.670   10523617.0
2018-01-02  61.040  61.090   13753178.0
2018-01-03  61.220  61.560   14175541.0
2018-01-04  61.980  62.330   18351132.0
2018-01-05  62.760  62.750   13954586.0
2018-01-08  62.660  62.040   15487664.0
2018-01-09  62.300  62.260   15665501.0
2018-01-10  62.480  63.120   17892090.0
2018-01-11  63.650  63.010   19118600.0
2018-01-12  63.200  62.550   24861807.0
2018-01-16  62.790  62.500   17384880.0
2018-01-17  62.850  63.880   23617249.0
2018-01-18  63.870  63.950   15937915.0
2018-01-19  64.150  64.220   16399260.0
2018-01-22  64.000  64.730   11731728.0
2018-01-23  64.310  64.490   12890653.0
2018-01-24  64.950  65.480   19991673.0
2018-01-25  65.700  65.650   16314285.0
2018-01-26  65.890  65.930   14608860.0
2018-01-29  65.780  65.820   15683592.0
2018-01-30  65.430  65.280   15913839.0
2018-01-31  65.270  65.780   18106315.0
2018-02-01  65.370  65.510   15705865.0
2018-02-02  65.330  64.070   18447820.0
2018-02-05  58.700  58.160  101538043.0
2018-02-06  56.905  57.280   82587346.0
2018-02-07  56.940  57.540   45375651.0
2018-02-08  57.330  55.400   43047309.0
2018-02-09  56.140  56.130   48717319.0
2018-02-12  56.360  56.500   24009406.0
2018-02-13  56.060  58.000   23845218.0
2018-02-14  57.850  59.550   22886836.0
2018-02-15  59.820  60.020   22006404.0
2018-02-16  59.670  59.950   18210682.0
2018-02-20  59.860  59.950   18075855.0
2018-02-21  59.860  59.730   19876213.0
2018-02-22  59.880  58.810   17934401.0
2018-02-23  59.070  59.170   20875785.0
2018-02-26  59.750  59.970   16281545.0
2018-02-27  60.030  59.210   16903378.0
2018-02-28  59.470  58.410   17630117.0
2018-03-01  58.250  57.310   28491014.0
2018-03-02  56.920  57.410   22428543.0
2018-03-05  56.810  57.590   20560933.0
2018-03-06  57.710  57.070   23961357.0
2018-03-07  56.400  56.600   24788705.0
2018-03-08  56.750  56.720   15903447.0
2018-03-09  57.160  58.230   17238999.0
2018-03-12  58.270  58.020   12268932.0
2018-03-13  58.390  57.560   13651763.0
2018-03-14  57.860  56.630   12144497.0
2018-03-15  56.770  56.830    9876349.0
2018-03-16  56.990  55.900   36104598.0
2018-03-19  55.880  55.480   17336029.0
2018-03-20  55.770  54.900   26646553.0
2018-03-21  55.020  54.790   17476061.0
2018-03-22  54.210  52.530   31792203.0
2018-03-23  52.720  50.980   30391839.0
2018-03-26  51.950  52.290   26334835.0
2018-03-27  52.400  51.100   22027158.0