date   open  close     volume
                                  
2016-01-04  41.06  40.69  3287335.0
2016-01-05  40.73  40.55  2587246.0
2016-01-06  40.24  40.73  2103619.0
2016-01-07  40.14  39.00  3504314.0
2016-01-08  39.22  38.59  3736768.0
2016-01-11  38.71  37.94  2818611.0
2016-01-12  38.43  38.19  1989379.0
2016-01-13  38.35  36.86  4206638.0
2016-01-14  36.94  37.61  2893372.0
2016-01-15  36.67  37.11  2994386.0
2016-01-19  37.64  37.20  2506559.0
2016-01-20  36.68  37.26  2469088.0
2016-01-21  37.35  37.23  2298372.0
2016-01-22  37.91  37.98  1834467.0
2016-01-25  37.40  37.61  1831240.0
2016-01-26  37.89  37.51  1755032.0
2016-01-27  37.39  37.05  1479446.0
2016-01-28  37.27  36.11  3479452.0
2016-01-29  36.44  37.65  2959863.0
2016-02-01  37.37  37.69  2666567.0
2016-02-02  37.18  37.07  1742325.0
2016-02-03  37.27  37.19  2128426.0
2016-02-04  37.15  37.42  2833492.0
2016-02-05  37.26  36.04  4424609.0
2016-02-08  35.61  34.80  3888601.0
2016-02-09  34.21  35.37  3464464.0
2016-02-10  35.63  35.85  3169951.0
2016-02-11  35.12  35.33  3224004.0
2016-02-12  35.84  36.22  3923627.0
2016-02-16  36.72  37.08  2903649.0
2016-02-17  35.22  37.87  5382312.0
2016-02-18  37.73  37.19  2231481.0
2016-02-19  36.98  37.44  2339426.0
2016-02-22  37.88  38.03  1792962.0
2016-02-23  37.64  37.17  1282290.0
2016-02-24  36.65  37.48  1454952.0
2016-02-25  37.62  37.63  1453515.0
2016-02-26  37.75  37.59   944266.0
2016-02-29  37.59  37.35  2187405.0
2016-03-01  37.63  38.59  2760200.0
2016-03-02  38.49  39.04  3612508.0
2016-03-03  38.92  39.20   946823.0
2016-03-04  39.14  39.34  1124968.0
2016-03-07  39.04  39.43  1221574.0
2016-03-08  38.97  38.09  1796466.0
2016-03-09  38.31  38.13  1614633.0
2016-03-10  38.17  37.98  1614998.0
2016-03-11  38.43  39.23  1517348.0
2016-03-14  38.98  39.02   929638.0
2016-03-15  38.59  38.29  1059439.0
2016-03-16  38.09  38.98  1956125.0
2016-03-17  39.06  39.29  1895669.0
2016-03-18  39.33  40.19  2504361.0
2016-03-21  40.07  39.65  2172615.0
2016-03-22  39.56  39.88  1552312.0
2016-03-23  39.90  39.47  1554822.0
2016-03-24  39.16  39.43   993627.0
2016-03-28  39.54  39.52  1272724.0
2016-03-29  39.35  40.16  1091198.0
2016-03-30  40.36  40.12   783495.0
2016-03-31  40.01  39.85  3143468.0
2016-04-01  39.56  40.31  2857844.0
2016-04-04  40.32  40.01  2958061.0
2016-04-05  39.73  39.26  1900659.0
2016-04-06  39.29  40.24  1566612.0
2016-04-07  39.89  39.47  1373839.0
2016-04-08  39.69  39.54  1106293.0
2016-04-11  39.86  39.41  1049336.0
2016-04-12  39.47  39.75   992495.0
2016-04-13  39.52  40.69  2495340.0
2016-04-14  40.86  40.78  1347753.0
2016-04-15  40.77  40.91  1442264.0
2016-04-18  40.72  41.31  1536678.0
2016-04-19  41.18  41.40  1640774.0
2016-04-20  41.42  41.52  1243893.0
2016-04-21  41.50  41.93  1670389.0
2016-04-22  41.98  41.80  1396272.0
2016-04-25  41.71  41.63  1500449.0
2016-04-26  41.82  41.32  1868970.0
2016-04-27  41.35  41.58  1189462.0
2016-04-28  41.25  41.18  1549692.0
2016-04-29  40.92  40.92  2028329.0
2016-05-02  41.20  41.71  1285318.0
2016-05-03  41.32  41.24  1333991.0
2016-05-04  40.81  40.52  1602991.0
2016-05-05  40.64  40.96  1083956.0
2016-05-06  40.86  41.43  1403476.0
2016-05-09  41.51  41.33  1741539.0
2016-05-10  41.50  42.00  2094305.0
2016-05-11  42.19  42.46  3328961.0
2016-05-12  42.59  42.73  2504924.0
2016-05-13  42.55  42.62  2429415.0
2016-05-16  42.61  42.94  3979321.0
2016-05-17  44.96  44.41  7130371.0
2016-05-18  44.45  44.32  3476470.0
2016-05-19  44.07  44.56  3660160.0
2016-05-20  44.86  44.89  2567586.0
2016-05-23  44.89  44.57  1689745.0
2016-05-24  44.76  45.03  3236305.0
2016-05-25  45.12  45.42  2352424.0
2016-05-26  45.58  45.51  2569626.0
2016-05-27  45.55  45.82  1823120.0
2016-05-31  45.79  45.89  2256373.0
2016-06-01  45.75  45.95  1734386.0
2016-06-02  45.91  45.90  2209387.0
2016-06-03  45.73  45.72  2395816.0
2016-06-06  45.72  45.86  2359193.0
2016-06-07  45.81  45.75  1500872.0
2016-06-08  45.75  46.15  1552146.0
2016-06-09  45.98  46.09  1204415.0
2016-06-10  45.73  45.36  1261698.0
2016-06-13  45.32  44.92  1272833.0
2016-06-14  44.70  44.91  1624087.0
2016-06-15  45.11  44.94  2029194.0
2016-06-16  44.72  45.37  1784741.0
2016-06-17  45.42  45.36  3434813.0
2016-06-20  45.57  46.14  3161329.0
2016-06-21  46.21  46.16  2112964.0
2016-06-22  46.15  46.03  2412064.0
2016-06-23  46.50  46.68  1487938.0
2016-06-24  44.56  44.12  5263644.0
2016-06-27  43.63  42.26  4328364.0
2016-06-28  42.67  43.11  4300845.0
2016-06-29  43.55  43.76  2402578.0
2016-06-30  43.68  44.36  2181066.0
2016-07-01  44.36  44.60  1591476.0
2016-07-05  44.31  43.75  1813468.0
2016-07-06  43.65  44.47  2312133.0
2016-07-07  44.47  44.42  1861536.0
2016-07-08  44.86  45.48  1838137.0
2016-07-11  45.61  45.40  1094683.0
2016-07-12  45.77  46.53  2237748.0
2016-07-13  46.64  46.41  1852475.0
2016-07-14  46.86  46.80  1192500.0
2016-07-15  46.96  46.67  1202638.0
2016-07-18  46.60  46.80  1362884.0
2016-07-19  46.67  46.98  2583860.0
2016-07-20  46.96  47.01  2124914.0
2016-07-21  46.98  46.67  1226365.0
2016-07-22  46.72  46.58  1512440.0
2016-07-25  46.49  46.14  1720649.0
2016-07-26  46.21  46.95  1792674.0
2016-07-27  47.00  47.26  1572573.0
2016-07-28  47.19  47.51  1945517.0
2016-07-29  47.49  48.11  1881372.0
2016-08-01  48.11  47.87  1604639.0
2016-08-02  47.71  47.18  1595948.0
2016-08-03  47.10  47.09  1508868.0
2016-08-04  47.16  46.83  1700182.0
2016-08-05  47.10  47.49  1250805.0
2016-08-08  47.57  47.23  1311724.0
2016-08-09  47.11  47.45  1006170.0
2016-08-10  47.51  47.51   754137.0
2016-08-11  47.62  48.13  1377024.0
2016-08-12  47.97  48.14  1538976.0
2016-08-15  48.17  48.44  2323589.0
2016-08-16  48.27  48.28  3175994.0
2016-08-17  48.63  48.43  3151431.0
2016-08-18  46.88  46.72  4660295.0
2016-08-19  46.58  47.62  3340438.0
2016-08-22  47.63  47.58  1626833.0
2016-08-23  47.73  47.82  1645348.0
2016-08-24  47.74  46.70  2634707.0
2016-08-25  46.67  47.26  2160074.0
2016-08-26  47.41  47.32  1581245.0
2016-08-29  47.45  47.62  1332975.0
2016-08-30  47.66  47.14  2231203.0
2016-08-31  47.12  46.98  1676587.0
2016-09-01  47.03  46.99  1257886.0
2016-09-02  47.23  47.00  1424454.0
2016-09-06  46.90  46.95  1460928.0
2016-09-07  47.07  47.11  1542576.0
2016-09-08  47.07  47.02   884738.0
2016-09-09  46.51  44.88  2507018.0
2016-09-12  44.59  45.75  1835434.0
2016-09-13  45.36  44.90  3461832.0
2016-09-14  45.01  44.86  1604806.0
2016-09-15  44.86  45.44  1733971.0
2016-09-16  45.39  44.79  2592850.0
2016-09-19  44.90  44.95  1927900.0
2016-09-20  45.33  45.71  2333122.0
2016-09-21  45.98  46.04  1612736.0
2016-09-22  46.38  46.67  1307074.0
2016-09-23  46.43  46.61  1957032.0
2016-09-26  46.46  46.57  2639060.0
2016-09-27  46.53  46.70  1587143.0
2016-09-28  46.90  47.18  1502533.0
2016-09-29  47.05  46.41  1938218.0
2016-09-30  46.50  47.09  1754316.0
2016-10-03  46.82  47.14  1539625.0
2016-10-04  47.07  46.83  1763985.0
2016-10-05  47.04  47.15  1432268.0
2016-10-06  47.01  47.30  1772801.0
2016-10-07  47.33  47.38  1663127.0
2016-10-10  47.58  47.69  1544958.0
2016-10-11  47.19  45.69  2912537.0
2016-10-12  45.78  45.47  1736076.0
2016-10-13  44.84  45.16  1336023.0
2016-10-14  45.38  45.08   997137.0
2016-10-17  45.08  45.15  1160321.0
2016-10-18  45.70  45.44  1949108.0
2016-10-19  45.41  46.02  1769090.0
2016-10-20  46.00  46.05  1493608.0
2016-10-21  45.67  45.57  1011340.0
2016-10-24  45.88  45.85  1666388.0
2016-10-25  45.26  43.51  3949609.0
2016-10-26  43.42  43.37  2146178.0
2016-10-27  43.97  43.38  2393625.0
2016-10-28  43.38  43.22  1471348.0
2016-10-31  43.33  43.57  1556762.0
2016-11-01  43.73  43.49  2133116.0
2016-11-02  43.47  43.26  2240428.0
2016-11-03  43.33  43.66  2510054.0
2016-11-04  43.69  44.32  2220908.0
2016-11-07  44.99  45.71  1723957.0
2016-11-08  45.48  45.62  2136740.0
2016-11-09  45.41  45.94  3501243.0
2016-11-10  46.60  47.03  2558722.0
2016-11-11  46.77  46.37  2219255.0
2016-11-14  46.66  45.33  3443200.0
2016-11-15  45.33  45.40  4710170.0
2016-11-16  46.30  46.18  4026754.0
2016-11-17  46.16  45.94  2070609.0
2016-11-18  45.91  45.04  3148538.0
2016-11-21  45.22  44.97  2540067.0
2016-11-22  44.94  44.46  2831226.0
2016-11-23  44.18  44.65  1926275.0
2016-11-25  44.74  44.89   877140.0
2016-11-28  44.52  43.60  2241795.0
2016-11-29  43.60  44.48  1952118.0
2016-11-30  44.79  43.98  2238575.0
2016-12-01  44.08  43.21  2823273.0
2016-12-02  43.27  44.03  2153515.0
2016-12-05  44.21  44.53  2495020.0
2016-12-06  44.58  44.84  1136658.0
2016-12-07  44.56  44.99  1815238.0
2016-12-08  44.99  45.80  1848936.0
2016-12-09  45.91  46.30  1937622.0
2016-12-12  46.18  46.14  1851517.0
2016-12-13  46.31  46.39  1734678.0
2016-12-14  46.43  46.14  2044052.0
2016-12-15  46.08  46.56  1338905.0
2016-12-16  46.61  45.91  2103155.0
2016-12-19  45.89  45.43  1084164.0
2016-12-20  45.75  46.21  1552366.0
2016-12-21  46.21  46.04  1652288.0
2016-12-22  45.93  45.97   968296.0
2016-12-23  46.08  46.20   727682.0
2016-12-27  46.37  46.51  1535489.0
2016-12-28  46.51  45.72  1177275.0
2016-12-29  45.68  45.64   891398.0
2016-12-30  45.76  45.56  1216100.0
2017-01-03  45.93  46.49  1739726.0
2017-01-04  46.93  47.10  1821264.0
2017-01-05  47.05  46.54  1503763.0
2017-01-06  46.63  47.99  2883483.0
2017-01-09  48.01  48.14  2575328.0
2017-01-10  48.34  48.10  1560549.0
2017-01-11  48.03  49.25  5624332.0
2017-01-12  48.90  48.52  3276952.0
2017-01-13  48.60  48.69  1568923.0
2017-01-17  48.37  48.32  1939449.0
2017-01-18  48.67  48.25  1523508.0
2017-01-19  48.04  47.64  1346142.0
2017-01-20  47.83  47.62  1701695.0
2017-01-23  47.60  47.39  2013878.0
2017-01-24  47.77  47.35  2741915.0
2017-01-25  47.60  48.41  3073228.0
2017-01-26  48.42  48.17  1895562.0
2017-01-27  48.32  48.65  1527822.0
2017-01-30  48.48  47.67  2266487.0
2017-01-31  48.04  48.97  2552612.0
2017-02-01  48.93  49.26  2244604.0
2017-02-02  48.88  48.90  1352525.0
2017-02-03  49.09  49.38  1191855.0
2017-02-06  49.13  49.27   952095.0
2017-02-07  49.42  49.64  2170720.0
2017-02-08  49.37  49.93  2107079.0
2017-02-09  50.10  50.47  2557747.0
2017-02-10  50.51  50.36  2092479.0
2017-02-13  50.63  50.52  1568350.0
2017-02-14  50.24  50.39  3544448.0
2017-02-15  51.14  51.62  5724488.0
2017-02-16  51.68  50.84  2550439.0
2017-02-17  50.65  51.63  2195788.0
2017-02-21  51.66  51.35  2036993.0
2017-02-22  51.31  51.34  1632886.0
2017-02-23  51.44  51.47  1006867.0
2017-02-24  51.38  51.74  1612698.0
2017-02-27  51.74  51.66  1195138.0
2017-02-28  51.52  51.30  1417772.0
2017-03-01  51.62  52.04  2026600.0
2017-03-02  52.04  51.38  1706500.0
2017-03-03  51.38  51.98  1824423.0
2017-03-06  51.64  51.25  1884477.0
2017-03-07  51.06  51.21  2233561.0
2017-03-08  51.26  51.41  1517642.0
2017-03-09  51.42  51.43  1259407.0
2017-03-10  51.69  52.15  1860508.0
2017-03-13  52.14  52.45  1376191.0
2017-03-14  52.24  52.21  1203368.0
2017-03-15  53.31  54.10  4117983.0
2017-03-16  53.43  53.05  2676915.0
2017-03-17  53.06  53.31  1936902.0
2017-03-20  53.33  53.15  1221409.0
2017-03-21  53.28  52.66  1492698.0
2017-03-22  52.79  53.13  1257072.0
2017-03-23  53.04  53.18  1717929.0
2017-03-24  54.05  53.08  2015289.0
2017-03-27  52.60  53.24  1446568.0
2017-03-28  53.29  53.44  1312588.0
2017-03-29  53.26  53.12  1469882.0
2017-03-30  53.06  53.32  1627592.0
2017-03-31  53.07  52.87  1705625.0
2017-04-03  52.90  53.20  1550227.0
2017-04-04  53.20  52.62  2017094.0
2017-04-05  52.72  52.71  1778251.0
2017-04-06  52.70  53.15  1548170.0
2017-04-07  53.07  52.84  1243550.0
2017-04-10  52.90  52.72  1025248.0
2017-04-11  52.70  52.83  1520703.0
2017-04-12  52.85  52.55  1258152.0
2017-04-13  52.43  52.33   863990.0
2017-04-17  52.63  53.46  1569436.0
2017-04-18  53.02  53.03  1241164.0
2017-04-19  53.35  53.07  2096351.0
2017-04-20  53.33  53.13  1569985.0
2017-04-21  53.26  53.27  2189351.0
2017-04-24  53.93  54.44  2257682.0
2017-04-25  54.75  54.81  2041701.0
2017-04-26  55.00  54.83  1832703.0
2017-04-27  54.93  55.43  1529024.0
2017-04-28  55.31  55.05  3076576.0
2017-05-01  55.50  55.80  1897018.0
2017-05-02  55.85  55.93  1673735.0
2017-05-03  55.68  56.16  1702565.0
2017-05-04  56.20  56.70  2609703.0
2017-05-05  56.85  56.64  1567046.0
2017-05-08  56.65  56.32  2189980.0
2017-05-09  56.42  56.87  1559192.0
2017-05-10  56.85  56.27  1566289.0
2017-05-11  56.13  56.23  1335785.0
2017-05-12  56.16  56.16  1567000.0
2017-05-15  56.07  56.70  1472226.0
2017-05-16  58.38  56.83  1031699.0
2017-05-17  56.31  55.77  1829744.0
2017-05-18  55.90  55.85  1933884.0
2017-05-19  56.09  56.13  1652045.0
2017-05-22  56.52  56.08  4042307.0
2017-05-23  59.80  58.66  7509609.0
2017-05-24  58.50  59.23  4060146.0
2017-05-25  59.53  59.30  2772186.0
2017-05-26  59.23  59.51  1534396.0
2017-05-30  59.54  60.37  2573871.0
2017-05-31  59.45  60.34  2519987.0
2017-06-01  60.01  60.73  2097925.0
2017-06-02  60.80  60.81  1665457.0
2017-06-05  60.80  60.40  1473282.0
2017-06-06  60.14  60.10  1966245.0
2017-06-07  60.26  60.63  1617504.0
2017-06-08  60.62  60.15  3481613.0
2017-06-09  60.31  59.21  2352254.0
2017-06-12  59.14  58.99  2579648.0
2017-06-13  59.07  59.28  1527027.0
2017-06-14  59.54  59.38  1202777.0
2017-06-15  59.22  59.21  1091788.0
2017-06-16  59.37  59.51  2156298.0
2017-06-19  59.58  60.55  2379764.0
2017-06-20  60.55  60.33  1820286.0
2017-06-21  60.31  59.79  2247944.0
2017-06-22  59.94  60.61  3473243.0
2017-06-23  60.59  59.77  2839042.0
2017-06-26  59.79  59.24  1526060.0
2017-06-27  59.13  58.88  1060278.0
2017-06-28  59.27  59.40  1187637.0
2017-06-29  59.35  58.80  1356833.0
2017-06-30  59.00  59.31  1585171.0
2017-07-03  59.59  59.13  1489574.0
2017-07-05  59.19  59.77  1638049.0
2017-07-06  59.46  59.22  2247643.0
2017-07-07  59.53  59.63   924564.0
2017-07-10  59.48  59.86  1146033.0
2017-07-11  59.99  59.80  2975992.0
2017-07-12  60.33  60.73  1437930.0
2017-07-13  61.25  61.19  2059648.0
2017-07-14  61.28  61.52  1285461.0
2017-07-17  61.60  61.55  1332749.0
2017-07-18  61.43  61.21  1520053.0
2017-07-19  61.32  61.38  1509141.0
2017-07-20  61.45  60.98  1925629.0
2017-07-21  60.83  61.37  1275630.0
2017-07-24  61.38  61.50   973808.0
2017-07-25  61.57  60.54  1689148.0
2017-07-26  60.58  59.72  2403798.0
2017-07-27  59.82  59.91  1944962.0
2017-07-28  59.91  60.08  1227174.0
2017-07-31  60.32  59.79  1038744.0
2017-08-01  60.04  59.94  1323605.0
2017-08-02  60.00  60.20  1121493.0
2017-08-03  60.15  60.37   982876.0
2017-08-04  60.52  60.13   778762.0
2017-08-07  60.16  60.87   975735.0
2017-08-08  60.67  60.14  1162340.0
2017-08-09  60.07  59.68  1963842.0
2017-08-10  59.35  58.57  2468724.0
2017-08-11  58.70  59.33  1511552.0
2017-08-14  59.80  59.62  2402982.0
2017-08-15  59.70  59.38  2871767.0
2017-08-16  62.15  62.14  6883325.0
2017-08-17  62.00  60.86  3473425.0
2017-08-18  60.76  61.25  2353540.0
2017-08-21  61.09  61.74  1429027.0
2017-08-22  61.87  62.96  1466945.0
2017-08-23  62.72  62.77  1441633.0
2017-08-24  62.87  62.68  1580386.0
2017-08-25  63.06  62.90  1352768.0
2017-08-28  63.10  63.46  1285040.0
2017-08-29  63.04  63.49  1206617.0
2017-08-30  63.40  63.90  1072501.0
2017-08-31  64.00  64.72  1928530.0
2017-09-01  64.90  64.38  1224641.0
2017-09-05  64.02  64.29   910200.0
2017-09-06  64.56  64.71   967758.0
2017-09-07  64.85  65.14  1068264.0
2017-09-08  65.15  65.02  1587688.0
2017-09-11  65.50  66.11  1751606.0
2017-09-12  66.27  66.14  1081873.0
2017-09-13  65.91  65.44  2039348.0
2017-09-14  65.31  65.68  1481003.0
2017-09-15  65.68  65.96  2267001.0
2017-09-18  66.09  66.08  1561980.0
2017-09-19  66.25  66.17  1235835.0
2017-09-20  66.31  66.09  1151167.0
2017-09-21  65.88  65.92   848300.0
2017-09-22  65.85  65.78  1178327.0
2017-09-25  65.80  64.73  1747861.0
2017-09-26  64.65  64.11  1615245.0
2017-09-27  64.27  64.39  1159137.0
2017-09-28  64.25  63.98  1076812.0
2017-09-29  64.00  64.20  1669194.0
2017-10-02  64.29  64.87  1684995.0
2017-10-03  65.06  65.15  1216399.0
2017-10-04  65.15  65.83   743076.0
2017-10-05  65.85  65.70  1948939.0
2017-10-06  65.68  66.36  1252881.0
2017-10-09  66.49  66.56  1542275.0
2017-10-10  66.68  66.60  1142183.0
2017-10-11  66.68  66.62  1763994.0
2017-10-12  66.65  67.54  1435850.0
2017-10-13  67.63  66.99   943084.0
2017-10-16  67.20  66.91  1473375.0
2017-10-17  66.68  66.12  1708025.0
2017-10-18  66.38  66.44  1150451.0
2017-10-19  66.44  66.88  1359061.0
2017-10-20  67.19  67.25  1502810.0
2017-10-23  67.45  67.02  1266729.0
2017-10-24  67.31  67.32  1966591.0
2017-10-25  67.90  67.40  1590110.0
2017-10-26  67.53  67.71  1417947.0
2017-10-27  67.81  67.97  1440956.0
2017-10-30  67.80  67.49   846605.0
2017-10-31  67.74  68.03  1609938.0
2017-11-01  68.20  68.02  1357307.0
2017-11-02  68.08  68.13  1854678.0
2017-11-03  68.09  68.37  1070662.0
2017-11-06  68.27  68.22   991668.0
2017-11-07  68.32  68.25   946235.0
2017-11-09  67.92  67.47  1664971.0
2017-11-10  67.35  66.81  1704341.0
2017-11-13  66.45  67.13  1443239.0
2017-11-14  66.98  67.46  1682158.0
2017-11-15  67.29  67.31  1511323.0
2017-11-16  67.50  68.74  2268333.0
2017-11-17  68.53  68.79  1816997.0
2017-11-20  69.28  69.96  4014526.0
2017-11-21  70.05  69.91  5329997.0
2017-11-22  69.14  68.69  3041633.0
2017-11-24  68.84  69.36  1015411.0
2017-11-27  69.22  69.31  1439274.0
2017-11-28  69.56  70.59  2275971.0
2017-11-29  70.50  68.69  1903991.0
2017-11-30  68.97  69.24  1872494.0
2017-12-01  69.19  68.69  2516520.0
2017-12-04  68.94  66.24  2881946.0
2017-12-05  66.20  65.83  2337721.0
2017-12-06  65.88  65.89  1690061.0
2017-12-07  65.91  66.71  2256298.0
2017-12-08  66.94  67.38  2158692.0
2017-12-11  67.43  67.00  2392301.0
2017-12-12  67.00  67.06  2002844.0
2017-12-13  67.23  66.68  1526746.0
2017-12-14  66.93  66.51  1740712.0
2017-12-15  66.88  67.61  2745658.0
2017-12-18  68.24  67.66  2138491.0
2017-12-19  67.71  67.75  1446685.0
2017-12-20  68.04  67.40  1362997.0
2017-12-21  67.58  67.52  1495136.0
2017-12-22  67.46  67.35  1220344.0
2017-12-26  67.31  67.25   532739.0
2017-12-27  67.21  67.30  1029229.0
2017-12-28  67.44  67.45   589501.0
2017-12-29  67.50  66.97  1061239.0
2018-01-02  67.42  67.60  1047772.0
2018-01-03  67.62  69.32  1698861.0
2018-01-04  69.54  68.80  2230690.0
2018-01-05  68.73  69.90  1630448.0
2018-01-08  69.73  70.05  1613377.0
2018-01-09  70.68  71.77  2666108.0
2018-01-10  71.45  70.79  2387600.0
2018-01-11  70.92  70.80  1508985.0
2018-01-12  70.73  71.73  1448144.0
2018-01-16  72.02  71.23  1702685.0
2018-01-17  71.72  72.06  1781796.0
2018-01-18  72.20  72.19  1742864.0
2018-01-19  72.48  73.07  2150370.0
2018-01-22  73.17  73.48  1788904.0
2018-01-23  74.05  73.44  1181067.0
2018-01-24  73.66  73.58  1745307.0
2018-01-25  74.17  73.86  1619933.0
2018-01-26  74.30  74.82  1529734.0
2018-01-29  74.48  74.53  1292338.0
2018-01-30  73.99  72.99  1784489.0
2018-01-31  73.77  73.43  1949108.0
2018-02-01  73.18  72.83  1978455.0
2018-02-02  72.32  71.25  1947113.0
2018-02-05  70.86  68.22  2797258.0
2018-02-06  66.96  68.45  4011492.0
2018-02-07  68.19  68.06  1988104.0
2018-02-08  68.09  65.05  4025789.0
2018-02-09  66.40  66.98  4508293.0
2018-02-12  67.46  68.43  4166983.0
2018-02-13  67.97  68.34  1570583.0
2018-02-14  67.80  69.70  3609450.0
2018-02-15  74.94  72.02  4884299.0
2018-02-16  71.97  71.97  2621697.0
2018-02-20  71.50  71.08  2577134.0
2018-02-21  71.12  71.25  1989132.0
2018-02-22  71.72  70.68  2290240.0
2018-02-23  71.15  70.70  3878648.0
2018-02-26  71.00  70.58  5422043.0
2018-02-27  70.75  69.00  3277061.0
2018-02-28  69.42  68.59  2657196.0
2018-03-01  68.47  67.38  2401795.0
2018-03-02  66.82  67.51  2057260.0
2018-03-05  67.25  67.55  1890858.0
2018-03-06  67.78  68.11  2942050.0
2018-03-07  67.36  69.70  3125788.0
2018-03-08  69.72  69.85  2365939.0
2018-03-09  70.27  71.13  1869878.0
2018-03-12  71.20  70.71  1858146.0
2018-03-13  71.00  70.68  1573113.0
2018-03-14  71.07  69.92  1825085.0
2018-03-15  70.09  70.18  2490222.0
2018-03-16  69.92  69.90  3301577.0
2018-03-19  69.79  69.34  2501900.0
2018-03-20  69.77  69.85  2355102.0
2018-03-21  69.88  69.40  1558358.0
2018-03-22  68.70  67.47  1667733.0
2018-03-23  67.58  66.06  1803736.0
2018-03-26  67.20  68.20  1601171.0
2018-03-27  68.48  67.00  2018736.0