date   open   close     volume
                                   
2016-01-04  19.67  19.910   434282.0
2016-01-05  19.89  20.200   412542.0
2016-01-06  20.49  19.970   370638.0
2016-01-07  19.64  18.900   292551.0
2016-01-08  19.10  18.400   478287.0
2016-01-11  18.39  17.960   319676.0
2016-01-12  18.08  17.740   395958.0
2016-01-13  17.76  17.060   362252.0
2016-01-14  17.29  17.710   487326.0
2016-01-15  17.16  17.470   450146.0
2016-01-19  17.56  17.030   428246.0
2016-01-20  16.75  17.480   391665.0
2016-01-21  17.47  17.260   234031.0
2016-01-22  17.64  17.900   307007.0
2016-01-25  17.80  17.080   187498.0
2016-01-26  17.26  17.330   208526.0
2016-01-27  17.14  16.730   499398.0
2016-01-28  16.84  16.510   239092.0
2016-01-29  16.53  17.000   571748.0
2016-02-01  16.87  16.910   283531.0
2016-02-02  17.25  17.210  1242695.0
2016-02-03  17.45  17.600   480063.0
2016-02-04  17.54  17.390   252612.0
2016-02-05  17.41  16.650   349703.0
2016-02-08  16.42  16.000   452908.0
2016-02-09  15.75  16.270   341747.0
2016-02-10  16.35  16.310   308493.0
2016-02-11  15.92  16.410   261171.0
2016-02-12  16.62  16.680   233812.0
2016-02-16  17.00  17.480   453448.0
2016-02-17  17.66  17.390   441348.0
2016-02-18  17.48  17.565   296980.0
2016-02-19  17.41  17.640   265513.0
2016-02-22  17.71  17.810   183930.0
2016-02-23  17.75  17.450   160613.0
2016-02-24  17.20  17.830   225504.0
2016-02-25  17.83  17.550   261371.0
2016-02-26  17.61  17.710   208806.0
2016-02-29  17.64  18.280   388190.0
2016-03-01  18.47  18.480   467404.0
2016-03-02  18.41  18.350   227587.0
2016-03-03  18.27  18.400   223495.0
2016-03-04  18.42  18.710   285671.0
2016-03-07  18.72  18.850   252256.0
2016-03-08  18.70  18.040   260351.0
2016-03-09  18.16  18.140   170294.0
2016-03-10  18.27  17.900   125428.0
2016-03-11  18.09  18.250   140604.0
2016-03-14  18.19  18.600   199152.0
2016-03-15  18.50  18.450   311819.0
2016-03-16  18.42  18.760   305140.0
2016-03-17  18.59  18.970   275015.0
2016-03-18  19.10  19.480   416669.0
2016-03-21  19.43  19.230   272186.0
2016-03-22  17.50  17.640  2313394.0
2016-03-23  17.54  17.090   624965.0
2016-03-24  17.02  17.310   549364.0
2016-03-28  17.27  17.200   372218.0
2016-03-29  17.10  17.350   482448.0
2016-03-30  17.49  17.760   560631.0
2016-03-31  17.84  17.930   345555.0
2016-04-01  17.68  17.850   208233.0
2016-04-04  17.79  17.820   292852.0
2016-04-05  17.72  17.600   282540.0
2016-04-06  17.64  17.620   285169.0
2016-04-07  17.55  17.450   444594.0
2016-04-08  17.56  17.540   369090.0
2016-04-11  17.60  17.320   447395.0
2016-04-12  17.28  17.090   412506.0
2016-04-13  17.23  17.380   621019.0
2016-04-14  17.45  17.440   268493.0
2016-04-15  17.33  17.380   296124.0
2016-04-18  17.39  17.140   471416.0
2016-04-19  17.31  17.430  1076026.0
2016-04-20  15.10  15.560  4871703.0
2016-04-21  15.48  15.440  1234910.0
2016-04-22  15.29  15.420   854417.0
2016-04-25  15.47  15.450   556909.0
2016-04-26  15.56  15.190   537475.0
2016-04-27  15.28  15.340   521492.0
2016-04-28  15.30  15.250   456290.0
2016-04-29  15.20  14.970   434588.0
2016-05-02  15.07  14.790   382780.0
2016-05-03  14.75  14.440   465191.0
2016-05-04  14.53  14.270   363208.0
2016-05-05  14.23  14.200   475002.0
2016-05-06  14.34  14.470   448359.0
2016-05-09  15.11  14.840   682714.0
2016-05-10  14.90  14.740   256790.0
2016-05-11  14.76  14.690   225953.0
2016-05-12  14.78  14.470   226396.0
2016-05-13  14.39  14.480   219621.0
2016-05-16  14.41  14.510   315375.0
2016-05-17  14.50  14.220   288007.0
2016-05-18  14.20  14.370   306119.0
2016-05-19  14.35  14.200   163607.0
2016-05-20  14.25  14.560   255003.0
2016-05-23  14.60  14.630   302741.0
2016-05-24  14.67  14.960   287020.0
2016-05-25  15.02  15.040   216577.0
2016-05-26  15.08  14.860   548380.0
2016-05-27  14.84  14.910   477022.0
2016-05-31  14.99  15.030   517583.0
2016-06-01  14.94  14.880   317402.0
2016-06-02  14.85  14.900   242723.0
2016-06-03  14.86  14.920   273500.0
2016-06-06  14.91  15.150   291074.0
2016-06-07  15.10  15.210   201082.0
2016-06-08  15.19  15.140   239505.0
2016-06-09  15.06  14.910   247032.0
2016-06-10  14.78  14.680   262166.0
2016-06-13  14.65  14.400   424595.0
2016-06-14  14.36  14.420   209986.0
2016-06-15  14.48  14.640   245450.0
2016-06-16  14.52  14.570   252531.0
2016-06-17  14.54  14.620   336573.0
2016-06-20  14.76  14.480   276832.0
2016-06-21  14.54  14.360   361444.0
2016-06-22  14.43  14.405   269985.0
2016-06-23  14.52  14.980  1214138.0
2016-06-24  14.23  14.170   555024.0
2016-06-27  14.05  13.670   685107.0
2016-06-28  13.87  14.090   911248.0
2016-06-29  14.00  14.200  1377246.0
2016-06-30  14.25  14.810   918521.0
2016-07-01  14.81  14.540   380582.0
2016-07-05  14.50  13.860   582450.0
2016-07-06  13.80  13.650   475919.0
2016-07-07  13.78  13.670   405153.0
2016-07-08  13.85  14.250   642038.0
2016-07-11  14.27  14.530   590209.0
2016-07-12  14.59  14.500   375331.0
2016-07-13  14.61  14.490   307674.0
2016-07-14  14.60  14.400   369423.0
2016-07-15  14.49  14.260   298121.0
2016-07-18  14.23  14.200   220855.0
2016-07-19  14.16  13.990   261317.0
2016-07-20  14.00  14.060   427354.0
2016-07-21  13.99  14.150   514677.0
2016-07-22  14.17  14.080   237535.0
2016-07-25  14.02  14.345   419185.0
2016-07-26  14.32  14.490   307145.0
2016-07-27  14.58  14.600   371096.0
2016-07-28  14.60  14.380   217587.0
2016-07-29  14.37  14.200   270220.0
2016-08-01  14.34  15.300   874903.0
2016-08-02  15.34  15.290   800725.0
2016-08-03  15.33  14.910   523764.0
2016-08-04  14.94  14.930   409660.0
2016-08-05  15.01  15.170   568291.0
2016-08-08  15.15  15.460   730497.0
2016-08-09  15.45  15.460   296357.0
2016-08-10  15.44  15.420   274444.0
2016-08-11  15.43  15.420   410647.0
2016-08-12  15.39  15.510   526343.0
2016-08-15  15.49  15.310   572456.0
2016-08-16  15.22  14.730   388788.0
2016-08-17  14.70  14.480   342999.0
2016-08-18  14.42  14.710   243941.0
2016-08-19  14.70  14.820   462498.0
2016-08-22  14.84  14.870   380650.0
2016-08-23  14.97  14.930   264400.0
2016-08-24  14.87  14.660   305202.0
2016-08-25  14.67  14.640   271333.0
2016-08-26  14.62  14.550   298925.0
2016-08-29  14.56  14.640   340623.0
2016-08-30  14.60  14.610   192924.0
2016-08-31  14.65  14.580   233378.0
2016-09-01  14.58  14.780   312987.0
2016-09-02  14.84  15.000   252894.0
2016-09-06  15.00  15.150   229688.0
2016-09-07  15.10  15.330   245993.0
2016-09-08  15.24  15.250   455266.0
2016-09-09  15.14  15.060   380396.0
2016-09-12  14.94  15.250   317666.0
2016-09-13  15.14  15.170   293058.0
2016-09-14  15.12  15.090   200158.0
2016-09-15  15.10  15.240   305858.0
2016-09-16  15.28  15.180   304767.0
2016-09-19  15.25  15.370   268021.0
2016-09-20  15.38  15.450   231357.0
2016-09-21  15.43  15.680   299400.0
2016-09-22  15.71  16.230   386230.0
2016-09-23  16.18  16.360   525704.0
2016-09-26  16.36  16.280   416804.0
2016-09-27  16.32  16.410   389916.0
2016-09-28  16.49  16.500   377573.0
2016-09-29  16.53  16.410   942658.0
2016-09-30  14.21  13.950  6761569.0
2016-10-03  13.92  13.540  1646468.0
2016-10-04  13.65  13.530   721574.0
2016-10-05  13.54  13.860   691867.0
2016-10-06  13.90  13.840   516045.0
2016-10-07  13.90  14.050   672927.0
2016-10-10  14.08  14.110   389984.0
2016-10-11  14.06  14.040   599101.0
2016-10-12  13.97  13.870   669925.0
2016-10-13  13.76  13.720   588122.0
2016-10-14  13.81  13.760   485561.0
2016-10-17  13.70  13.690   448130.0
2016-10-18  13.77  13.230   916545.0
2016-10-19  13.20  13.320   481571.0
2016-10-20  13.25  13.210   436931.0
2016-10-21  13.15  13.390   415742.0
2016-10-24  13.51  13.500   399010.0
2016-10-25  13.48  13.350   234985.0
2016-10-26  13.28  13.270   206943.0
2016-10-27  13.33  12.900   303578.0
2016-10-28  12.86  12.830   306583.0
2016-10-31  12.76  12.920   443623.0
2016-11-01  12.85  12.450   534687.0
2016-11-02  12.45  12.180   417215.0
2016-11-03  12.24  12.440   476359.0
2016-11-04  12.51  12.740   445216.0
2016-11-07  12.91  13.080   425057.0
2016-11-08  13.13  13.440   349114.0
2016-11-09  13.15  13.760   369061.0
2016-11-10  13.92  13.850   432455.0
2016-11-11  13.83  14.490   485985.0
2016-11-14  14.59  14.870   518188.0
2016-11-15  14.79  14.800   245734.0
2016-11-16  14.70  14.710   214298.0
2016-11-17  14.69  14.680   172636.0
2016-11-18  14.68  15.100   597256.0
2016-11-21  15.10  15.230   322463.0
2016-11-22  15.23  15.250   215642.0
2016-11-23  15.16  15.430   226050.0
2016-11-25  15.42  15.630   129539.0
2016-11-28  15.56  14.950   358977.0
2016-11-29  14.95  14.950   388746.0
2016-11-30  19.01  14.540   317098.0
2016-12-01  14.61  14.760   340174.0
2016-12-02  14.74  14.960   325178.0
2016-12-05  14.97  15.210   287999.0
2016-12-06  15.23  15.420   321317.0
2016-12-07  15.30  15.450   230473.0
2016-12-08  15.42  15.440   441346.0
2016-12-09  15.43  15.910   478723.0
2016-12-12  15.90  15.490   267903.0
2016-12-13  15.51  15.520   280557.0
2016-12-14  15.42  15.400   310956.0
2016-12-15  15.40  15.710   890756.0
2016-12-16  15.66  15.350   868498.0
2016-12-19  15.30  15.630   936286.0
2016-12-20  15.60  15.540   560201.0
2016-12-21  15.54  15.730   777839.0
2016-12-22  14.67  14.310  1947361.0
2016-12-23  14.27  14.350   447169.0
2016-12-27  14.29  14.660   693717.0
2016-12-28  14.70  14.640   442665.0
2016-12-29  14.61  14.720   372006.0
2016-12-30  14.77  14.500   336996.0
2017-01-03  14.62  14.530   381780.0
2017-01-04  14.64  15.460   677020.0
2017-01-05  15.45  15.400   339764.0
2017-01-06  15.49  15.060   279114.0
2017-01-09  15.06  14.900   275815.0
2017-01-10  14.90  14.870   287676.0
2017-01-11  14.86  15.110   227407.0
2017-01-12  15.01  15.170   311575.0
2017-01-13  15.22  15.010   233507.0
2017-01-17  14.96  14.840   205067.0
2017-01-18  14.85  14.900   195556.0
2017-01-19  14.90  14.810   288931.0
2017-01-20  14.80  14.830   200508.0
2017-01-23  14.80  14.720   333284.0
2017-01-24  14.74  15.070   231787.0
2017-01-25  15.18  15.130   214885.0
2017-01-26  15.13  15.140   248013.0
2017-01-27  15.22  15.190   283103.0
2017-01-30  15.08  14.830   262141.0
2017-01-31  14.76  15.020   217452.0
2017-02-01  15.06  15.170   231404.0
2017-02-02  15.09  14.790   248137.0
2017-02-03  14.81  15.220   241705.0
2017-02-06  15.14  15.050   228556.0
2017-02-07  15.10  15.050   260274.0
2017-02-08  15.02  14.960   247493.0
2017-02-09  14.98  15.210   289619.0
2017-02-10  15.22  15.460   314999.0
2017-02-13  15.49  15.540   235783.0
2017-02-14  15.42  15.540   223356.0
2017-02-15  15.48  15.430   202768.0
2017-02-16  15.45  15.370   131054.0
2017-02-17  15.36  15.490   174995.0
2017-02-21  15.49  15.630   182063.0
2017-02-22  15.63  15.750   182950.0
2017-02-23  15.80  15.650   244581.0
2017-02-24  15.54  15.900   247628.0
2017-02-27  15.86  16.170   278532.0
2017-02-28  16.16  16.210   359479.0
2017-03-01  16.34  16.440   402219.0
2017-03-02  16.42  16.710   405320.0
2017-03-03  16.70  16.550   323800.0
2017-03-06  16.50  16.520   288379.0
2017-03-07  16.50  16.340   216519.0
2017-03-08  16.36  16.340   135110.0
2017-03-09  16.38  16.530   274656.0
2017-03-10  16.70  16.560   149565.0
2017-03-13  16.55  16.570   170536.0
2017-03-14  16.50  16.490   106670.0
2017-03-15  16.50  16.810   209515.0
2017-03-16  16.83  17.010   163225.0
2017-03-17  16.95  17.350   478970.0
2017-03-20  17.45  17.320   210177.0
2017-03-21  17.38  17.000   304977.0
2017-03-22  16.95  16.670   504889.0
2017-03-23  16.64  16.550   309698.0
2017-03-24  16.56  16.440   256490.0
2017-03-27  16.29  16.690   242964.0
2017-03-28  16.64  16.700   277787.0
2017-03-29  16.67  16.600   247282.0
2017-03-30  16.71  16.600   285096.0
2017-03-31  16.61  16.790   301186.0
2017-04-03  16.78  16.540   191844.0
2017-04-04  16.50  16.610   179919.0
2017-04-05  16.65  16.410   284275.0
2017-04-06  16.41  16.320   267582.0
2017-04-07  16.30  16.290   178736.0
2017-04-10  16.31  16.130   233364.0
2017-04-11  16.13  16.190   302739.0
2017-04-12  16.18  15.790   234117.0
2017-04-13  15.76  15.720   250408.0
2017-04-17  15.81  16.050   405900.0
2017-04-18  16.00  15.900   505400.0
2017-04-19  16.60  18.010  2727032.0
2017-04-20  18.18  18.000   857389.0
2017-04-21  17.98  17.620   408337.0
2017-04-24  17.80  17.920   428957.0
2017-04-25  18.20  18.060   566268.0
2017-04-26  18.01  18.090   718039.0
2017-04-27  18.10  17.970   227991.0
2017-04-28  18.00  17.940   281534.0
2017-05-01  17.96  18.100   503483.0
2017-05-02  18.12  18.080   217240.0
2017-05-03  18.03  18.110   190878.0
2017-05-04  18.15  18.240   480376.0
2017-05-05  18.29  18.660   481673.0
2017-05-08  18.64  18.600   197574.0
2017-05-09  18.58  18.600   195437.0
2017-05-10  18.58  18.830   276561.0
2017-05-11  18.80  18.620   170268.0
2017-05-12  18.62  18.540   213113.0
2017-05-15  18.53  18.700   200394.0
2017-05-16  18.79  19.030   382419.0
2017-05-17  18.76  18.500   646543.0
2017-05-18  18.43  18.510   273061.0
2017-05-19  18.47  18.560   245496.0
2017-05-22  18.66  18.820   141324.0
2017-05-23  18.81  18.780   203375.0
2017-05-24  18.84  18.800   132784.0
2017-05-25  18.82  18.790   133244.0
2017-05-26  18.74  18.700   124121.0
2017-05-30  18.68  18.780   130151.0
2017-05-31  18.89  18.900   186634.0
2017-06-01  18.98  19.430   309920.0
2017-06-02  19.58  19.630   243607.0
2017-06-05  19.61  19.470   132052.0
2017-06-06  19.45  19.340   206533.0
2017-06-07  19.37  19.290   279632.0
2017-06-08  19.29  19.560   436699.0
2017-06-09  19.51  19.130   264979.0
2017-06-12  19.04  19.350   256862.0
2017-06-13  19.39  19.690   255361.0
2017-06-14  19.71  19.590   311949.0
2017-06-15  19.38  19.670   200456.0
2017-06-16  19.54  19.380   353341.0
2017-06-19  19.40  19.730   198344.0
2017-06-20  19.70  19.370   359912.0
2017-06-21  19.43  19.320   154777.0
2017-06-22  19.35  19.650   246518.0
2017-06-23  19.70  20.120   589481.0
2017-06-26  20.22  19.620   490302.0
2017-06-27  19.57  19.250   633010.0
2017-06-28  19.27  20.440  1611631.0
2017-06-29  20.43  20.170   461424.0
2017-06-30  20.28  20.330   499191.0
2017-07-03  20.47  20.160   124624.0
2017-07-05  20.15  20.000   406661.0
2017-07-06  19.85  19.300   387373.0
2017-07-07  19.39  19.620   287289.0
2017-07-10  19.58  19.550   194814.0
2017-07-11  19.59  19.500   237683.0
2017-07-12  19.67  19.490   219525.0
2017-07-13  19.45  19.490   175384.0
2017-07-14  19.41  19.360   211209.0
2017-07-17  19.37  19.300   221788.0
2017-07-18  19.18  19.040   274764.0
2017-07-19  19.04  19.240   265204.0
2017-07-20  19.31  19.180   311442.0
2017-07-21  19.23  19.260   302144.0
2017-07-24  19.24  19.300   194729.0
2017-07-25  19.36  19.440   381155.0
2017-07-26  19.50  19.500   377544.0
2017-07-27  19.55  19.360   146957.0
2017-07-28  19.28  19.320   141804.0
2017-07-31  19.35  19.100   335419.0
2017-08-01  19.26  19.520   211118.0
2017-08-02  19.53  19.100   149866.0
2017-08-03  19.07  18.980   147468.0
2017-08-04  18.97  18.970   159244.0
2017-08-07  18.95  18.970   348399.0
2017-08-08  18.91  18.980   189184.0
2017-08-09  18.83  18.860   140261.0
2017-08-10  18.72  18.100   357611.0
2017-08-11  18.16  17.990   226325.0
2017-08-14  18.08  18.500   164111.0
2017-08-15  18.51  18.230    81589.0
2017-08-16  18.33  18.420   160540.0
2017-08-17  18.28  17.990   226392.0
2017-08-18  17.90  17.890   206190.0
2017-08-21  17.86  17.840   113208.0
2017-08-22  17.87  18.180   154813.0
2017-08-23  18.03  18.260   143928.0
2017-08-24  18.31  18.580   183579.0
2017-08-25  18.63  18.520   167279.0
2017-08-28  18.65  18.350   183673.0
2017-08-29  18.23  18.540   218660.0
2017-08-30  18.53  18.610   146505.0
2017-08-31  18.61  18.540   219412.0
2017-09-01  18.55  18.470   159995.0
2017-09-05  18.41  18.340   140182.0
2017-09-06  18.45  18.410   217723.0
2017-09-07  18.65  19.380   898949.0
2017-09-08  19.30  18.890   319886.0
2017-09-11  19.07  19.110   170556.0
2017-09-12  19.21  19.450   182327.0
2017-09-13  19.33  19.170   144737.0
2017-09-14  19.14  19.290   207886.0
2017-09-15  19.20  19.360   379640.0
2017-09-18  19.46  19.990   223155.0
2017-09-19  20.02  20.200   182809.0
2017-09-20  20.12  19.990   215102.0
2017-09-21  19.93  19.870   117930.0
2017-09-22  19.80  20.420   253802.0
2017-09-25  20.36  19.880   352018.0
2017-09-26  20.02  20.070   231790.0
2017-09-27  20.22  20.670   234378.0
2017-09-28  20.65  21.120   636545.0
2017-09-29  21.22  23.250  1747164.0
2017-10-02  23.29  24.270  1546052.0
2017-10-03  24.25  24.090   441828.0
2017-10-04  23.00  23.260   852079.0
2017-10-05  23.43  23.990   311428.0
2017-10-06  23.99  23.700   303200.0
2017-10-09  23.96  23.800   393012.0
2017-10-10  24.00  23.850   244208.0
2017-10-11  23.79  23.910   208463.0
2017-10-12  23.91  23.900   222724.0
2017-10-13  23.95  23.530   214925.0
2017-10-16  23.53  23.050   353365.0
2017-10-17  23.06  23.000   129077.0
2017-10-18  23.05  22.730   267190.0
2017-10-19  22.56  22.620   268732.0
2017-10-20  22.81  22.830   237606.0
2017-10-23  22.82  22.560   108842.0
2017-10-24  22.61  22.620   136162.0
2017-10-25  22.57  22.710   271937.0
2017-10-26  22.75  22.970   270437.0
2017-10-27  22.97  23.280   300011.0
2017-10-30  23.20  22.660   241204.0
2017-10-31  22.78  22.730   192028.0
2017-11-01  22.90  22.090   326198.0
2017-11-02  22.10  22.190   258844.0
2017-11-03  22.26  21.690   269278.0
2017-11-06  21.60  21.780   242456.0
2017-11-07  21.67  21.470   224233.0
2017-11-09  21.19  21.320   152624.0
2017-11-10  21.25  21.200   131068.0
2017-11-13  21.02  21.610   185706.0
2017-11-14  21.57  21.550   165791.0
2017-11-15  21.38  21.330   101831.0
2017-11-16  21.44  21.790   110387.0
2017-11-17  21.67  21.680    87412.0
2017-11-20  21.68  22.140   122112.0
2017-11-21  22.25  22.380   186558.0
2017-11-22  22.40  22.110   189438.0
2017-11-24  22.25  22.170    82981.0
2017-11-27  22.16  22.290   181178.0
2017-11-28  22.41  22.710   225392.0
2017-11-29  22.62  22.500   176306.0
2017-11-30  22.61  22.850   200704.0
2017-12-01  22.83  22.360   199748.0
2017-12-04  22.61  22.430   373174.0
2017-12-05  22.45  22.500   201617.0
2017-12-06  22.38  22.140   234464.0
2017-12-07  22.22  22.110   311160.0
2017-12-08  22.15  22.040   110205.0
2017-12-11  22.03  21.920   187975.0
2017-12-12  21.98  21.750   181326.0
2017-12-13  21.82  21.990   184942.0
2017-12-14  22.10  21.390   209100.0
2017-12-15  21.45  22.290   592333.0
2017-12-18  22.37  22.840   279760.0
2017-12-19  23.50  23.210   632456.0
2017-12-20  23.41  23.310   384663.0
2017-12-21  23.33  23.670   770667.0
2017-12-22  22.55  21.045  1324734.0
2017-12-26  21.03  20.800   610707.0
2017-12-27  20.81  21.290   435759.0
2017-12-28  21.37  21.200   435809.0
2017-12-29  21.20  21.430   295278.0
2018-01-02  21.41  21.760   485814.0
2018-01-03  21.91  22.230   518124.0
2018-01-04  22.56  22.520   322097.0
2018-01-05  22.57  22.410   217224.0
2018-01-08  22.39  22.700   311623.0
2018-01-09  22.82  23.000   490286.0
2018-01-10  22.86  22.290   406165.0
2018-01-11  22.38  23.150   282255.0
2018-01-12  23.20  23.410   378507.0
2018-01-16  23.51  22.850   779424.0
2018-01-17  23.05  22.940   211664.0
2018-01-18  22.98  22.900   204434.0
2018-01-19  22.95  23.110   190857.0
2018-01-22  22.98  23.130   163749.0
2018-01-23  23.09  23.010   168468.0
2018-01-24  23.14  22.760   242913.0
2018-01-25  23.87  25.030  1339710.0
2018-01-26  25.13  24.850   478888.0
2018-01-29  24.66  24.690   265815.0
2018-01-30  24.39  24.470   226831.0
2018-01-31  24.49  24.480   278639.0
2018-02-01  24.38  24.580   237790.0
2018-02-02  24.61  24.760   316810.0
2018-02-05  24.55  23.970   451923.0
2018-02-06  23.42  23.840   544490.0
2018-02-07  23.85  23.910   245058.0
2018-02-08  23.89  23.020   196216.0
2018-02-09  23.30  23.220   241465.0
2018-02-12  23.37  23.370   136691.0
2018-02-13  23.18  23.300   237082.0
2018-02-14  23.17  23.910   227031.0
2018-02-15  24.12  24.410   196982.0
2018-02-16  25.41  24.730   543087.0
2018-02-20  24.60  24.100   364994.0
2018-02-21  24.18  24.510   217397.0
2018-02-22  24.54  23.540   411140.0
2018-02-23  23.68  23.950   134977.0
2018-02-26  23.96  24.100   309632.0
2018-02-27  24.05  23.810   235276.0
2018-02-28  23.96  23.400   184067.0
2018-03-01  23.40  23.400   340471.0
2018-03-02  23.17  24.030   181947.0
2018-03-05  23.89  24.230   125442.0
2018-03-06  24.40  24.530   218649.0
2018-03-07  24.31  24.760   188208.0
2018-03-08  23.36  23.170   656788.0
2018-03-09  23.24  23.760   400851.0
2018-03-12  23.84  23.780   311746.0
2018-03-13  23.82  23.750   212189.0
2018-03-14  23.90  23.960   257075.0
2018-03-15  23.98  24.110   185289.0
2018-03-16  24.09  24.060   493781.0
2018-03-19  23.96  23.630   334018.0
2018-03-20  23.74  23.770    82482.0
2018-03-21  23.72  23.760    66609.0
2018-03-22  23.52  23.310   280269.0
2018-03-23  23.28  22.670   374677.0
2018-03-26  23.07  23.110   187073.0
2018-03-27  23.15  22.780   226273.0