date     open   close      volume
                                      
2016-01-04  49.4200  48.660  12322060.0
2016-01-05  49.3100  48.570  14557118.0
2016-01-06  47.7900  48.930  10374838.0
2016-01-07  48.3900  47.000  11299612.0
2016-01-08  47.4800  46.610  10849101.0
2016-01-11  46.9900  46.740  12094334.0
2016-01-12  47.0700  46.960  12163229.0
2016-01-13  47.5000  44.940  10964540.0
2016-01-14  45.0300  45.340  11554970.0
2016-01-15  43.8800  44.500  16383355.0
2016-01-19  45.8000  45.960  16011957.0
2016-01-20  46.0900  45.690  21927463.0
2016-01-21  46.6500  46.520  12816728.0
2016-01-22  47.0900  46.760   9419541.0
2016-01-25  47.5900  45.940   8602523.0
2016-01-26  46.4900  46.110   8685656.0
2016-01-27  46.3600  44.720  10668326.0
2016-01-28  44.8400  43.200  13995650.0
2016-01-29  43.1400  44.290  12819574.0
2016-02-01  44.7300  45.210   8618232.0
2016-02-02  45.1900  43.610   8993440.0
2016-02-03  43.9700  43.800  10048636.0
2016-02-04  43.7800  44.040   9443445.0
2016-02-05  44.1400  42.010  14205028.0
2016-02-08  41.3100  40.770  15450855.0
2016-02-09  40.3500  41.980  12082362.0
2016-02-10  42.6300  43.270  11353102.0
2016-02-11  42.6200  42.700  10019428.0
2016-02-12  43.0000  42.990   7552684.0
2016-02-16  43.4900  44.580   8126896.0
2016-02-17  44.9800  46.100  10338364.0
2016-02-18  46.4000  46.460  10945832.0
2016-02-19  46.4600  46.720  10578696.0
2016-02-22  47.2000  48.820  12747341.0
2016-02-23  48.4700  48.950   9411450.0
2016-02-24  48.4500  48.940   9236754.0
2016-02-25  49.0800  49.200   7524675.0
2016-02-26  49.3500  47.860  12281849.0
2016-02-29  47.7500  48.240   8029581.0
2016-03-01  48.7300  48.900   8000403.0
2016-03-02  48.1000  48.550   8938116.0
2016-03-03  48.5900  48.790   8853732.0
2016-03-04  49.0600  48.670   8516358.0
2016-03-07  48.2400  48.390   8291864.0
2016-03-08  46.7100  46.220  13501327.0
2016-03-09  46.3100  46.740   8448894.0
2016-03-10  47.0000  47.000   8293692.0
2016-03-11  47.4700  47.690   6661087.0
2016-03-14  47.5000  47.890   5793034.0
2016-03-15  47.8200  47.760   4751935.0
2016-03-16  47.4700  48.770   6376616.0
2016-03-17  48.5800  48.620   6577728.0
2016-03-18  48.6700  50.050  12483812.0
2016-03-21  50.0400  50.120   7283948.0
2016-03-22  48.7100  49.390  13351467.0
2016-03-23  49.5900  48.910   8782694.0
2016-03-24  48.4800  47.840   9138586.0
2016-03-28  47.9000  48.200   5886998.0
2016-03-29  48.1000  49.130   7302065.0
2016-03-30  49.5400  49.330   5776900.0
2016-03-31  49.3700  48.680   6549161.0
2016-04-01  47.5000  47.010  13931452.0
2016-04-04  47.1100  47.150   7863404.0
2016-04-05  46.9700  47.160   6506449.0
2016-04-06  47.2200  47.200   5542624.0
2016-04-07  47.0000  45.800  10434199.0
2016-04-08  46.1000  46.290   5843411.0
2016-04-11  46.8700  46.550   8879208.0
2016-04-12  46.8300  46.630   8254132.0
2016-04-13  47.1500  48.040  10870826.0
2016-04-14  48.9500  48.490  15904170.0
2016-04-15  48.7400  47.500  11819819.0
2016-04-18  47.6500  46.550  11664490.0
2016-04-19  46.6900  46.870   8759308.0
2016-04-20  46.9000  46.600   8396633.0
2016-04-21  46.2800  44.970  15326254.0
2016-04-22  43.4300  44.620  14257622.0
2016-04-25  44.5200  43.930   8774254.0
2016-04-26  44.1500  43.590  11545252.0
2016-04-27  43.7500  43.690   9097391.0
2016-04-28  43.4400  42.860  10229803.0
2016-04-29  42.5500  41.670  16657801.0
2016-05-02  42.1100  42.170  10701798.0
2016-05-03  42.9200  42.920  14319482.0
2016-05-04  42.3700  41.430  14922145.0
2016-05-05  41.5900  41.750  10271051.0
2016-05-06  41.6100  42.040  10777150.0
2016-05-09  42.1100  42.400  10512085.0
2016-05-10  42.4900  42.950   9299153.0
2016-05-11  42.6900  42.300   9037695.0
2016-05-12  42.4400  41.070  13453876.0
2016-05-13  40.7500  41.600  10758564.0
2016-05-16  42.5500  43.000  12303132.0
2016-05-17  42.7900  43.670  16202983.0
2016-05-18  43.4500  43.860  10382850.0
2016-05-19  43.2700  43.100   8860801.0
2016-05-20  43.4200  43.100   5964298.0
2016-05-23  43.0000  42.950   5226008.0
2016-05-24  43.1000  43.630   9359941.0
2016-05-25  43.6800  43.500   7600829.0
2016-05-26  43.4700  42.760   8511517.0
2016-05-27  42.8300  43.120   5509150.0
2016-05-31  43.2500  43.460   9315119.0
2016-06-01  43.3500  43.510   7047876.0
2016-06-02  42.7700  42.450  10103510.0
2016-06-03  42.2200  41.570  15957966.0
2016-06-06  41.5400  41.280  11537819.0
2016-06-07  41.3500  42.100  11445909.0
2016-06-08  42.2000  41.850  13862297.0
2016-06-09  41.7500  42.400   7617241.0
2016-06-10  42.0600  42.040   6787930.0
2016-06-13  41.5900  40.570   9946380.0
2016-06-14  40.4100  39.110  15064210.0
2016-06-15  39.3700  38.890  11041426.0
2016-06-16  38.3700  38.020  13086603.0
2016-06-17  37.9400  38.010  11157832.0
2016-06-20  38.4300  38.090   9921180.0
2016-06-21  38.6700  38.670  11997718.0
2016-06-22  38.5700  38.550   7029786.0
2016-06-23  39.0000  38.310  10948559.0
2016-06-24  36.0900  35.180  26087127.0
2016-06-27  34.8400  33.360  28600221.0
2016-06-28  34.2700  34.670  19673879.0
2016-06-29  35.4000  36.240  15059708.0
2016-06-30  36.2600  36.430  12413660.0
2016-07-01  36.4100  36.770   9406371.0
2016-07-05  36.0000  35.620  14236671.0
2016-07-06  34.9600  35.580  14539406.0
2016-07-07  35.5400  36.370   8775767.0
2016-07-08  36.9000  37.370  12620987.0
2016-07-11  37.6700  38.120  11992437.0
2016-07-12  39.2000  40.210  19526792.0
2016-07-13  40.5000  39.560  13852388.0
2016-07-14  40.3300  40.980  18535532.0
2016-07-15  40.4600  39.980  15189425.0
2016-07-18  40.1700  40.100   8284262.0
2016-07-19  39.8800  40.530   9297024.0
2016-07-20  40.6900  40.210   9541320.0
2016-07-21  39.1100  38.520  17422615.0
2016-07-22  39.0700  38.960   9579252.0
2016-07-25  39.1700  38.960   7160532.0
2016-07-26  38.9700  39.030   9022132.0
2016-07-27  38.8800  38.540   8669811.0
2016-07-28  38.5000  39.360   7354097.0
2016-07-29  39.3700  38.750  10467982.0
2016-08-01  38.9200  39.480   8965279.0
2016-08-02  38.8200  36.390  19993452.0
2016-08-03  36.3800  36.480  10992104.0
2016-08-04  36.5200  36.540   8825297.0
2016-08-05  36.9800  37.670   8097455.0
2016-08-08  37.4600  37.440  10027810.0
2016-08-09  37.7500  37.150   8391968.0
2016-08-10  37.0000  36.480   9604655.0
2016-08-11  36.5800  36.700   7537911.0
2016-08-12  36.6800  36.350   7699982.0
2016-08-15  36.3500  36.920  10784589.0
2016-08-16  36.8100  36.940   9253481.0
2016-08-17  37.0300  37.510  10427938.0
2016-08-18  37.3700  37.070  12103307.0
2016-08-19  36.8100  36.770   7577561.0
2016-08-22  36.5300  36.610  11186137.0
2016-08-23  36.7800  36.690   7588134.0
2016-08-24  36.6300  36.770   7547989.0
2016-08-25  36.6400  36.470   6540006.0
2016-08-26  36.5100  36.090   7882027.0
2016-08-29  36.2700  36.550   5674560.0
2016-08-30  36.5100  37.160   9948591.0
2016-08-31  37.3200  36.750  13838034.0
2016-09-01  37.0000  36.820   7127369.0
2016-09-02  36.6700  37.170  10201908.0
2016-09-06  37.2300  36.820   8040679.0
2016-09-07  37.4500  38.900  16660996.0
2016-09-08  38.8600  39.290  10542146.0
2016-09-09  39.0900  37.750  11696699.0
2016-09-12  37.2400  38.440   8572707.0
2016-09-13  38.2000  37.530  10203943.0
2016-09-14  37.4300  37.120   9468381.0
2016-09-15  37.0900  37.290   9176563.0
2016-09-16  37.0200  36.770  11257486.0
2016-09-19  36.9100  37.570   8768197.0
2016-09-20  37.6000  37.630   7551198.0
2016-09-21  37.7900  38.050   8529574.0
2016-09-22  38.1600  38.500  10915961.0
2016-09-23  38.1800  38.780   6841191.0
2016-09-26  38.5200  38.040   7854191.0
2016-09-27  38.0000  39.210   9596607.0
2016-09-28  39.3000  39.230  10552382.0
2016-09-29  39.0600  39.030   7180352.0
2016-09-30  39.1500  39.360   8888467.0
2016-10-03  39.2500  39.980  11629567.0
2016-10-04  41.2500  40.150  12479189.0
2016-10-05  40.1600  40.320   7408670.0
2016-10-06  40.2600  39.940   9184277.0
2016-10-07  39.8700  38.950  10707033.0
2016-10-10  39.2100  39.770   7994138.0
2016-10-11  40.2500  38.940  12160318.0
2016-10-12  39.0100  39.270  11120902.0
2016-10-13  38.5300  40.010  24274131.0
2016-10-14  40.4500  40.040  12132835.0
2016-10-17  39.7400  39.350  10535123.0
2016-10-18  39.3900  39.460  13433831.0
2016-10-19  39.5500  40.900  13814431.0
2016-10-20  40.8200  41.460  14613324.0
2016-10-21  41.0800  41.170   9050920.0
2016-10-24  41.3900  41.370   8713816.0
2016-10-25  41.2000  41.210   8696041.0
2016-10-26  40.1500  41.400  14175840.0
2016-10-27  41.6200  41.470   9546710.0
2016-10-28  41.3900  41.340   8474660.0
2016-10-31  41.7200  41.770   8696239.0
2016-11-01  41.8400  41.880  10889205.0
2016-11-02  41.8400  41.930  10360880.0
2016-11-03  42.0600  41.920   8142637.0
2016-11-04  41.8050  42.880  10812994.0
2016-11-07  43.4000  44.210  11534720.0
2016-11-08  43.6300  44.530   9731134.0
2016-11-09  43.7000  45.250  13290270.0
2016-11-10  45.4200  45.950  20759884.0
2016-11-11  45.7500  46.380  10272879.0
2016-11-14  46.6200  47.470  11932469.0
2016-11-15  49.0200  47.650  14153165.0
2016-11-16  47.5900  47.380   6886393.0
2016-11-17  47.4100  48.510   8565701.0
2016-11-18  48.8000  48.900   8250898.0
2016-11-21  48.9800  48.610   8665030.0
2016-11-22  48.8400  48.900   8941723.0
2016-11-23  48.7850  49.210   4723993.0
2016-11-25  49.1700  49.240   2241430.0
2016-11-28  49.0800  48.490   9227881.0
2016-11-29  48.5300  48.590   7056045.0
2016-11-30  47.5500  48.180   9245044.0
2016-12-01  47.9600  47.770   9802354.0
2016-12-02  48.3200  48.310   8870335.0
2016-12-05  48.5100  47.820   9240161.0
2016-12-06  48.2100  49.430   9142591.0
2016-12-07  49.4400  51.100  10668334.0
2016-12-08  51.1000  51.350   9488515.0
2016-12-09  52.0000  51.780   8526732.0
2016-12-12  51.0300  49.970   8647603.0
2016-12-13  50.0200  49.660   8855520.0
2016-12-14  49.8600  49.820   9553955.0
2016-12-15  50.4800  50.500  10302149.0
2016-12-16  51.0200  50.160  10038895.0
2016-12-19  50.2200  50.420   4998311.0
2016-12-20  50.4300  50.760   6176252.0
2016-12-21  50.6800  50.920   4077664.0
2016-12-22  50.7700  49.800   5407319.0
2016-12-23  49.9400  49.890   4044336.0
2016-12-27  49.9500  50.360   3365557.0
2016-12-28  50.3500  49.510   4520198.0
2016-12-29  49.5400  49.310   3348252.0
2016-12-30  49.3400  49.190   4532413.0
2017-01-03  49.3700  49.480   5423224.0
2017-01-04  50.0900  50.700   7898483.0
2017-01-05  50.4100  49.730   5805043.0
2017-01-06  49.7900  49.680   6922698.0
2017-01-09  49.4600  49.690   5331627.0
2017-01-10  49.9300  50.930   8440461.0
2017-01-11  51.4600  51.440  10001564.0
2017-01-12  51.3000  50.890  14284080.0
2017-01-13  50.7900  51.230   7380552.0
2017-01-17  50.9900  50.330   7477487.0
2017-01-18  50.1400  50.300   7075844.0
2017-01-19  50.2800  49.700   7012738.0
2017-01-20  49.7700  50.500   7722376.0
2017-01-23  50.2800  48.770   8748645.0
2017-01-24  48.9100  49.440   6398060.0
2017-01-25  49.9900  50.190   8096311.0
2017-01-26  50.6900  50.900   8904799.0
2017-01-27  51.0000  49.700   6850441.0
2017-01-30  48.9500  47.670  12729913.0
2017-01-31  47.7900  47.240  12519678.0
2017-02-01  47.4800  47.260   8376180.0
2017-02-02  46.5900  47.380   8795723.0
2017-02-03  47.5200  47.810   5632267.0
2017-02-06  48.1850  48.260   7163804.0
2017-02-07  48.4400  48.150   7262893.0
2017-02-08  48.2600  48.100   5341441.0
2017-02-09  48.2600  49.330   7274696.0
2017-02-10  49.5500  49.260   5322586.0
2017-02-13  49.3700  50.060   6565871.0
2017-02-14  49.8200  49.860   7023766.0
2017-02-15  50.9500  51.170  12704974.0
2017-02-16  51.1600  50.830   6626729.0
2017-02-17  50.5900  51.230   5427790.0
2017-02-21  51.3000  51.210   6405938.0
2017-02-22  51.0000  50.930   4345077.0
2017-02-23  51.1200  50.480   6470866.0
2017-02-24  50.3800  50.460   8154722.0
2017-02-27  50.3300  50.440   7574194.0
2017-02-28  50.5000  49.930   6948668.0
2017-03-01  50.4100  51.030  14144652.0
2017-03-02  50.0000  49.960  12526935.0
2017-03-03  50.0100  50.130  11176970.0
2017-03-06  49.5000  48.850  11368709.0
2017-03-07  48.5200  47.640  10265954.0
2017-03-08  47.6800  47.670   7170045.0
2017-03-09  47.6900  47.250   8790482.0
2017-03-10  47.3100  47.910   6263119.0
2017-03-13  47.9000  47.350   6995340.0
2017-03-14  47.0200  46.280  14313232.0
2017-03-15  45.9300  47.190  17933048.0
2017-03-16  47.6200  47.410   7898964.0
2017-03-17  47.6237  46.510  12294972.0
2017-03-20  47.2300  46.850   5867109.0
2017-03-21  47.0700  45.520  10366209.0
2017-03-22  45.2500  45.740  12063978.0
2017-03-23  45.8700  45.920   5589249.0
2017-03-24  46.1000  46.000   6288271.0
2017-03-27  45.3700  46.100   9022959.0
2017-03-28  46.1000  46.530   7321053.0
2017-03-29  46.4200  45.950   6321131.0
2017-03-30  46.0200  46.270   4909066.0
2017-03-31  46.1200  45.960   7052745.0
2017-04-03  46.0000  46.320   7398138.0
2017-04-04  45.8400  45.110   8764492.0
2017-04-05  45.4300  45.080   8313359.0
2017-04-06  45.1200  45.260   6080421.0
2017-04-07  45.2200  45.170   9006691.0
2017-04-10  45.0700  44.970   9945396.0
2017-04-11  45.0000  45.290  10503525.0
2017-04-12  46.9700  45.050  14332760.0
2017-04-13  44.8900  44.030  14893976.0
2017-04-17  44.1300  44.350   7140338.0
2017-04-18  44.2000  44.410   7973836.0
2017-04-19  44.8100  45.080   8488167.0
2017-04-20  45.4100  45.930   7679096.0
2017-04-21  45.8500  45.530   6395988.0
2017-04-24  46.5000  46.810  12522646.0
2017-04-25  47.1400  46.730   7839610.0
2017-04-26  46.7300  46.370   7569019.0
2017-04-27  45.6800  45.740  12285710.0
2017-04-28  45.9000  45.440   6515694.0
2017-05-01  45.5900  45.400   6361065.0
2017-05-02  45.6700  47.830  12652171.0
2017-05-03  47.6600  48.310   9791938.0
2017-05-04  48.4600  48.640   7399011.0
2017-05-05  48.6300  48.700   5258322.0
2017-05-08  48.7300  48.520   8626155.0
2017-05-09  49.0000  49.560   8619072.0
2017-05-10  49.3500  49.970   7503704.0
2017-05-11  50.0100  49.690   8789555.0
2017-05-12  49.4900  48.990   7100474.0
2017-05-15  49.1200  49.510   5443709.0
2017-05-16  49.6200  49.510   6376766.0
2017-05-17  48.8300  47.740   8098663.0
2017-05-18  47.6400  47.660   4947657.0
2017-05-19  47.8500  48.200   6118334.0
2017-05-22  48.3700  48.490   6493224.0
2017-05-23  48.5600  48.590   5584365.0
2017-05-24  48.6700  48.870   5139550.0
2017-05-25  48.9900  50.400   7243346.0
2017-05-26  50.3100  50.800   5659918.0
2017-05-30  50.5900  49.060  10446774.0
2017-05-31  49.1900  49.130   7863480.0
2017-06-01  49.3200  49.850   7402241.0
2017-06-02  50.5500  51.190  11692426.0
2017-06-05  50.9900  51.390   9010412.0
2017-06-06  51.1500  51.230   6513278.0
2017-06-07  51.0100  52.270  10763908.0
2017-06-08  52.5000  52.840   8937212.0
2017-06-09  52.9000  53.010   9675761.0
2017-06-12  52.9500  52.250   9565246.0
2017-06-13  52.2600  51.870   8210441.0
2017-06-14  52.0100  51.910   5978606.0
2017-06-15  51.6300  51.560   6838079.0
2017-06-16  51.5500  52.000   6021600.0
2017-06-19  52.1000  52.510   7345137.0
2017-06-20  52.6800  51.760   7029949.0
2017-06-21  52.0500  52.270   5103451.0
2017-06-22  52.9900  52.810   7226242.0
2017-06-23  52.8000  52.920  12077876.0
2017-06-26  53.0200  52.870   6125818.0
2017-06-27  52.8600  52.840   5888463.0
2017-06-28  53.2500  53.840   6678300.0
2017-06-29  54.1100  53.870   7096437.0
2017-06-30  54.0000  53.740   4971586.0
2017-07-03  54.2600  54.060   3532131.0
2017-07-05  54.1500  54.330   5770514.0
2017-07-06  54.1800  54.370   6153361.0
2017-07-07  54.5500  55.460   7388402.0
2017-07-10  55.0400  54.810   7921074.0
2017-07-11  54.8200  54.280   5415241.0
2017-07-12  54.8000  55.480  11965525.0
2017-07-13  54.5500  54.500  13226264.0
2017-07-14  54.5000  55.130   9170652.0
2017-07-17  55.2000  54.640   5294224.0
2017-07-18  54.5000  53.960   6255454.0
2017-07-19  53.7700  53.790  10304315.0
2017-07-20  53.7900  52.830   8292734.0
2017-07-21  52.5500  52.260   6816746.0
2017-07-24  52.1600  51.530   8175084.0
2017-07-25  51.9200  51.140   5753261.0
2017-07-26  51.1500  51.130   7709247.0
2017-07-27  50.4000  50.080  12325605.0
2017-07-28  49.9900  50.330   8630539.0
2017-07-31  50.4700  49.360   9547261.0
2017-08-01  49.7800  50.070   7839852.0
2017-08-02  50.0100  50.010   5190794.0
2017-08-03  50.1200  50.570   5190548.0
2017-08-04  50.7400  50.610   4415580.0
2017-08-07  51.2000  50.750   6237525.0
2017-08-08  50.7500  50.310   5833037.0
2017-08-09  50.0000  49.670   6598383.0
2017-08-10  49.5700  49.040   8877358.0
2017-08-11  48.9500  49.480   6278814.0
2017-08-14  49.9900  50.070   4631815.0
2017-08-15  50.2500  49.920   4051123.0
2017-08-16  50.2400  50.130   3668832.0
2017-08-17  50.0200  47.530  12010638.0
2017-08-18  47.7200  47.530   8315667.0
2017-08-21  47.4900  47.810   4577878.0
2017-08-22  47.9200  47.150   6722879.0
2017-08-23  46.9600  46.180  10950526.0
2017-08-24  46.4800  45.210  13701429.0
2017-08-25  45.4300  46.680  13395326.0
2017-08-28  46.8300  46.950   7781988.0
2017-08-29  46.1400  46.620   5640349.0
2017-08-30  46.4600  46.830   5928216.0
2017-08-31  47.0000  47.190   5922570.0
2017-09-01  47.4200  47.520   6085290.0
2017-09-05  46.7700  45.840  11344696.0
2017-09-06  45.2200  47.390  18625620.0
2017-09-07  47.3000  47.120   7292931.0
2017-09-08  46.9800  47.450   6103645.0
2017-09-11  47.9500  48.820  12394238.0
2017-09-12  48.9400  49.040   5796177.0
2017-09-13  48.9600  48.980   6231094.0
2017-09-14  48.9000  48.270   6247790.0
2017-09-15  48.0500  48.250  17690855.0
2017-09-18  48.3300  47.960   6010386.0
2017-09-19  48.0100  47.900   6772700.0
2017-09-20  48.0000  48.040   5500590.0
2017-09-21  48.0000  48.160   6202292.0
2017-09-22  48.2600  48.470   4587896.0
2017-09-25  48.4200  48.320   5796012.0
2017-09-26  48.4600  48.500   5219682.0
2017-09-27  48.9000  47.720  11631340.0
2017-09-28  47.4600  48.310   8228939.0
2017-09-29  48.4000  48.220   5524120.0
2017-10-02  48.3500  48.070   8596386.0
2017-10-03  48.1500  51.250  15656860.0
2017-10-04  51.2200  51.560   8180895.0
2017-10-05  51.5100  51.680   5260172.0
2017-10-06  51.4000  52.010   5902469.0
2017-10-09  52.0700  51.740   4613063.0
2017-10-10  52.7300  52.700  11292585.0
2017-10-11  53.3800  53.070  11713047.0
2017-10-12  53.1000  53.110   5770050.0
2017-10-13  53.1100  53.960   7203514.0
2017-10-16  53.7800  53.620   4742795.0
2017-10-17  53.5100  52.760   6529250.0
2017-10-18  52.8500  52.860   5338604.0
2017-10-19  52.5700  52.270   9484332.0
2017-10-20  52.6200  53.270   6679612.0
2017-10-23  53.3000  52.280   4078059.0
2017-10-24  52.5000  53.180   5281568.0
2017-10-25  53.2600  52.235   5075473.0
2017-10-26  52.8700  50.930  10881136.0
2017-10-27  50.9200  50.560   7504557.0
2017-10-30  50.2200  50.330   3959619.0
2017-10-31  50.3000  50.030   4703394.0
2017-11-01  50.1900  50.350   5785552.0
2017-11-02  50.4800  50.340   6375160.0
2017-11-03  50.4900  50.400   4103837.0
2017-11-06  50.4000  50.570   6202023.0
2017-11-07  50.5700  49.910   4248138.0
2017-11-09  49.7000  49.190   5476177.0
2017-11-10  49.1900  48.890   6918890.0
2017-11-13  48.6000  48.860   5164451.0
2017-11-14  48.8200  48.900   4855649.0
2017-11-15  48.6600  49.330   6278615.0
2017-11-16  49.4600  50.450   6655811.0
2017-11-17  50.0500  49.820   4850200.0
2017-11-20  49.8400  49.790   4253839.0
2017-11-21  50.0000  50.670   4655528.0
2017-11-22  50.5400  50.410   4159315.0
2017-11-24  50.4800  50.110   1841234.0
2017-11-27  50.0500  49.590   4852506.0
2017-11-28  49.3100  50.580   7921270.0
2017-11-29  50.8300  52.100  10664487.0
2017-11-30  52.5000  52.920   9182389.0
2017-12-01  52.5500  52.060   8852376.0
2017-12-04  53.2700  52.910   8853479.0
2017-12-05  53.1100  52.390   5423445.0
2017-12-06  52.2100  52.300   4070831.0
2017-12-07  52.0000  53.410   7024945.0
2017-12-08  53.9500  53.460   6580327.0
2017-12-11  53.7200  54.370   7242772.0
2017-12-12  54.4700  53.620   5763436.0
2017-12-13  53.8100  53.630   6253471.0
2017-12-14  54.7400  55.250  13564375.0
2017-12-15  55.6100  56.100  13845805.0
2017-12-18  56.5400  56.070   8551648.0
2017-12-19  55.9500  55.750   6435131.0
2017-12-20  55.9800  56.220   7133892.0
2017-12-21  56.5400  56.030   8039804.0
2017-12-22  56.0800  56.030   3889116.0
2017-12-26  55.9000  56.430   3240464.0
2017-12-27  56.3700  56.120   3680469.0
2017-12-28  56.1800  56.350   3639088.0
2017-12-29  56.5300  56.000   3106077.0
2018-01-02  56.2900  56.740   5150413.0
2018-01-03  56.4700  55.690   9318642.0
2018-01-04  55.7300  55.690   8901028.0
2018-01-05  55.7200  55.970   5054618.0
2018-01-08  55.9200  54.680   9388785.0
2018-01-09  54.8000  54.170  10173680.0
2018-01-10  54.7400  55.860  11688578.0
2018-01-11  57.1000  58.520  25645523.0
2018-01-12  59.1100  59.830  12028209.0
2018-01-16  60.2000  59.350  12014631.0
2018-01-17  59.6300  59.720   6067945.0
2018-01-18  59.8000  59.450   5669590.0
2018-01-19  59.6900  60.010   6485454.0
2018-01-22  59.9000  60.130   6866540.0
2018-01-23  60.1000  59.930   6952602.0
2018-01-24  56.4400  56.800  21181342.0
2018-01-25  57.0000  54.810  18249204.0
2018-01-26  55.3100  55.260   9255027.0
2018-01-29  55.0000  55.760   8644537.0
2018-01-30  55.6000  56.120   6946692.0
2018-01-31  56.3000  56.770   8559229.0
2018-02-01  56.5100  56.420   5492024.0
2018-02-02  56.0800  54.620   8738395.0
2018-02-05  54.0000  52.520   9378454.0
2018-02-06  51.8700  53.100  12191954.0
2018-02-07  52.8300  53.850   8975798.0
2018-02-08  53.8500  51.230  12067508.0
2018-02-09  51.9500  50.460  18939648.0
2018-02-12  51.2200  52.050  10548911.0
2018-02-13  51.8600  52.170   8155528.0
2018-02-14  51.8900  52.200   7699777.0
2018-02-15  52.5700  52.950   4867420.0
2018-02-16  52.8700  52.850   5532299.0
2018-02-20  52.5300  52.470   6649571.0
2018-02-21  52.6700  53.160   7579938.0
2018-02-22  53.2600  52.550   4816240.0
2018-02-23  52.8000  53.460   4233231.0
2018-02-26  54.6100  54.690   7346346.0
2018-02-27  54.5900  53.620   5862645.0
2018-02-28  53.8700  53.900   6250367.0
2018-03-01  53.8700  53.350   7876803.0
2018-03-02  52.7800  53.260   6860526.0
2018-03-05  52.9100  53.790   5963984.0
2018-03-06  53.9200  53.840   4650102.0
2018-03-07  53.3600  53.530   4554377.0
2018-03-08  53.9600  54.640   6664934.0
2018-03-09  54.9400  56.090   6840725.0
2018-03-12  56.2500  56.160   6331696.0
2018-03-13  56.3600  56.590   9072363.0
2018-03-14  56.6200  56.150   6976669.0
2018-03-15  56.4700  56.340   4148699.0
2018-03-16  56.4600  56.690   6463292.0
2018-03-19  56.5400  55.960   5659891.0
2018-03-20  56.1600  56.500   4341370.0
2018-03-21  55.4900  55.950   9159784.0
2018-03-22  55.5000  54.670   6577056.0
2018-03-23  54.7800  53.900   7265632.0
2018-03-26  54.5700  55.060   5704464.0
2018-03-27  55.3100  54.260   6630294.0