date    open    close      volume
                                      
2016-01-04  44.090  43.7900  11588667.0
2016-01-05  43.790  44.1500  15463548.0
2016-01-06  43.330  43.9900  19644732.0
2016-01-07  43.040  41.5900  19806422.0
2016-01-08  41.650  40.9900  14529714.0
2016-01-11  41.330  41.6800  10231989.0
2016-01-12  41.680  42.1200  10948477.0
2016-01-13  42.110  40.5900  14091360.0
2016-01-14  41.550  41.3600  12285694.0
2016-01-15  40.560  40.3100  19074422.0
2016-01-19  41.050  41.4600  14058421.0
2016-01-20  40.890  40.6700  12802900.0
2016-01-21  40.820  40.3300   9487335.0
2016-01-22  41.090  41.6000   9511100.0
2016-01-25  41.730  40.2000  13465201.0
2016-01-26  40.240  41.3500   8127475.0
2016-01-27  41.340  41.1200   7742353.0
2016-01-28  41.810  41.5500  11620512.0
2016-01-29  42.080  43.1000  14254490.0
2016-02-01  42.820  42.7300   7960121.0
2016-02-02  42.120  41.9500  11028301.0
2016-02-03  38.380  39.2300  25931224.0
2016-02-04  39.010  38.0200  18818467.0
2016-02-05  37.990  37.7000  30568832.0
2016-02-08  37.270  36.3400  24563759.0
2016-02-09  36.210  37.0500  11313693.0
2016-02-10  37.690  38.0250  12750762.0
2016-02-11  37.150  37.6800  11390996.0
2016-02-12  38.100  38.1000   7097892.0
2016-02-16  38.640  39.1200  11137236.0
2016-02-17  39.480  39.8100  11097670.0
2016-02-18  39.960  39.9600   7250119.0
2016-02-19  39.790  39.8100  13655505.0
2016-02-22  40.000  39.7000   9490106.0
2016-02-23  39.560  40.0700   8003446.0
2016-02-24  39.960  40.7600   8985017.0
2016-02-25  40.850  41.5800   8361643.0
2016-02-26  41.790  40.6900  10024047.0
2016-02-29  40.540  40.5300  10929208.0
2016-03-01  40.990  41.3300   6839216.0
2016-03-02  40.960  41.2200   7183792.0
2016-03-03  41.120  41.8800   7876786.0
2016-03-04  41.970  42.1300   6835859.0
2016-03-07  41.710  41.7300   6904193.0
2016-03-08  41.380  41.3800   7267177.0
2016-03-09  41.550  41.9500   7012762.0
2016-03-10  41.910  41.6700   6852575.0
2016-03-11  41.970  42.3600   6996758.0
2016-03-14  42.030  42.2400   4206476.0
2016-03-15  41.930  41.6400   7374991.0
2016-03-16  41.570  41.7200  10258751.0
2016-03-17  40.550  40.7800  27291133.0
2016-03-18  41.040  40.7400  21610349.0
2016-03-21  40.520  40.6900  12193878.0
2016-03-22  40.560  39.9100  16035113.0
2016-03-23  39.960  39.9400  15611115.0
2016-03-24  39.960  39.5100  10392781.0
2016-03-28  39.670  39.4400  12690754.0
2016-03-29  39.500  40.1000   9554820.0
2016-03-30  40.490  40.4600  10805684.0
2016-03-31  40.560  40.1200  11958548.0
2016-04-01  40.000  41.2400   9114381.0
2016-04-04  41.140  41.2200   8787767.0
2016-04-05  40.700  41.0300  10275108.0
2016-04-06  40.450  41.8800   9083934.0
2016-04-07  41.590  41.5200   7580628.0
2016-04-08  41.690  42.3200   8854435.0
2016-04-11  42.870  42.1600   6692378.0
2016-04-12  42.070  42.4000   5689690.0
2016-04-13  42.660  42.7000   7388105.0
2016-04-14  42.740  42.1600  12085665.0
2016-04-15  42.320  43.0200   7377875.0
2016-04-18  42.800  43.2500   5783810.0
2016-04-19  43.490  43.2600   5339628.0
2016-04-20  43.210  43.1700   6575678.0
2016-04-21  43.010  41.9000   8755347.0
2016-04-22  41.900  42.1900   7208119.0
2016-04-25  42.000  42.2600   5820836.0
2016-04-26  42.270  42.5000   8472693.0
2016-04-27  44.300  43.8800  11940043.0
2016-04-28  43.690  43.3750   7402556.0
2016-04-29  42.980  42.9600  10307042.0
2016-05-02  43.190  44.3100   8180335.0
2016-05-03  43.690  43.6700   5867394.0
2016-05-04  43.460  43.6700   5344743.0
2016-05-05  43.880  43.9200   5104479.0
2016-05-06  43.730  43.9300   4546011.0
2016-05-09  43.940  44.2800   6360483.0
2016-05-10  44.320  45.0400   5503443.0
2016-05-11  44.840  44.4000   5150912.0
2016-05-12  44.510  44.8500   9609377.0
2016-05-13  44.680  44.3600  12203633.0
2016-05-16  44.250  44.5200   5675910.0
2016-05-17  44.560  43.2500   8548831.0
2016-05-18  42.930  43.2400   6612937.0
2016-05-19  43.560  43.2700   5262532.0
2016-05-20  43.300  43.3600   6185752.0
2016-05-23  43.380  43.1900   6582133.0
2016-05-24  43.580  44.1500   6476252.0
2016-05-25  44.110  44.2200   5044708.0
2016-05-26  44.140  44.3500   4381164.0
2016-05-27  44.350  44.7800   5225609.0
2016-05-31  44.770  44.4900  11593306.0
2016-06-01  44.500  44.8300   6449186.0
2016-06-02  44.630  45.0700   5327359.0
2016-06-03  45.020  45.2400   4977585.0
2016-06-06  45.280  45.1200   5831242.0
2016-06-07  45.190  45.3300   5203657.0
2016-06-08  45.250  45.0500   6205263.0
2016-06-09  44.880  45.2200   4428455.0
2016-06-10  44.720  45.0200   5624379.0
2016-06-13  45.200  44.1700   7757808.0
2016-06-14  44.120  44.0200   5282638.0
2016-06-15  44.100  43.8300   5995514.0
2016-06-16  43.690  44.2300   6131547.0
2016-06-17  44.230  44.0400   9147483.0
2016-06-20  44.550  44.2300   5726103.0
2016-06-21  44.410  44.4800   5981072.0
2016-06-22  44.430  44.1800   8506988.0
2016-06-23  44.670  44.8500   5519040.0
2016-06-24  42.770  42.2700  22314471.0
2016-06-27  41.880  41.3800  12884242.0
2016-06-28  41.290  41.8500  10393671.0
2016-06-29  42.220  42.9700  10550366.0
2016-06-30  43.240  45.5100  33312121.0
2016-07-01  45.240  45.1100  12238491.0
2016-07-05  45.050  44.9000   7820438.0
2016-07-06  44.720  45.2000   6838563.0
2016-07-07  45.150  45.1700   6842146.0
2016-07-08  45.630  46.1000   8490313.0
2016-07-11  46.080  45.8500   6572115.0
2016-07-12  45.790  45.7300   6809522.0
2016-07-13  45.830  45.6000   5362084.0
2016-07-14  45.820  45.6800   6900463.0
2016-07-15  45.350  45.3900  10023451.0
2016-07-18  45.650  45.4200   4915557.0
2016-07-19  45.370  45.5800   6328543.0
2016-07-20  45.660  45.1700   5168414.0
2016-07-21  45.140  45.1800   7221489.0
2016-07-22  45.410  45.1300   4097378.0
2016-07-25  45.310  45.7600   9321446.0
2016-07-26  45.700  45.2500   9026543.0
2016-07-27  45.250  43.9400   8888330.0
2016-07-28  43.890  44.1800   7129431.0
2016-07-29  44.060  43.9800   8839919.0
2016-08-01  43.910  43.4800   5903785.0
2016-08-02  43.620  43.0300   6345240.0
2016-08-03  42.980  43.1000   5070939.0
2016-08-04  43.160  42.5000   8960550.0
2016-08-05  42.760  43.2700   8540994.0
2016-08-08  43.310  43.4200   4924671.0
2016-08-09  43.570  43.5200   5518588.0
2016-08-10  43.650  43.4700   3289427.0
2016-08-11  43.650  43.1400   5342970.0
2016-08-12  43.100  43.1700  10828144.0
2016-08-15  43.250  42.9600   5194257.0
2016-08-16  42.950  42.7000   4748425.0
2016-08-17  42.910  43.0100   5585262.0
2016-08-18  42.980  43.2300   4605242.0
2016-08-19  43.070  43.0550   4704483.0
2016-08-22  43.000  43.2000   3856855.0
2016-08-23  43.320  43.2100   5753686.0
2016-08-24  43.290  43.0000   4047883.0
2016-08-25  43.020  43.0800   4833155.0
2016-08-26  43.160  43.0600   4807834.0
2016-08-29  43.170  43.0400   4381939.0
2016-08-30  44.850  44.7400  14198395.0
2016-08-31  44.730  45.0200  11220516.0
2016-09-01  45.140  43.9500  14287169.0
2016-09-02  44.220  44.1900   5968000.0
2016-09-06  44.530  44.4200   5182170.0
2016-09-07  44.440  43.6000   7266133.0
2016-09-08  43.990  43.6400   6539821.0
2016-09-09  43.090  42.0900  10857246.0
2016-09-12  42.420  43.5500  14137993.0
2016-09-13  42.970  42.6900  11695472.0
2016-09-14  42.660  42.5400   9381938.0
2016-09-15  42.380  43.0200   6988098.0
2016-09-16  42.660  42.9100  10721642.0
2016-09-19  42.970  42.8700  13094722.0
2016-09-20  43.280  42.8400   7264868.0
2016-09-21  42.810  42.9300  10801388.0
2016-09-22  43.340  43.3700   7446346.0
2016-09-23  43.340  43.1600   4948125.0
2016-09-26  42.680  42.7200   5585924.0
2016-09-27  43.390  43.1600   8302178.0
2016-09-28  43.110  43.4000   6266313.0
2016-09-29  43.190  43.1400   8816378.0
2016-09-30  43.330  43.9000   9351034.0
2016-10-03  43.710  43.7800   5349872.0
2016-10-04  43.540  43.1600   6014681.0
2016-10-05  43.340  43.0300   5878441.0
2016-10-06  42.900  43.0100   4203740.0
2016-10-07  43.110  42.6900   6807907.0
2016-10-10  42.830  43.0400   5214386.0
2016-10-11  42.980  42.3300   6037292.0
2016-10-12  42.280  42.4100   4281391.0
2016-10-13  41.930  41.8700   5906740.0
2016-10-14  42.210  42.0500   4500112.0
2016-10-17  41.910  41.9900   4057276.0
2016-10-18  42.350  42.1200   4991948.0
2016-10-19  42.090  42.1300   5974242.0
2016-10-20  42.100  42.0900   8088236.0
2016-10-21  41.810  42.2100   7541266.0
2016-10-24  42.430  42.6100   5457548.0
2016-10-25  42.650  42.7600   9774657.0
2016-10-26  44.740  44.3200  21415332.0
2016-10-27  44.550  43.9000   7592214.0
2016-10-28  44.680  45.2000  11470061.0
2016-10-31  45.330  44.9400  10294088.0
2016-11-01  45.030  44.4000   7425708.0
2016-11-02  44.470  43.9900   7351685.0
2016-11-03  44.040  43.3100   6943684.0
2016-11-04  42.660  42.6100   7520785.0
2016-11-07  43.170  44.2200   8820042.0
2016-11-08  44.910  46.0100  15393566.0
2016-11-09  44.060  44.0100  15781787.0
2016-11-10  43.790  41.9200  20053191.0
2016-11-11  41.850  41.1900  12640647.0
2016-11-14  41.310  41.4200  11783115.0
2016-11-15  41.620  42.3700   9941267.0
2016-11-16  41.470  42.5500   9498179.0
2016-11-17  42.700  42.9900   9950570.0
2016-11-18  42.750  42.9200   9760013.0
2016-11-21  42.720  42.9800   6073542.0
2016-11-22  43.080  43.4000   7599316.0
2016-11-23  43.100  42.5000   8454489.0
2016-11-25  42.530  43.2800   3702863.0
2016-11-28  43.230  42.9200   8303281.0
2016-11-29  42.920  42.8600   4870699.0
2016-11-30  42.900  41.2400  12183950.0
2016-12-01  41.340  40.8400  14247030.0
2016-12-02  40.990  41.1700   7444617.0
2016-12-05  41.340  41.0300   7456121.0
2016-12-06  41.040  40.6500   9695937.0
2016-12-07  41.200  41.9400   8967736.0
2016-12-08  41.920  41.3300   6691838.0
2016-12-09  41.410  41.9500   6261570.0
2016-12-12  41.840  42.6600   6232098.0
2016-12-13  42.730  43.0800   7706394.0
2016-12-14  43.170  42.8300  10851441.0
2016-12-15  44.900  44.7100  21568177.0
2016-12-16  44.870  44.3700  17684662.0
2016-12-19  44.480  44.5900  17984664.0
2016-12-20  43.930  44.3200   6531930.0
2016-12-21  44.410  44.8700   8179307.0
2016-12-22  44.860  44.9800   5285102.0
2016-12-23  44.900  45.0100   2354039.0
2016-12-27  45.120  45.0400   5965024.0
2016-12-28  44.980  44.7200   8334290.0
2016-12-29  44.700  44.8400   3226681.0
2016-12-30  44.960  44.3300   5595138.0
2017-01-03  44.710  44.8500   6169941.0
2017-01-04  44.850  44.8000   4817667.0
2017-01-05  44.770  45.0000   7145764.0
2017-01-06  45.080  45.0600   5118553.0
2017-01-09  45.280  44.6900   6490133.0
2017-01-10  44.560  44.1700  10070531.0
2017-01-11  44.120  45.0700   8076803.0
2017-01-12  45.000  44.8900   4278782.0
2017-01-13  44.970  44.6000   5273094.0
2017-01-17  44.560  44.9000   5090852.0
2017-01-18  45.000  45.0300   5576951.0
2017-01-19  45.010  44.5900   6937740.0
2017-01-20  44.930  45.2000   9815208.0
2017-01-23  45.060  44.8600   7453399.0
2017-01-24  44.840  44.9300   8751913.0
2017-01-25  45.150  45.0900   6791357.0
2017-01-26  45.090  44.6100   4829774.0
2017-01-27  44.680  44.2000   9441413.0
2017-01-30  44.180  44.4300   7350161.0
2017-01-31  44.420  44.2800  10229475.0
2017-02-01  44.180  43.8900   6027189.0
2017-02-02  43.880  44.0100   5258323.0
2017-02-03  44.320  44.3600   5238745.0
2017-02-06  44.350  44.0100   4567120.0
2017-02-07  44.040  43.9300   7063229.0
2017-02-08  43.590  44.4700  15334541.0
2017-02-09  44.600  44.7000  11048840.0
2017-02-10  44.800  44.9900   9971159.0
2017-02-13  45.070  45.0300   6873107.0
2017-02-14  45.010  44.9900   5641025.0
2017-02-15  44.790  45.3700   5831927.0
2017-02-16  45.230  43.2000  20664028.0
2017-02-17  41.860  42.5000  29197389.0
2017-02-21  44.260  44.9700  17097555.0
2017-02-22  44.610  44.6500   8174906.0
2017-02-23  44.690  44.8900   6280262.0
2017-02-24  44.980  45.3800   5972154.0
2017-02-27  44.740  43.7700   9277306.0
2017-02-28  43.850  43.9200   8218917.0
2017-03-01  44.160  44.0400  11534800.0
2017-03-02  44.230  43.7800   7333986.0
2017-03-03  43.850  43.7300   5773893.0
2017-03-06  43.420  43.6500   5435737.0
2017-03-07  43.480  43.2300   7798969.0
2017-03-08  43.220  43.1400   7231202.0
2017-03-09  43.270  43.8000   7432330.0
2017-03-10  44.000  43.8500   7144638.0
2017-03-13  43.740  44.2100   5812394.0
2017-03-14  44.130  43.8600   9841477.0
2017-03-15  44.120  44.5500   7940485.0
2017-03-16  44.550  44.8800   6882590.0
2017-03-17  45.060  44.7500  15066957.0
2017-03-20  44.640  44.4400   6801122.0
2017-03-21  44.510  44.1000   6383944.0
2017-03-22  44.190  44.0000   5623529.0
2017-03-23  43.900  44.0200   4556113.0
2017-03-24  44.110  43.8000   5982633.0
2017-03-27  43.640  43.5300   9414101.0
2017-03-28  43.400  43.7000   6172754.0
2017-03-29  43.570  43.7500   5171082.0
2017-03-30  43.650  43.2800   6918390.0
2017-03-31  43.180  43.0800   8233911.0
2017-04-03  43.230  43.0500  12837478.0
2017-04-04  43.640  43.4600   9833255.0
2017-04-05  43.570  44.0100   8553659.0
2017-04-06  43.940  44.1100   7271955.0
2017-04-07  44.130  44.1800   5817976.0
2017-04-10  44.230  44.4000   6773694.0
2017-04-11  44.290  44.0600   5484046.0
2017-04-12  43.840  44.3900   4753490.0
2017-04-13  44.490  44.0400   3970291.0
2017-04-17  44.220  44.1400   4854363.0
2017-04-18  44.200  44.7400   6478145.0
2017-04-19  44.800  44.6200   4718511.0
2017-04-20  44.720  44.9800   4911730.0
2017-04-21  44.980  44.9400   5962197.0
2017-04-24  45.250  45.3900   8241347.0
2017-04-25  45.420  45.5100   6227117.0
2017-04-26  45.570  45.1200   5143717.0
2017-04-27  45.160  45.0000   4784126.0
2017-04-28  45.030  45.0300   4056593.0
2017-05-01  45.040  44.0600   9160721.0
2017-05-02  44.220  43.7700  12941266.0
2017-05-03  45.000  45.0300  12377407.0
2017-05-04  45.250  45.0500  10538093.0
2017-05-05  45.180  44.8300   7258348.0
2017-05-08  44.770  44.5900   7633026.0
2017-05-09  44.530  44.3000   5681988.0
2017-05-10  44.310  44.2500   5688318.0
2017-05-11  44.930  44.6600   5329777.0
2017-05-12  44.590  44.8700   7360216.0
2017-05-15  45.110  45.8100  10536774.0
2017-05-16  45.805  45.5100  10091855.0
2017-05-17  45.540  44.8700   9322331.0
2017-05-18  44.750  45.0000   6143614.0
2017-05-19  45.000  45.7300   6782287.0
2017-05-22  45.650  46.1100   6601306.0
2017-05-23  46.080  46.0500   6275226.0
2017-05-24  46.130  46.1100   5570697.0
2017-05-25  46.230  46.5300   4599762.0
2017-05-26  46.700  46.4400   6767120.0
2017-05-30  46.450  46.3600   5550534.0
2017-05-31  46.350  46.5900   5920548.0
2017-06-01  46.650  46.9500   5634400.0
2017-06-02  47.130  47.1900   5767252.0
2017-06-05  47.150  47.0000   6234698.0
2017-06-06  46.990  46.8100   5228287.0
2017-06-07  47.180  46.7600   4824726.0
2017-06-08  46.740  46.3500   9374683.0
2017-06-09  46.520  45.6200  10722160.0
2017-06-12  45.400  45.3700  12875094.0
2017-06-13  45.290  45.6400   7462992.0
2017-06-14  45.420  45.7300   7065476.0
2017-06-15  45.610  45.8800   6211260.0
2017-06-16  45.410  45.1900  15248424.0
2017-06-19  45.365  45.4800   4973138.0
2017-06-20  45.480  45.0300   7010006.0
2017-06-21  45.230  44.9800   7036549.0
2017-06-22  44.980  44.8500   4985962.0
2017-06-23  45.070  44.9000   7187491.0
2017-06-26  45.100  44.9000   5258196.0
2017-06-27  45.000  43.9700  10778793.0
2017-06-28  44.060  44.0300   8740782.0
2017-06-29  43.900  43.1200   6170841.0
2017-06-30  43.590  43.2000   5678148.0
2017-07-03  43.470  43.2000   4244365.0
2017-07-05  43.150  43.1200   6789519.0
2017-07-06  43.000  43.0592   6945533.0
2017-07-07  42.990  43.2200   8927100.0
2017-07-10  43.270  43.0500   5012295.0
2017-07-11  43.050  42.9900   4765209.0
2017-07-12  43.310  43.2400   5245543.0
2017-07-13  43.180  43.2900   4918634.0
2017-07-14  43.520  43.6200   6004610.0
2017-07-17  43.650  43.6900   4455317.0
2017-07-18  43.760  43.8000   3721311.0
2017-07-19  43.760  44.1400   4753765.0
2017-07-20  44.160  43.8100   6731213.0
2017-07-21  43.780  44.0300   7342453.0
2017-07-24  43.950  43.7500   5079774.0
2017-07-25  44.250  44.2400   7304260.0
2017-07-26  44.320  44.2200   3913268.0
2017-07-27  44.040  44.2400   7537592.0
2017-07-28  44.370  43.9300   6681141.0
2017-07-31  43.990  44.0200   6716423.0
2017-08-01  44.040  43.6200   6641408.0
2017-08-02  44.030  44.1000  13418455.0
2017-08-03  44.200  43.4100   9988572.0
2017-08-04  43.580  43.4800   7910929.0
2017-08-07  43.560  43.9900   7408969.0
2017-08-08  43.770  43.6400   5390404.0
2017-08-09  43.530  43.4700   4612887.0
2017-08-10  43.250  43.2700   5951665.0
2017-08-11  43.340  43.5900   4621196.0
2017-08-14  43.760  43.7000   6027685.0
2017-08-15  43.680  43.8600   7716273.0
2017-08-16  44.220  44.1900   6496244.0
2017-08-17  43.460  43.4100   6438764.0
2017-08-18  43.460  42.9400   6717420.0
2017-08-21  42.900  43.1100   3830024.0
2017-08-22  43.120  43.4400   3579457.0
2017-08-23  43.490  43.1000   3827770.0
2017-08-24  42.990  41.8800  15865021.0
2017-08-25  41.960  41.4800  11343179.0
2017-08-28  41.620  41.3000  12828221.0
2017-08-29  41.290  41.8900   7605515.0
2017-08-30  41.760  41.6300  27415099.0
2017-08-31  41.550  40.6600  16766155.0
2017-09-01  40.790  40.8800   6794833.0
2017-09-05  40.950  40.7300  10615065.0
2017-09-06  40.780  40.5900  10186464.0
2017-09-07  40.770  40.9600  12018422.0
2017-09-08  40.970  40.6300   9811068.0
2017-09-11  40.830  41.1900   8599941.0
2017-09-12  41.330  40.9800   6180654.0
2017-09-13  41.000  41.1200   8253616.0
2017-09-14  41.120  40.6800   8347830.0
2017-09-15  40.630  40.8600  10834303.0
2017-09-18  41.000  40.7100   9519612.0
2017-09-19  40.740  40.5800   7442532.0
2017-09-20  40.645  40.4100  11121233.0
2017-09-21  40.530  40.1900   8179356.0
2017-09-22  40.160  40.0500   8323192.0
2017-09-25  40.100  40.5000   9247707.0
2017-09-26  40.630  40.6300   8546446.0
2017-09-27  40.800  40.5700   9009722.0
2017-09-28  40.480  40.5200   6872313.0
2017-09-29  40.600  40.6600   7956144.0
2017-10-02  40.600  41.1000  15209579.0
2017-10-03  41.290  40.9400   8020612.0
2017-10-04  41.050  41.0200   5724156.0
2017-10-05  41.080  41.1000   6702955.0
2017-10-06  41.150  41.1300   5011773.0
2017-10-09  41.410  40.8100   4669561.0
2017-10-10  40.890  41.4500  10462606.0
2017-10-11  41.450  41.7100   6578930.0
2017-10-12  41.760  41.8100   5081394.0
2017-10-13  42.000  41.6800   7042369.0
2017-10-16  41.640  41.5500   4494441.0
2017-10-17  41.390  41.1300   6175669.0
2017-10-18  41.030  40.8100   5641464.0
2017-10-19  40.840  40.7300   6171499.0
2017-10-20  40.670  41.0200   7491308.0
2017-10-23  41.140  41.0400   5380790.0
2017-10-24  41.050  41.0900   7703938.0
2017-10-25  40.920  41.0800   5751634.0
2017-10-26  41.300  40.9100   6184259.0
2017-10-27  40.380  40.6800   9633052.0
2017-10-30  40.460  39.3000  12986426.0
2017-10-31  42.330  41.4300  16554313.0
2017-11-01  41.850  41.2700   7518212.0
2017-11-02  41.260  41.1600   6866513.0
2017-11-03  41.160  40.9700   5145787.0
2017-11-06  40.940  40.4200   5536643.0
2017-11-07  40.520  41.2100   7095912.0
2017-11-09  41.310  41.3500   6708700.0
2017-11-10  41.120  41.9500   8311189.0
2017-11-13  41.830  42.0500   6799337.0
2017-11-14  41.980  42.5300   8350883.0
2017-11-15  42.470  41.9500   8612929.0
2017-11-16  41.950  42.1900   6763204.0
2017-11-17  42.250  42.3000   9160511.0
2017-11-20  42.300  42.1100   6175934.0
2017-11-21  42.300  42.3200   6306000.0
2017-11-22  42.450  42.3300   5821709.0
2017-11-24  42.260  42.1500   3455230.0
2017-11-27  42.230  42.4700   6174556.0
2017-11-28  42.590  42.6100   5724988.0
2017-11-29  42.640  42.9400   8951772.0
2017-11-30  43.000  42.9400   9007927.0
2017-12-01  42.680  42.9200   8875572.0
2017-12-04  42.500  43.1100   9069835.0
2017-12-05  43.170  42.9900   6954759.0
2017-12-06  43.190  43.3300   7584690.0
2017-12-07  43.240  42.6800   6506535.0
2017-12-08  42.890  42.6500   5653623.0
2017-12-11  42.530  42.8700  10469703.0
2017-12-12  42.770  42.8800  14858299.0
2017-12-13  42.880  42.9400   8919199.0
2017-12-14  42.890  42.7700   9663497.0
2017-12-15  42.890  43.3800  15274213.0
2017-12-18  43.440  43.1100  10983749.0
2017-12-19  43.320  43.2500   6793268.0
2017-12-20  43.380  42.9500   7013801.0
2017-12-21  43.120  43.1000   6367514.0
2017-12-22  43.200  43.3600   8840040.0
2017-12-26  43.420  43.4200   6759409.0
2017-12-27  43.380  43.2500   5488323.0
2017-12-28  43.130  43.0600   4963022.0
2017-12-29  42.960  42.8000   4540548.0
2018-01-02  43.220  42.4100   6421419.0
2018-01-03  42.500  42.5800   8596681.0
2018-01-04  42.720  42.6800   8700768.0
2018-01-05  42.820  43.2300  10732102.0
2018-01-08  43.100  43.0100   8132858.0
2018-01-09  43.140  42.9900   5786643.0
2018-01-10  42.760  42.6300   6346210.0
2018-01-11  42.680  42.5100   6482889.0
2018-01-12  42.650  42.4700   7150056.0
2018-01-16  42.520  42.9900   8568300.0
2018-01-17  43.270  43.8600  11341480.0
2018-01-18  43.780  43.6800   6593195.0
2018-01-19  43.680  44.1400   8726139.0
2018-01-22  43.690  44.2800   6852504.0
2018-01-23  44.070  44.5000   5673048.0
2018-01-24  44.590  44.5900   6652076.0
2018-01-25  44.720  44.4700   7152998.0
2018-01-26  44.610  44.4200   5502839.0
2018-01-29  44.960  44.5400  10285739.0
2018-01-30  44.580  44.3400   6639451.0
2018-01-31  44.330  44.4000  14130893.0
2018-02-01  44.360  45.8700  20056810.0
2018-02-02  45.840  45.5000  10788708.0
2018-02-05  45.320  44.1600  12784056.0
2018-02-06  43.640  44.5500  11787609.0
2018-02-07  44.290  44.0500   8227467.0
2018-02-08  44.170  42.6900  12728730.0
2018-02-09  42.830  42.0000  12551573.0
2018-02-12  42.370  42.5300  15745147.0
2018-02-13  42.260  42.8000   9223503.0
2018-02-14  42.660  42.9600  10078045.0
2018-02-15  43.170  44.0800   8558214.0
2018-02-16  44.050  44.1400   6736549.0
2018-02-20  44.090  43.7800   5112801.0
2018-02-21  43.910  43.6200   9969745.0
2018-02-22  43.740  43.5100   8438493.0
2018-02-23  43.790  43.7500   8692045.0
2018-02-26  44.150  44.7700  12188668.0
2018-02-27  44.400  44.0100  11628199.0
2018-02-28  44.240  43.9000  11235593.0
2018-03-01  43.970  43.6200   8331173.0
2018-03-02  43.440  44.4200  10029815.0
2018-03-05  44.080  45.0600   7365071.0
2018-03-06  45.000  45.5700   9352617.0
2018-03-07  43.500  43.5800  20757086.0
2018-03-08  43.770  44.0000   8237921.0
2018-03-09  44.440  44.2700   9062497.0
2018-03-12  44.550  44.3900   6132787.0
2018-03-13  44.690  44.0400   7106172.0
2018-03-14  44.270  43.8800   7109749.0
2018-03-15  43.770  43.3900   5908795.0
2018-03-16  43.560  43.1900   9128140.0
2018-03-19  43.080  42.3500  15473627.0
2018-03-20  42.390  42.3500   8174406.0
2018-03-21  41.680  42.0300  14543053.0
2018-03-22  41.630  41.0300   8792149.0
2018-03-23  41.140  40.5100  10917445.0
2018-03-26  41.060  41.3300   7208515.0
2018-03-27  41.710  40.9100   6570556.0