date     open    close      volume
                                       
2016-01-04  58.7700  58.2600  13521544.0
2016-01-05  58.7900  58.6500   9617778.0
2016-01-06  57.7000  58.1300   8266322.0
2016-01-07  56.8800  56.6900  11140877.0
2016-01-08  57.4100  56.6300  10427021.0
2016-01-11  57.0000  57.8200  10757313.0
2016-01-12  58.3900  59.4600  12375826.0
2016-01-13  59.8000  57.8700  11303603.0
2016-01-14  57.5100  58.9800  11444106.0
2016-01-15  57.0700  58.0000  15246127.0
2016-01-19  58.6700  58.5500  12288950.0
2016-01-20  57.5700  56.9200  22786359.0
2016-01-21  57.8400  59.0300  20888519.0
2016-01-22  57.5500  59.1700  32820193.0
2016-01-25  59.3600  57.7100  13554262.0
2016-01-26  57.9200  58.6100   8898100.0
2016-01-27  58.8700  57.6300  12491252.0
2016-01-28  58.2900  59.2850  11832368.0
2016-01-29  59.7800  60.7700  13224438.0
2016-02-01  60.6600  61.4000   9529094.0
2016-02-02  60.6600  60.6950   9407352.0
2016-02-03  60.8800  59.5300  12254460.0
2016-02-04  59.4100  58.2900  13944926.0
2016-02-05  58.1000  54.4900  24529008.0
2016-02-08  53.0900  54.1400  21457492.0
2016-02-09  53.1900  54.4200  11605059.0
2016-02-10  55.2800  55.1400  11663942.0
2016-02-11  53.8900  54.9200  12106062.0
2016-02-12  55.5600  55.8600   8680205.0
2016-02-16  56.7900  56.4100  11594766.0
2016-02-17  56.7000  57.6300  11955188.0
2016-02-18  57.5700  56.9600   8493953.0
2016-02-19  56.9200  57.6700   9033620.0
2016-02-22  58.6300  58.8700   8390689.0
2016-02-23  58.4500  58.4600   7064095.0
2016-02-24  57.2100  58.1100  10780882.0
2016-02-25  58.4600  58.7500   6262127.0
2016-02-26  59.0000  58.3400   7473374.0
2016-02-29  58.2500  58.2100   7645081.0
2016-03-01  58.7700  60.0400   9183562.0
2016-03-02  59.8300  59.5600   8856392.0
2016-03-03  59.1200  59.0400   8262455.0
2016-03-04  59.1400  58.7000   8344773.0
2016-03-07  58.4400  58.0000   9204624.0
2016-03-08  57.5800  57.6000   8032442.0
2016-03-09  57.7800  57.0700   9734589.0
2016-03-10  57.5100  57.5200   7023785.0
2016-03-11  58.1000  57.5900  15497560.0
2016-03-14  57.5800  58.6500   9053250.0
2016-03-15  58.3200  59.0800   7428469.0
2016-03-16  58.6500  59.6700   8069427.0
2016-03-17  59.4700  59.5500   7734658.0
2016-03-18  59.9100  59.7000  14313578.0
2016-03-21  59.5600  59.1000   6487185.0
2016-03-22  59.0000  59.3800   8246837.0
2016-03-23  59.1400  58.8300   5794495.0
2016-03-24  58.7000  58.3600   5948307.0
2016-03-28  58.5600  58.9600   5791603.0
2016-03-29  58.8200  59.5500   6031947.0
2016-03-30  60.0000  60.0100   5723499.0
2016-03-31  59.7700  59.7000   5622834.0
2016-04-01  59.6100  61.0200   9401126.0
2016-04-04  61.1000  60.2500   5799864.0
2016-04-05  59.8800  60.0400   4994792.0
2016-04-06  60.0200  60.8300   5667253.0
2016-04-07  60.5900  61.1700   8239174.0
2016-04-08  61.5000  61.0400   5064894.0
2016-04-11  61.2200  60.9000   6103358.0
2016-04-12  58.9500  59.5000  17565750.0
2016-04-13  60.3200  60.2100   9898527.0
2016-04-14  60.2600  60.1300   5157368.0
2016-04-15  60.2400  60.5100   5965310.0
2016-04-18  60.6900  60.8900   7228573.0
2016-04-19  61.1600  60.9000   7283570.0
2016-04-20  61.0400  60.9000   5558770.0
2016-04-21  60.9000  60.6400  12799083.0
2016-04-22  59.0100  57.6800  29836693.0
2016-04-25  57.6200  57.7700   8428038.0
2016-04-26  58.0500  57.7200   8839067.0
2016-04-27  57.5100  56.9000  12390767.0
2016-04-28  56.5900  56.4200   9196560.0
2016-04-29  56.0200  56.2300  12133364.0
2016-05-02  56.2900  57.3600   8616189.0
2016-05-03  56.7000  56.2500   7854260.0
2016-05-04  55.9800  56.3900   6508507.0
2016-05-05  56.3700  56.2500   6215367.0
2016-05-06  55.9600  56.3100   6378690.0
2016-05-09  56.3200  56.6400   5976229.0
2016-05-10  56.8500  57.4900   7931185.0
2016-05-11  57.1300  56.2300   8118920.0
2016-05-12  56.5700  56.3000   6870281.0
2016-05-13  56.4300  55.8200   5466041.0
2016-05-16  55.7000  55.5300   9536192.0
2016-05-17  55.3800  54.8800  10530018.0
2016-05-18  54.7600  54.8000   7468496.0
2016-05-19  54.4300  54.5500   7582848.0
2016-05-20  54.8800  54.6200   8430783.0
2016-05-23  54.6200  54.6000   7352054.0
2016-05-24  54.7400  55.4400   7748697.0
2016-05-25  55.2000  55.1500   8126058.0
2016-05-26  55.5500  55.2900   9451708.0
2016-05-27  55.3600  55.1500   6631120.0
2016-05-31  55.5000  54.8900  12043976.0
2016-06-01  54.7600  54.8200   8761577.0
2016-06-02  54.9000  54.6200   8307488.0
2016-06-03  54.7100  54.6100   6649224.0
2016-06-06  54.7200  55.5900   9900917.0
2016-06-07  55.6500  55.3000   7173072.0
2016-06-08  55.5000  55.2200   7623851.0
2016-06-09  55.1500  55.5800   5927854.0
2016-06-10  54.9200  54.8650   8118651.0
2016-06-13  54.7900  55.0400   7928722.0
2016-06-14  55.0500  55.5700   8036517.0
2016-06-15  55.6400  55.3500   7447317.0
2016-06-16  54.9000  55.5300   7968033.0
2016-06-17  55.6100  55.3100   9503017.0
2016-06-20  55.7700  55.3800   7286681.0
2016-06-21  55.5200  55.8100   7445109.0
2016-06-22  55.8800  55.6100   7215411.0
2016-06-23  55.9800  56.1300   5569431.0
2016-06-24  54.0500  54.6800  14654672.0
2016-06-27  54.2000  53.6900  11650798.0
2016-06-28  54.1000  54.8500   8416950.0
2016-06-29  55.4200  56.7400  11103787.0
2016-06-30  56.8100  57.1200  10215193.0
2016-07-01  57.0400  56.9900   8330308.0
2016-07-05  56.8100  56.7700   7274208.0
2016-07-06  56.5200  56.7500   8474188.0
2016-07-07  56.6600  56.9100   6813347.0
2016-07-08  56.9200  56.5100  12655500.0
2016-07-11  56.8000  56.3200  10394366.0
2016-07-12  56.6500  57.4800  10998486.0
2016-07-13  56.8000  56.4800  12183638.0
2016-07-14  57.0000  57.5900  11353599.0
2016-07-15  57.6900  57.4100   8494000.0
2016-07-18  57.5900  56.9200   7614635.0
2016-07-19  56.8500  56.7600   8719772.0
2016-07-20  57.0000  57.5400   9446396.0
2016-07-21  57.6200  57.6000  16151699.0
2016-07-22  57.6000  57.9000  23899275.0
2016-07-25  57.7200  57.9500  10486019.0
2016-07-26  58.5800  58.3100  10106663.0
2016-07-27  58.3800  57.8500   6551777.0
2016-07-28  57.8800  58.2100   6830059.0
2016-07-29  58.1800  58.0500   6914907.0
2016-08-01  58.0000  57.6300   7997576.0
2016-08-02  57.2500  56.7300   7574622.0
2016-08-03  56.4600  55.9400  11484792.0
2016-08-04  56.0500  55.4200  11193748.0
2016-08-05  55.8000  55.9000   9206197.0
2016-08-08  55.9700  55.3600   9129307.0
2016-08-09  55.3900  55.2000   7136683.0
2016-08-10  55.3700  55.6200   6991077.0
2016-08-11  55.7500  55.4700   6191412.0
2016-08-12  55.2700  55.4700   5039757.0
2016-08-15  55.6500  55.2500   5968728.0
2016-08-16  55.2500  55.3700   5751178.0
2016-08-17  55.7700  55.8000   7410631.0
2016-08-18  55.7800  55.5300   5390990.0
2016-08-19  55.4600  54.9400   8981214.0
2016-08-22  54.9800  55.8500   8837808.0
2016-08-23  56.1700  56.4000   7827873.0
2016-08-24  57.0000  57.0900  13200460.0
2016-08-25  57.0400  57.2900   6686589.0
2016-08-26  57.4800  57.2900   6940511.0
2016-08-29  57.2200  56.8000   7026700.0
2016-08-30  56.6600  56.4000   6377668.0
2016-08-31  56.3100  56.2300   6996894.0
2016-09-01  56.3000  56.3100   6230148.0
2016-09-02  56.5200  56.1800   7441463.0
2016-09-06  56.1800  56.0200   6472907.0
2016-09-07  56.1900  56.3200  11428644.0
2016-09-08  56.1000  55.3000  12673626.0
2016-09-09  55.1400  54.3500  10658120.0
2016-09-12  53.9200  54.7100  11002544.0
2016-09-13  54.3900  53.9800  10050215.0
2016-09-14  54.2600  53.9000   6707850.0
2016-09-15  53.9600  54.1100   8080426.0
2016-09-16  53.9400  53.7400  10207750.0
2016-09-19  53.9600  53.0100   9231628.0
2016-09-20  53.4000  53.3000   8731499.0
2016-09-21  53.4300  53.9800   9213637.0
2016-09-22  54.2000  54.3900   9096709.0
2016-09-23  54.0000  54.4300   6945147.0
2016-09-26  54.2800  54.0400   7755629.0
2016-09-27  54.0000  54.1900   6463747.0
2016-09-28  53.8800  53.9800   8593496.0
2016-09-29  53.8800  53.4500  11993517.0
2016-09-30  53.6500  54.1400  13767754.0
2016-10-03  54.1000  53.8400   5479037.0
2016-10-04  54.1300  53.5300   6176358.0
2016-10-05  53.5000  53.3500   7451916.0
2016-10-06  53.3000  53.1400   6130270.0
2016-10-07  53.3700  53.4600   7279723.0
2016-10-10  53.5300  53.3000   7224335.0
2016-10-11  53.1300  52.9200   9720407.0
2016-10-12  53.0100  53.1600   6320462.0
2016-10-13  52.8800  52.9500   6958128.0
2016-10-14  53.1200  53.0800   6430136.0
2016-10-17  52.9400  52.7600   5223526.0
2016-10-18  53.2400  52.6100   6550399.0
2016-10-19  52.9100  53.1500   9095261.0
2016-10-20  53.3600  53.5900   9286800.0
2016-10-21  53.4200  53.6300   6767204.0
2016-10-24  53.9000  54.1800   6919714.0
2016-10-25  54.1000  53.6700   6052830.0
2016-10-26  53.6000  53.6300   5817798.0
2016-10-27  53.6000  53.5900   7899957.0
2016-10-28  53.6500  53.5300   6620333.0
2016-10-31  53.7000  53.0700   9142509.0
2016-11-01  53.1400  52.5000  15425819.0
2016-11-02  52.3400  52.9800  10851658.0
2016-11-03  52.9900  51.7700  21847292.0
2016-11-04  51.4300  52.7500  21956848.0
2016-11-07  53.5000  54.4900  14916848.0
2016-11-08  54.4000  54.6200   9351994.0
2016-11-09  53.2000  54.5800  13727777.0
2016-11-10  54.6400  53.5700  13621701.0
2016-11-11  53.4300  53.9300   8436435.0
2016-11-14  53.9300  54.2200  10489826.0
2016-11-15  54.0900  54.5900   9588036.0
2016-11-16  54.3300  55.4400  10779155.0
2016-11-17  55.2150  55.8500   8744504.0
2016-11-18  55.7200  55.7700   8740953.0
2016-11-21  55.5100  56.1000   8004000.0
2016-11-22  56.3200  57.1200  10268720.0
2016-11-23  56.9100  57.5900   8183628.0
2016-11-25  57.7000  57.4300   3228848.0
2016-11-28  57.0000  57.5900   8750925.0
2016-11-29  57.6400  58.1700  10582850.0
2016-11-30  58.1900  57.9700   9527959.0
2016-12-01  57.3400  58.5100  12381607.0
2016-12-02  56.6490  57.2100  16869957.0
2016-12-05  56.9600  57.5000   7701167.0
2016-12-06  57.6600  57.4400   7035674.0
2016-12-07  57.5400  58.7600   9094812.0
2016-12-08  59.0000  58.6500   7972498.0
2016-12-09  58.9200  58.7500   7091577.0
2016-12-12  58.5400  58.7700   7736198.0
2016-12-13  58.9900  59.3100   8878080.0
2016-12-14  59.0300  58.7500   9022867.0
2016-12-15  57.9675  57.7100  11837756.0
2016-12-16  58.0100  57.6600  10611461.0
2016-12-19  57.4400  57.6500   6433824.0
2016-12-20  57.8100  57.7000   4888284.0
2016-12-21  57.5000  57.4400   5380537.0
2016-12-22  57.3100  57.1100   6777656.0
2016-12-23  57.2900  57.0100   4298476.0
2016-12-27  56.9900  56.8600   4186157.0
2016-12-28  56.8000  56.3500   5548726.0
2016-12-29  56.3500  56.3200   3781721.0
2016-12-30  56.2800  55.5200   8344508.0
2017-01-03  55.9100  55.3500   7809307.0
2017-01-04  55.5600  55.9900   7796290.0
2017-01-05  56.0800  56.4600   7602321.0
2017-01-06  56.6300  57.1300   8587812.0
2017-01-09  57.2600  58.2000  12640515.0
2017-01-10  58.2200  57.8800   6672024.0
2017-01-11  57.8000  58.1000   6027960.0
2017-01-12  58.0000  58.0300   4733015.0
2017-01-13  58.0300  57.8500   4745840.0
2017-01-17  57.6200  58.0000   5734666.0
2017-01-18  58.3200  58.4500   7375725.0
2017-01-19  58.3100  57.8900   7850480.0
2017-01-20  58.1400  57.6600   7651562.0
2017-01-23  57.4200  57.7600   6814368.0
2017-01-24  57.9300  58.4400  10704103.0
2017-01-25  58.6700  58.7000   7124547.0
2017-01-26  58.7000  58.4600  12382416.0
2017-01-27  55.7500  56.1200  28884899.0
2017-01-30  56.0000  55.9000  13322010.0
2017-01-31  55.8000  55.2200  14307985.0
2017-02-01  55.4900  53.9000  18796871.0
2017-02-02  54.0400  53.8700  15289650.0
2017-02-03  54.2100  55.0600  14161693.0
2017-02-06  55.0100  55.7300  13029829.0
2017-02-07  55.7900  55.2400   9910498.0
2017-02-08  55.1900  55.2200  11681938.0
2017-02-09  55.2300  55.8100  11106757.0
2017-02-10  55.7300  56.2200  11178950.0
2017-02-13  56.5000  56.1100   8027939.0
2017-02-14  56.0200  56.5800   8865947.0
2017-02-15  56.5600  56.8600   6967179.0
2017-02-16  56.9600  56.7300   8524519.0
2017-02-17  56.8000  57.3500  11008366.0
2017-02-21  57.4100  57.5400   8289185.0
2017-02-22  57.5200  57.5700   7876599.0
2017-02-23  57.6000  57.6400   7178627.0
2017-02-24  57.6100  57.4800   7806190.0
2017-02-27  57.2400  56.7800   7702400.0
2017-02-28  56.7100  56.8700   8750655.0
2017-03-01  57.2700  57.1400   7197973.0
2017-03-02  57.0700  57.1200   6595418.0
2017-03-03  56.7000  57.1000   7738064.0
2017-03-06  56.7800  56.6800   9159983.0
2017-03-07  56.5800  56.2000  10890313.0
2017-03-08  56.1500  55.7400  13061632.0
2017-03-09  55.7500  55.1900  17844248.0
2017-03-10  55.3900  54.5300  13886431.0
2017-03-13  54.5700  54.6300   9090230.0
2017-03-14  54.6200  54.2700   7892888.0
2017-03-15  54.3900  54.5400   8712006.0
2017-03-16  54.8500  54.8000   8074278.0
2017-03-17  55.0400  55.7800  15822141.0
2017-03-20  55.8700  55.8100   7948425.0
2017-03-21  56.0500  55.5400   8030642.0
2017-03-22  55.6800  55.8900   8452070.0
2017-03-23  56.1500  55.8500   7357207.0
2017-03-24  56.1100  56.8100  15763000.0
2017-03-27  56.6600  57.2300   8861799.0
2017-03-28  57.1000  57.3500   8331644.0
2017-03-29  57.1700  57.5400   7001635.0
2017-03-30  57.4500  58.1600   8677916.0
2017-03-31  58.1050  58.3900   9156707.0
2017-04-03  58.2800  58.4400   8989831.0
2017-04-04  58.3700  58.3200   6474781.0
2017-04-05  57.9600  58.2200  13656221.0
2017-04-06  58.1300  57.9200   9112533.0
2017-04-07  57.8000  58.0200   6773750.0
2017-04-10  58.0000  57.9500   5266312.0
2017-04-11  57.7400  57.8800   5855091.0
2017-04-12  57.8800  57.5800   5450298.0
2017-04-13  57.6100  57.5100   4871717.0
2017-04-17  57.6800  58.0800   5626042.0
2017-04-18  57.5900  58.3500   5449699.0
2017-04-19  58.6000  59.0400  12000639.0
2017-04-20  59.7100  60.0800  12445862.0
2017-04-21  60.2000  60.6100   8799985.0
2017-04-24  61.0000  61.1100  10719785.0
2017-04-25  60.6500  60.9600  10898830.0
2017-04-26  61.2300  61.5600   8401279.0
2017-04-27  61.6300  61.2808  11269113.0
2017-04-28  59.4100  60.0700  24815725.0
2017-05-01  60.0000  60.1800  10814864.0
2017-05-02  60.1500  60.4900   8924431.0
2017-05-03  60.5200  60.5775   7607320.0
2017-05-04  60.6500  60.8300   6777689.0
2017-05-05  60.8600  60.9500   6383999.0
2017-05-08  61.0700  60.9400   5575430.0
2017-05-09  60.5800  60.9800   5739596.0
2017-05-10  60.8800  60.6600   7170293.0
2017-05-11  60.4500  60.2700   5493696.0
2017-05-12  60.2800  59.9300   5591995.0
2017-05-15  60.4200  60.4500   5770519.0
2017-05-16  60.6800  59.9800   6280300.0
2017-05-17  59.9700  59.7300   7397193.0
2017-05-18  59.7300  59.8200   8556793.0
2017-05-19  59.9400  61.3600  12369022.0
2017-05-22  61.0300  61.2300   6361589.0
2017-05-23  61.4000  61.1500   5560428.0
2017-05-24  61.4000  61.8900   7196112.0
2017-05-25  62.0100  62.9000   8890483.0
2017-05-26  63.0100  63.3000   6050648.0
2017-05-30  63.0700  63.2500   7044647.0
2017-05-31  63.2700  63.6100   6846764.0
2017-06-01  63.5100  63.7500   5982167.0
2017-06-02  63.8800  64.5700   7807382.0
2017-06-05  64.8500  64.2700   6704398.0
2017-06-06  64.2200  64.1600   5391829.0
2017-06-07  64.1300  63.5000   8279632.0
2017-06-08  63.4400  62.2400  11142502.0
2017-06-09  62.3700  62.1900  11168298.0
2017-06-12  61.8000  61.2900  10992631.0
2017-06-13  61.1200  60.9200   9270672.0
2017-06-14  60.6700  60.2700   9594560.0
2017-06-15  59.9200  60.0900   7449256.0
2017-06-16  59.8900  60.1400  11177768.0
2017-06-19  60.3500  60.8808   6710257.0
2017-06-20  60.9800  59.8600   6839696.0
2017-06-21  60.0000  59.9600   5873459.0
2017-06-22  60.0900  59.5100   5569030.0
2017-06-23  59.7600  59.8100   5791112.0
2017-06-26  60.0200  59.6400   5613292.0
2017-06-27  59.5400  58.9600   5573996.0
2017-06-28  59.0600  59.1800   5348326.0
2017-06-29  59.1700  58.3600   7338743.0
2017-06-30  58.6800  58.3100   7961205.0
2017-07-03  58.9000  58.2500   4575263.0
2017-07-05  58.4300  57.9400   7572335.0
2017-07-06  57.8000  57.6000   8793457.0
2017-07-07  57.7900  58.0400   7045031.0
2017-07-10  58.1800  57.8100   4799835.0
2017-07-11  57.9100  57.9000   5338784.0
2017-07-12  58.2100  58.5400   6843581.0
2017-07-13  58.8000  58.3800   8437379.0
2017-07-14  58.4000  58.7600   5312521.0
2017-07-17  58.7300  58.3300   6756801.0
2017-07-18  58.1200  58.2100   8197796.0
2017-07-19  58.1500  58.1100   8096352.0
2017-07-20  58.4100  58.0300  10456126.0
2017-07-21  57.9200  57.9800   6486063.0
2017-07-24  58.0000  58.0200   7411252.0
2017-07-25  58.2150  58.5500   7807274.0
2017-07-26  58.8000  57.9400   8635845.0
2017-07-27  58.2500  59.5000  19868659.0
2017-07-28  55.2300  54.0000  52717344.0
2017-07-31  54.4800  53.9800  20017218.0
2017-08-01  54.5700  54.7300  17950130.0
2017-08-02  54.7500  55.4300  14710582.0
2017-08-03  55.6400  55.6800  13242560.0
2017-08-04  55.9700  55.4400   9139579.0
2017-08-07  55.6000  55.6300   7131714.0
2017-08-08  55.5500  54.5200  10979859.0
2017-08-09  54.4300  53.7400  16632514.0
2017-08-10  53.5200  53.0700  13134466.0
2017-08-11  53.0500  53.1800   9177906.0
2017-08-14  53.6000  53.2200   7278267.0
2017-08-15  53.4100  53.1500   6488661.0
2017-08-16  53.2600  53.5000   7480676.0
2017-08-17  53.3200  53.0400   7026720.0
2017-08-18  52.9200  52.7000  10206054.0
2017-08-21  53.1400  53.1500  12335388.0
2017-08-22  53.4900  54.4500  13943094.0
2017-08-23  53.9600  54.0800  11737984.0
2017-08-24  54.2600  53.9400   8396513.0
2017-08-25  54.6200  54.3600   8575004.0
2017-08-28  54.5400  54.4000   6510840.0
2017-08-29  54.0400  54.1000   6169277.0
2017-08-30  54.0400  54.5200   5566254.0
2017-08-31  54.6800  54.8600   7802312.0
2017-09-01  54.9000  54.9300   7670538.0
2017-09-05  54.9500  55.1300   9132518.0
2017-09-06  55.1200  54.3100  10999931.0
2017-09-07  54.4200  53.4700  13733359.0
2017-09-08  53.3900  53.5100  11328504.0
2017-09-11  53.7900  54.0200   9132164.0
2017-09-12  53.9800  53.5400  10227638.0
2017-09-13  53.5500  54.2900  12678136.0
2017-09-14  54.3800  54.5300   8156214.0
2017-09-15  54.4400  54.6700  10314393.0
2017-09-18  54.8000  54.6900   6301277.0
2017-09-19  54.8400  54.6200   5069325.0
2017-09-20  54.5800  55.1500   6919255.0
2017-09-21  55.0500  55.0100   7153003.0
2017-09-22  55.0500  55.0900   6656971.0
2017-09-25  54.9800  54.9500  10150422.0
2017-09-26  55.0600  55.1300   7559088.0
2017-09-27  55.2500  54.9900   8573611.0
2017-09-28  54.8100  54.5000   7601404.0
2017-09-29  54.3100  53.7100  11867637.0
2017-10-02  53.8600  53.8100   5940306.0
2017-10-03  54.0000  53.9900   6121204.0
2017-10-04  54.1200  53.9300   5488898.0
2017-10-05  54.0600  54.6000   7646353.0
2017-10-06  54.5100  55.1700  10510988.0
2017-10-09  55.3700  55.0200   5758260.0
2017-10-10  55.1000  55.4200   6427316.0
2017-10-11  55.4600  55.6400   8545885.0
2017-10-12  55.6700  55.9700   7191367.0
2017-10-13  56.0000  55.7200   6190946.0
2017-10-16  55.6700  54.9100   7216616.0
2017-10-17  54.8600  54.5100  11156940.0
2017-10-18  54.4600  55.2100   8284251.0
2017-10-19  55.0800  55.4000   5586002.0
2017-10-20  55.3100  54.5700  11665296.0
2017-10-23  54.7700  54.2700   9831150.0
2017-10-24  54.3700  54.2800   7420429.0
2017-10-25  54.2400  54.1600   8089039.0
2017-10-26  54.5000  54.9100  11985337.0
2017-10-27  54.8300  54.8800   9869935.0
2017-10-30  54.7900  55.1700   6408423.0
2017-10-31  55.1600  54.8400   8816620.0
2017-11-01  55.1000  55.1300   7117712.0
2017-11-02  55.1500  54.8700  12481672.0
2017-11-03  54.1600  56.0300  28729036.0
2017-11-06  55.9900  56.5700  10718191.0
2017-11-07  56.3300  57.2200  10986632.0
2017-11-09  57.2000  57.3600  14586364.0
2017-11-10  57.3600  57.0400   7872870.0
2017-11-13  56.8100  56.6400   7570589.0
2017-11-14  56.4700  56.9300   7688973.0
2017-11-15  56.8200  56.7000   8879935.0
2017-11-16  56.9200  57.2400   8304922.0
2017-11-17  57.2400  56.9300   6297502.0
2017-11-20  56.6700  56.8100   6322394.0
2017-11-21  56.9600  57.2600   6260418.0
2017-11-22  57.0700  57.1400   6946384.0
2017-11-24  57.1900  56.8000   3479177.0
2017-11-27  56.8300  55.9100  10296958.0
2017-11-28  56.0300  56.6600   9562722.0
2017-11-29  56.7100  57.5100   9807883.0
2017-11-30  57.6400  57.8200  11143448.0
2017-12-01  57.5000  57.3200  12656498.0
2017-12-04  57.5400  58.7600  13179951.0
2017-12-05  59.2500  59.3400  11119063.0
2017-12-06  59.3800  59.2800   8083109.0
2017-12-07  59.1200  59.1400   5693477.0
2017-12-08  58.5200  58.6100   9873672.0
2017-12-11  58.3900  59.0700   9861062.0
2017-12-12  58.9900  59.2700   5949106.0
2017-12-13  59.4400  59.4900   7609587.0
2017-12-14  59.7300  59.7000   8850316.0
2017-12-15  59.2500  58.2900  20087322.0
2017-12-18  58.4400  58.0300   8604204.0
2017-12-19  58.1300  58.0100   7651380.0
2017-12-20  58.2200  57.7300   7079956.0
2017-12-21  57.9400  57.5800   5896349.0
2017-12-22  57.5700  57.3000   6927124.0
2017-12-26  57.2700  57.1400   5509314.0
2017-12-27  57.1900  57.2700   4707922.0
2017-12-28  57.4700  57.8100   5003847.0
2017-12-29  57.7400  57.4300   5309556.0
2018-01-02  57.9500  57.6300   7199959.0
2018-01-03  57.9300  58.7100   7417389.0
2018-01-04  58.9900  58.9300   5723756.0
2018-01-05  59.2500  59.6100   5996343.0
2018-01-08  59.4800  59.3100   6291099.0
2018-01-09  59.2000  59.1800   5176826.0
2018-01-10  59.2400  59.8200   8614583.0
2018-01-11  59.7600  60.0000   5742148.0
2018-01-12  60.4000  60.4000   6927724.0
2018-01-16  60.3300  60.5600   7861835.0
2018-01-17  61.0000  60.6600   8250221.0
2018-01-18  61.4300  61.0900   8906539.0
2018-01-19  61.2100  61.2600   8138401.0
2018-01-22  61.0400  61.4100  11664335.0
2018-01-23  61.3200  61.6900  10519161.0
2018-01-24  61.5100  60.8300  11764779.0
2018-01-25  61.0300  60.5500  13009129.0
2018-01-26  57.9400  57.9900  51159714.0
2018-01-29  57.5500  57.0200  18709513.0
2018-01-30  56.9600  57.1900  14232179.0
2018-01-31  57.2300  56.8050  12984489.0
2018-02-01  56.2800  56.0000  14628946.0
2018-02-02  55.9000  55.7700  15236577.0
2018-02-05  55.5300  54.8500  13956346.0
2018-02-06  53.6850  55.6000  17197963.0
2018-02-07  55.0800  54.4600  13737297.0
2018-02-08  54.5000  53.7700  15689415.0
2018-02-09  54.2000  54.5400  18304362.0
2018-02-12  54.8600  55.3800  10928389.0
2018-02-13  55.2500  55.6700   8937163.0
2018-02-14  55.4700  55.9900  14098533.0
2018-02-15  56.3600  56.5800  10271457.0
2018-02-16  56.6500  56.4800  10099667.0
2018-02-20  56.2900  55.9700   9357795.0
2018-02-21  55.9300  56.1000   7795338.0
2018-02-22  55.9500  55.4000  10127622.0
2018-02-23  55.6500  56.1400  11209477.0
2018-02-26  56.4200  57.1700   8590227.0
2018-02-27  57.2900  56.5700   8770432.0
2018-02-28  56.8400  57.1000  11207553.0
2018-03-01  57.0000  56.1700  11127627.0
2018-03-02  55.7200  56.9300  11555132.0
2018-03-05  56.8300  56.9900   7835398.0
2018-03-06  57.2500  57.0300   8046794.0
2018-03-07  56.6200  57.0300   7044099.0
2018-03-08  57.2900  57.4700   7220649.0
2018-03-09  57.6700  58.4600   8934513.0
2018-03-12  58.6700  59.4000  10526829.0
2018-03-13  59.7000  59.0500  10349057.0
2018-03-14  59.2800  58.8300   6473498.0
2018-03-15  58.9300  59.3700   7347864.0
2018-03-16  59.3800  59.0000  12133906.0
2018-03-19  58.7000  58.3000   8772712.0
2018-03-20  58.4500  58.6600   5763174.0
2018-03-21  58.7500  58.4700   6473479.0
2018-03-22  58.0300  57.7700   6737470.0
2018-03-23  57.7800  56.3100   9104875.0
2018-03-26  56.9600  57.8000   8377405.0
2018-03-27  58.1000  57.4600   7219644.0