date   open  close       volume
                                    
2016-01-04  4.030  3.950   32839810.0
2016-01-05  3.970  3.905   35008346.0
2016-01-06  3.900  3.890   32568350.0
2016-01-07  3.830  3.840   33252278.0
2016-01-08  3.840  3.810   29613072.0
2016-01-11  3.830  3.820   34551969.0
2016-01-12  3.850  3.790   28951495.0
2016-01-13  3.800  3.710   33886637.0
2016-01-14  3.710  3.720   38439420.0
2016-01-15  3.620  3.630   51858510.0
2016-01-19  3.650  3.660   31706071.0
2016-01-20  3.600  3.600   54409013.0
2016-01-21  3.610  3.660   48632483.0
2016-01-22  3.720  3.730   23135261.0
2016-01-25  3.720  3.650   32370745.0
2016-01-26  3.680  3.730   24294464.0
2016-01-27  3.700  3.630   28904745.0
2016-01-28  3.660  3.640   31206960.0
2016-01-29  3.670  3.700   29196739.0
2016-02-01  3.690  3.720   35440840.0
2016-02-02  3.640  3.570   63187190.0
2016-02-03  3.590  3.500   56245108.0
2016-02-04  3.490  3.510   31792908.0
2016-02-05  3.510  3.420   52071499.0
2016-02-08  3.360  3.360   47640402.0
2016-02-09  3.340  3.350   41649162.0
2016-02-10  3.390  3.400   37084621.0
2016-02-11  3.340  3.380   35222985.0
2016-02-12  3.430  3.460   31424888.0
2016-02-16  3.490  3.490   35586903.0
2016-02-17  3.510  3.565   36141153.0
2016-02-18  3.570  3.580   31993398.0
2016-02-19  3.550  3.620   38529592.0
2016-02-22  3.660  3.700   38876503.0
2016-02-23  3.670  3.610   36109533.0
2016-02-24  3.570  3.600   41071705.0
2016-02-25  3.610  3.690   31331404.0
2016-02-26  3.710  3.690   41422988.0
2016-02-29  3.680  3.720   52317817.0
2016-03-01  3.740  3.760   47581836.0
2016-03-02  3.780  3.815   40092478.0
2016-03-03  3.830  3.870   28017541.0
2016-03-04  3.890  3.910   34859660.0
2016-03-07  3.880  3.900   51019222.0
2016-03-08  3.870  3.875   36391416.0
2016-03-09  3.900  3.950   29305412.0
2016-03-10  3.960  3.880   47536104.0
2016-03-11  3.900  3.910   53622750.0
2016-03-14  3.890  3.920   33659158.0
2016-03-15  3.890  3.900   21278029.0
2016-03-16  3.870  3.950   29887470.0
2016-03-17  3.930  3.940   23724953.0
2016-03-18  3.960  3.950   32090628.0
2016-03-21  3.930  3.910   29018872.0
2016-03-22  3.890  3.920   33124965.0
2016-03-23  3.920  3.860   26661854.0
2016-03-24  3.860  3.870   21362748.0
2016-03-28  3.880  3.910   16817611.0
2016-03-29  3.910  3.935   22578097.0
2016-03-30  3.940  3.960   28556045.0
2016-03-31  3.950  3.950   24577902.0
2016-04-01  3.950  3.960   56991540.0
2016-04-04  3.950  3.900   21333337.0
2016-04-05  3.880  3.870   44164143.0
2016-04-06  3.870  3.925   41537094.0
2016-04-07  3.930  3.820   76317465.0
2016-04-08  3.850  3.850   56198205.0
2016-04-11  3.830  3.810   61105164.0
2016-04-12  3.810  3.860   51360152.0
2016-04-13  3.870  3.920   58527255.0
2016-04-14  3.910  3.890   37926602.0
2016-04-15  3.920  3.900   26323283.0
2016-04-18  3.890  3.850   61978719.0
2016-04-19  3.850  3.925   59839256.0
2016-04-20  3.930  3.930   33861365.0
2016-04-21  3.950  3.940   40367175.0
2016-04-22  3.950  3.960   57195381.0
2016-04-25  3.950  3.970   23787424.0
2016-04-26  3.970  3.970   18733102.0
2016-04-27  3.980  3.980   30312713.0
2016-04-28  4.020  3.920   54449532.0
2016-04-29  3.910  3.950   39230371.0
2016-05-02  3.970  3.970   29060525.0
2016-05-03  3.970  3.950   34312751.0
2016-05-04  3.940  3.880   45310660.0
2016-05-05  3.890  3.880   19092569.0
2016-05-06  3.860  3.930   28276479.0
2016-05-09  3.920  3.930   21711936.0
2016-05-10  3.930  3.980   24587737.0
2016-05-11  3.960  3.930   13527637.0
2016-05-12  3.940  3.910   23935485.0
2016-05-13  3.910  3.890   23695638.0
2016-05-16  3.900  3.910   23427237.0
2016-05-17  3.910  3.890   29082093.0
2016-05-18  3.890  3.890   19243583.0
2016-05-19  3.870  3.910   31739184.0
2016-05-20  3.910  3.940   41001928.0
2016-05-23  3.920  3.910   23329392.0
2016-05-24  3.910  3.960   35182508.0
2016-05-25  3.950  4.000   37319445.0
2016-05-26  4.000  3.980   24885331.0
2016-05-27  3.980  3.960   22311900.0
2016-05-31  3.960  4.020   34802504.0
2016-06-01  4.000  4.020   40332372.0
2016-06-02  4.010  4.010   17620052.0
2016-06-03  4.010  4.000   27937430.0
2016-06-06  4.000  3.990   21271234.0
2016-06-07  4.000  3.990   21537205.0
2016-06-08  3.990  3.975   18786511.0
2016-06-09  3.970  3.985   22327596.0
2016-06-10  3.960  3.920   41811948.0
2016-06-13  3.910  3.900   37399660.0
2016-06-14  3.900  3.910   34914376.0
2016-06-15  3.910  3.910   56474660.0
2016-06-16  3.900  3.940   52423675.0
2016-06-17  3.950  3.920   56275618.0
2016-06-20  3.940  3.980   40272847.0
2016-06-21  3.970  3.980   41603030.0
2016-06-22  3.980  3.955   49253119.0
2016-06-23  3.970  4.000   51563684.0
2016-06-24  3.890  3.880  104860342.0
2016-06-27  3.850  3.760   93624388.0
2016-06-28  3.810  3.830   61772683.0
2016-06-29  3.870  3.920   47483821.0
2016-06-30  3.930  3.950   44080463.0
2016-07-01  3.950  3.970   55401835.0
2016-07-05  3.960  3.940   60213006.0
2016-07-06  3.930  3.990   59320372.0
2016-07-07  4.000  4.030   86291181.0
2016-07-08  4.050  4.120   68799572.0
2016-07-11  4.130  4.140   53374242.0
2016-07-12  4.140  4.100   60077581.0
2016-07-13  4.100  4.090   49663603.0
2016-07-14  4.110  4.140   45735822.0
2016-07-15  4.160  4.160   41015632.0
2016-07-18  4.150  4.170   43133659.0
2016-07-19  4.160  4.170   51727130.0
2016-07-20  4.170  4.180   42948133.0
2016-07-21  4.170  4.160   39750923.0
2016-07-22  4.170  4.210   31966093.0
2016-07-25  4.210  4.150   60544510.0
2016-07-26  4.280  4.350  136526573.0
2016-07-27  4.340  4.400   61113350.0
2016-07-28  4.390  4.360   55096032.0
2016-07-29  4.340  4.390   50087441.0
2016-08-01  4.390  4.340   60966649.0
2016-08-02  4.320  4.230   88283537.0
2016-08-03  4.220  4.230   63001118.0
2016-08-04  4.230  4.230   68734132.0
2016-08-05  4.250  4.240   87020552.0
2016-08-08  4.250  4.220   51230418.0
2016-08-09  4.230  4.190   46236009.0
2016-08-10  4.190  4.210   23944941.0
2016-08-11  4.220  4.230   25016349.0
2016-08-12  4.220  4.205   17488012.0
2016-08-15  4.220  4.235   35726585.0
2016-08-16  4.220  4.200   54071154.0
2016-08-17  4.210  4.240   48104037.0
2016-08-18  4.240  4.190   52287868.0
2016-08-19  4.170  4.190   39233803.0
2016-08-22  4.170  4.170   53188981.0
2016-08-23  4.190  4.190   58757982.0
2016-08-24  4.200  4.140   49723982.0
2016-08-25  4.130  4.150   64344034.0
2016-08-26  4.190  4.160   68545484.0
2016-08-29  4.170  4.160   63129638.0
2016-08-30  4.180  4.160   44488099.0
2016-08-31  4.170  4.140   40136220.0
2016-09-01  4.160  4.150   59516384.0
2016-09-02  4.180  4.180   57130702.0
2016-09-06  4.170  4.160   64786749.0
2016-09-07  4.160  4.175   59805485.0
2016-09-08  4.170  4.195   44900598.0
2016-09-09  4.190  4.100   55138577.0
2016-09-12  4.090  4.140   47750998.0
2016-09-13  4.120  4.090   63960409.0
2016-09-14  4.090  4.090   49752500.0
2016-09-15  4.090  4.165   56750773.0
2016-09-16  4.150  4.110   59261356.0
2016-09-19  4.120  4.140   52422944.0
2016-09-20  4.140  4.130   40210705.0
2016-09-21  4.130  4.175   51731957.0
2016-09-22  4.190  4.205   49313756.0
2016-09-23  4.200  4.205   43030687.0
2016-09-26  4.180  4.165   44585115.0
2016-09-27  4.160  4.160   22051566.0
2016-09-28  4.160  4.165   45448302.0
2016-09-29  4.160  4.145   46136226.0
2016-09-30  4.170  4.170   37873541.0
2016-10-03  4.170  4.190   47291995.0
2016-10-04  4.200  4.180   44344745.0
2016-10-05  4.180  4.160   30974279.0
2016-10-06  4.160  4.155   31686421.0
2016-10-07  4.170  4.160   40665724.0
2016-10-10  4.160  4.135   32851648.0
2016-10-11  4.140  4.080   44560786.0
2016-10-12  4.090  4.100   42036584.0
2016-10-13  4.090  4.100   43000790.0
2016-10-14  4.110  4.110   45339431.0
2016-10-17  4.110  4.110   52503335.0
2016-10-18  4.120  4.100   33193233.0
2016-10-19  4.100  4.135   34371897.0
2016-10-20  4.140  4.130   46044341.0
2016-10-21  4.130  4.150   26274257.0
2016-10-24  4.160  4.180   57320990.0
2016-10-25  4.160  4.190   36836752.0
2016-10-26  4.190  4.240   64212600.0
2016-10-27  4.270  4.110  109802687.0
2016-10-28  4.090  4.110   75986924.0
2016-10-31  4.110  4.170   51452568.0
2016-11-01  4.180  4.160   52575240.0
2016-11-02  4.160  4.130   43124291.0
2016-11-03  4.140  4.130   47261052.0
2016-11-04  4.120  4.140   46380682.0
2016-11-07  4.160  4.215   38840633.0
2016-11-08  4.210  4.270   49969477.0
2016-11-09  4.140  4.290   65588628.0
2016-11-10  4.300  4.310   63629886.0
2016-11-11  4.280  4.360   47189775.0
2016-11-14  4.360  4.485   77276695.0
2016-11-15  4.490  4.580   79195732.0
2016-11-16  4.570  4.520   44046769.0
2016-11-17  4.510  4.580   21799992.0
2016-11-18  4.560  4.560   17834051.0
2016-11-21  4.560  4.570   30447202.0
2016-11-22  4.580  4.610   30531942.0
2016-11-23  4.630  4.590   17718165.0
2016-11-25  4.590  4.605   10666387.0
2016-11-28  4.580  4.540   21318391.0
2016-11-29  4.560  4.610   36473120.0
2016-11-30  4.620  4.570   31387372.0
2016-12-01  4.570  4.555   30968272.0
2016-12-02  4.530  4.300   93331520.0
2016-12-05  4.320  4.330   47752071.0
2016-12-06  4.330  4.410   28000642.0
2016-12-07  4.400  4.500   31742376.0
2016-12-08  4.510  4.540   23204492.0
2016-12-09  4.570  4.535   24422142.0
2016-12-12  4.510  4.450   20662651.0
2016-12-13  4.470  4.540   31613344.0
2016-12-14  4.510  4.510   28339181.0
2016-12-15  4.520  4.490   26275059.0
2016-12-16  4.510  4.520   31024651.0
2016-12-19  4.520  4.530   26722948.0
2016-12-20  4.520  4.530   17072231.0
2016-12-21  4.540  4.530   15025070.0
2016-12-22  4.520  4.510   11433145.0
2016-12-23  4.510  4.510   11110005.0
2016-12-27  4.500  4.525   19641113.0
2016-12-28  4.530  4.500   14938453.0
2016-12-29  4.490  4.475   18442105.0
2016-12-30  4.480  4.450   37080538.0
2017-01-03  4.490  4.440   34124349.0
2017-01-04  4.460  4.530   26824624.0
2017-01-05  4.560  4.640   36249771.0
2017-01-06  4.650  4.560   25179385.0
2017-01-09  4.560  4.600   33707872.0
2017-01-10  4.600  4.630   20563047.0
2017-01-11  4.620  4.590   32473085.0
2017-01-12  4.590  4.580   20030042.0
2017-01-13  4.580  4.610   25423720.0
2017-01-17  4.590  4.570   13021562.0
2017-01-18  4.590  4.600   20555141.0
2017-01-19  4.580  4.590   14409570.0
2017-01-20  4.600  4.590   15345144.0
2017-01-23  4.600  4.590   15005907.0
2017-01-24  4.580  4.630   20400619.0
2017-01-25  4.650  4.675   16501211.0
2017-01-26  4.690  4.750   22979803.0
2017-01-27  4.790  4.750   22676120.0
2017-01-30  4.730  4.760   23972083.0
2017-01-31  4.790  4.720   20486227.0
2017-02-01  4.740  4.770   28270838.0
2017-02-02  4.820  4.750   28321767.0
2017-02-03  4.750  4.800   15099553.0
2017-02-06  4.810  4.775   15205183.0
2017-02-07  4.780  4.715   18467049.0
2017-02-08  4.740  4.700   16709418.0
2017-02-09  4.720  4.705   20447778.0
2017-02-10  4.710  4.730   17518211.0
2017-02-13  4.740  4.760   13661223.0
2017-02-14  4.770  4.740   21646112.0
2017-02-15  4.830  4.880   38959643.0
2017-02-16  4.940  4.910   31892389.0
2017-02-17  4.960  4.940   24734513.0
2017-02-21  4.990  5.040   24486825.0
2017-02-22  5.190  5.150   44246686.0
2017-02-23  5.170  5.070   22439026.0
2017-02-24  5.080  5.120   15519907.0
2017-02-27  5.130  5.180   24265233.0
2017-02-28  5.190  5.090   31917052.0
2017-03-01  5.130  5.165   17826982.0
2017-03-02  5.140  5.130   24661144.0
2017-03-03  5.110  5.105   16033978.0
2017-03-06  5.090  5.090   16144722.0
2017-03-07  5.090  5.120   17325655.0
2017-03-08  5.130  5.160   18605729.0
2017-03-09  5.160  5.150   18787020.0
2017-03-10  5.140  5.190   25657718.0
2017-03-13  5.200  5.440   64034207.0
2017-03-14  5.400  5.390   30020468.0
2017-03-15  5.410  5.300   32033986.0
2017-03-16  5.270  5.330   19257089.0
2017-03-17  5.380  5.360   37674654.0
2017-03-20  5.340  5.310   13595645.0
2017-03-21  5.330  5.190   33384047.0
2017-03-22  5.140  5.100   32553291.0
2017-03-23  5.080  5.130   26404475.0
2017-03-24  5.150  5.100   25606808.0
2017-03-27  5.060  5.100   19520373.0
2017-03-28  5.120  5.110   25445659.0
2017-03-29  5.130  5.140   17380379.0
2017-03-30  5.140  5.210   13840954.0
2017-03-31  5.190  5.150   13604019.0
2017-04-03  5.160  5.100   22411391.0
2017-04-04  5.070  5.120   18324458.0
2017-04-05  5.140  5.110   24344875.0
2017-04-06  5.120  5.130   12840849.0
2017-04-07  5.150  5.160   17353760.0
2017-04-10  5.160  5.100   16337141.0
2017-04-11  5.110  5.060   20427231.0
2017-04-12  5.060  5.090   20892389.0
2017-04-13  5.120  5.100   21715787.0
2017-04-17  5.120  5.050   16404196.0
2017-04-18  5.060  5.060   20346146.0
2017-04-19  5.000  5.070   50429810.0
2017-04-20  5.080  5.070   38430907.0
2017-04-21  5.080  5.070   79330638.0
2017-04-24  5.080  5.130   58065553.0
2017-04-25  5.140  5.205   26257968.0
2017-04-26  5.190  5.110   33631439.0
2017-04-27  5.010  5.020   60522917.0
2017-04-28  5.040  4.950   39160850.0
2017-05-01  4.950  4.960   37949709.0
2017-05-02  4.970  4.840   58772841.0
2017-05-03  4.840  4.850   28323148.0
2017-05-04  4.870  4.835   15999805.0
2017-05-05  4.860  4.890   14482286.0
2017-05-08  4.885  4.900   19780402.0
2017-05-09  4.900  4.870   27155988.0
2017-05-10  4.860  4.850   18174177.0
2017-05-11  4.830  4.830   19252091.0
2017-05-12  4.850  4.810   15975067.0
2017-05-15  4.790  4.780   23517550.0
2017-05-16  4.790  4.790   12734591.0
2017-05-17  4.780  4.730   24457683.0
2017-05-18  4.740  4.860   32686125.0
2017-05-19  4.830  4.910   17674112.0
2017-05-22  4.900  4.940   12124799.0
2017-05-23  4.970  4.970   14889506.0
2017-05-24  5.000  5.110   23991404.0
2017-05-25  5.110  5.120   19310251.0
2017-05-26  5.110  5.290   41255168.0
2017-05-30  5.300  5.230   26021962.0
2017-05-31  5.250  5.250   35474275.0
2017-06-01  5.250  5.460   52543908.0
2017-06-02  5.440  5.485   27776221.0
2017-06-05  5.490  5.380   24284686.0
2017-06-06  5.380  5.290   42157043.0
2017-06-07  5.280  5.320   15156187.0
2017-06-08  5.290  5.400   27354367.0
2017-06-09  5.400  5.200   38292579.0
2017-06-12  5.180  5.200   24785153.0
2017-06-13  5.180  5.250   15009626.0
2017-06-14  5.260  5.160   16491509.0
2017-06-15  5.150  5.180   16153884.0
2017-06-16  5.150  5.175   27208209.0
2017-06-19  5.200  5.240   17648338.0
2017-06-20  5.220  5.180   23431836.0
2017-06-21  5.180  5.240   20569669.0
2017-06-22  5.250  5.240   13902990.0
2017-06-23  5.250  5.350   36510584.0
2017-06-26  5.370  5.300   17354857.0
2017-06-27  5.290  5.260   18254663.0
2017-06-28  5.270  5.400   17109051.0
2017-06-29  5.400  5.360   27630517.0
2017-06-30  5.420  5.470   32982541.0
2017-07-03  5.500  5.380   10342963.0
2017-07-05  5.370  5.420   16747242.0
2017-07-06  5.420  5.350   14662593.0
2017-07-07  5.350  5.370   13658672.0
2017-07-10  5.360  5.340   24004674.0
2017-07-11  5.350  5.390   11850052.0
2017-07-12  5.410  5.405   15773597.0
2017-07-13  5.390  5.430   17426740.0
2017-07-14  5.460  5.480   12986256.0
2017-07-17  5.460  5.460   10105263.0
2017-07-18  5.450  5.410   17368052.0
2017-07-19  5.410  5.440   15731053.0
2017-07-20  5.440  5.470   10661970.0
2017-07-21  5.450  5.470   16775186.0
2017-07-24  5.470  5.380   24045493.0
2017-07-25  5.380  5.390   17971674.0
2017-07-26  5.420  5.390   37584369.0
2017-07-27  5.550  5.830   73090420.0
2017-07-28  5.780  5.810   20794288.0
2017-07-31  5.860  5.860   16405958.0
2017-08-01  5.890  5.790   25006431.0
2017-08-02  5.760  5.680   18418421.0
2017-08-03  5.660  5.645   16772493.0
2017-08-04  5.650  5.560   18908697.0
2017-08-07  5.550  5.600   13978924.0
2017-08-08  5.580  5.550   21605756.0
2017-08-09  5.530  5.550   18226413.0
2017-08-10  5.500  5.500   16823222.0
2017-08-11  5.470  5.570   18308861.0
2017-08-14  5.620  5.630   14744148.0
2017-08-15  5.620  5.600   21274813.0
2017-08-16  5.610  5.590   11202959.0
2017-08-17  5.560  5.480   18725527.0
2017-08-18  5.450  5.490   12494552.0
2017-08-21  5.490  5.520   10369604.0
2017-08-22  5.530  5.670   22742899.0
2017-08-23  5.630  5.560   17511970.0
2017-08-24  5.570  5.580   10801132.0
2017-08-25  5.590  5.580   10239416.0
2017-08-28  5.590  5.580   10251652.0
2017-08-29  5.540  5.630   10800746.0
2017-08-30  5.610  5.700   16236914.0
2017-08-31  5.710  5.750   13827437.0
2017-09-01  5.740  5.690   12984199.0
2017-09-05  5.680  5.590   19872249.0
2017-09-06  5.580  5.600   14225142.0
2017-09-07  5.600  5.550   15471680.0
2017-09-08  5.540  5.480   24802599.0
2017-09-11  5.520  5.530   19423672.0
2017-09-12  5.520  5.590   19121013.0
2017-09-13  5.570  5.420   26852202.0
2017-09-14  5.420  5.440   16548583.0
2017-09-15  5.430  5.510   29192238.0
2017-09-18  5.490  5.480   17906132.0
2017-09-19  5.470  5.470   10552459.0
2017-09-20  5.460  5.500   20266316.0
2017-09-21  5.490  5.490    7361662.0
2017-09-22  5.470  5.540    8239585.0
2017-09-25  5.530  5.500   12801680.0
2017-09-26  5.500  5.440   14024733.0
2017-09-27  5.470  5.530   16001728.0
2017-09-28  5.500  5.440   11646654.0
2017-09-29  5.460  5.520   15717008.0
2017-10-02  5.520  5.500   16041280.0
2017-10-03  5.500  5.600   17233587.0
2017-10-04  5.630  5.730   22459728.0
2017-10-05  5.710  5.740   17057829.0
2017-10-06  5.750  5.730   10774406.0
2017-10-09  5.740  5.720    7146611.0
2017-10-10  5.720  5.650   10050788.0
2017-10-11  5.670  5.720   13822016.0
2017-10-12  5.730  5.710   20135210.0
2017-10-13  5.750  5.710    8672663.0
2017-10-16  5.710  5.700    7855121.0
2017-10-17  5.680  5.710    8773188.0
2017-10-18  5.700  5.750   10628144.0
2017-10-19  5.720  5.740    8770710.0
2017-10-20  5.780  5.755    8238190.0
2017-10-23  5.770  5.700   20088864.0
2017-10-24  5.690  5.720   27103576.0
2017-10-25  5.660  5.560   29205794.0
2017-10-26  5.620  5.580   12787474.0
2017-10-27  5.550  5.540   30501747.0
2017-10-30  5.530  5.510   19648963.0
2017-10-31  5.520  5.440   19507392.0
2017-11-01  5.470  5.440   23069428.0
2017-11-02  5.410  5.340   20594675.0
2017-11-03  5.300  5.300   16707431.0
2017-11-06  5.290  5.350   12421562.0
2017-11-07  5.350  5.340   12479415.0
2017-11-09  5.340  5.310   15163421.0
2017-11-10  5.280  5.340   18667114.0
2017-11-13  5.320  5.500   24610948.0
2017-11-14  5.480  5.350   23626424.0
2017-11-15  5.350  5.380   14564447.0
2017-11-16  5.360  5.400   17001319.0
2017-11-17  5.420  5.460   11825948.0
2017-11-20  5.470  5.430   11527900.0
2017-11-21  5.460  5.460   13122472.0
2017-11-22  5.460  5.440   14047716.0
2017-11-24  5.430  5.440    7844231.0
2017-11-27  5.410  5.440   15372614.0
2017-11-28  5.430  5.430   15103946.0
2017-11-29  5.430  5.480   19174614.0
2017-11-30  5.450  5.500   15724563.0
2017-12-01  5.460  5.540   22272096.0
2017-12-04  5.540  5.610   20383894.0
2017-12-05  5.620  5.740   26040142.0
2017-12-06  5.730  5.600   21120345.0
2017-12-07  5.590  5.630   17407974.0
2017-12-08  5.680  5.640   10484875.0
2017-12-11  5.640  5.640   14816565.0
2017-12-12  5.640  5.690   12293542.0
2017-12-13  5.690  5.690   13238977.0
2017-12-14  5.690  5.660   13391133.0
2017-12-15  5.700  5.370   95377357.0
2017-12-18  5.310  5.430   31389442.0
2017-12-19  5.420  5.320   22317436.0
2017-12-20  5.330  5.260   19526582.0
2017-12-21  5.260  5.270   24826037.0
2017-12-22  5.260  5.370   15226728.0
2017-12-26  5.350  5.420   14650645.0
2017-12-27  5.420  5.390    9355682.0
2017-12-28  5.390  5.380    8545748.0
2017-12-29  5.370  5.360   10445284.0
2018-01-02  5.270  5.205   30447614.0
2018-01-03  5.190  5.200   28639078.0
2018-01-04  5.210  5.310   26803495.0
2018-01-05  5.330  5.330   17178010.0
2018-01-08  5.290  5.310   16090930.0
2018-01-09  5.330  5.310   19331691.0
2018-01-10  5.350  5.555   54261797.0
2018-01-11  5.570  5.500   24537061.0
2018-01-12  5.510  5.480   15572857.0
2018-01-16  5.490  5.380   20545952.0
2018-01-17  5.410  5.440   18735394.0
2018-01-18  5.420  5.470   13232829.0
2018-01-19  5.560  5.600   26090214.0
2018-01-22  5.550  5.650   21525091.0
2018-01-23  5.620  5.680   18128126.0
2018-01-24  5.730  5.720   20850520.0
2018-01-25  5.760  5.770   18768254.0
2018-01-26  5.770  5.980   42298500.0
2018-01-29  6.065  5.980   34902199.0
2018-01-30  5.990  5.950   25406336.0
2018-01-31  5.890  6.105   29465428.0
2018-02-01  6.020  6.110   17563306.0
2018-02-02  6.100  6.110   20389003.0
2018-02-05  6.130  6.040   28096113.0
2018-02-06  5.970  6.035   34646441.0
2018-02-07  6.000  6.000   23043140.0
2018-02-08  5.990  5.850   27639122.0
2018-02-09  5.870  5.815   32388383.0
2018-02-12  5.800  5.850   15815670.0
2018-02-13  5.810  5.960   16944320.0
2018-02-14  5.950  6.090   18730118.0
2018-02-15  6.070  6.150   23414477.0
2018-02-16  6.190  6.110   23865274.0
2018-02-20  6.110  6.110   11850994.0
2018-02-21  6.130  6.130   20272827.0
2018-02-22  6.140  6.150   24296406.0
2018-02-23  6.200  6.270   14686446.0
2018-02-26  6.290  6.330   19346373.0
2018-02-27  6.340  6.290   18453955.0
2018-02-28  6.320  6.280   16580800.0
2018-03-01  6.200  6.290   36371428.0
2018-03-02  6.230  6.300   22370643.0
2018-03-05  6.260  6.320   12715481.0
2018-03-06  6.350  6.360   15614158.0
2018-03-07  6.370  6.470   20258640.0
2018-03-08  6.500  6.480   11152204.0
2018-03-09  6.480  6.540   12334201.0
2018-03-12  6.540  6.600   12967407.0
2018-03-13  6.620  6.530   13258088.0
2018-03-14  6.560  6.480   22264082.0
2018-03-15  6.490  6.400   12270871.0
2018-03-16  6.460  6.480   20268492.0
2018-03-19  6.450  6.350   15770177.0
2018-03-20  6.340  6.320   12284916.0
2018-03-21  6.320  6.370   14991232.0
2018-03-22  6.240  6.260   14131135.0
2018-03-23  6.260  6.170   17221574.0
2018-03-26  6.265  6.320   16027621.0
2018-03-27  6.350  6.200   19384205.0