-0.34
0.44
-4.25
-1.05
-1.68
0.66
-3.48
2.03
-1.33
0.24
0.16
-0.08
2.01
-0.97
-0.27
-1.23
-2.54
4.26
0.11
-1.64
0.32
0.62
-3.69
-3.44
1.64
1.36
-1.45
2.52
2.37
2.13
-1.80
0.67
1.58
-2.26
0.83
0.40
-0.11
-0.64
3.32
1.17
0.41
0.36
0.23
-3.40
0.11
-0.39
3.29
-0.54
-1.87
1.80
0.80
2.29
-1.34
0.58
-1.03
-0.10
0.23
1.62
-0.10
-0.67
1.15
-0.74
-1.87
2.50
-1.91
0.18
-0.33
0.86
2.36
0.22
0.32
0.98
0.22
0.29
0.99
-0.31
-0.41
-0.74
0.63
-0.96
-0.63
1.93
-1.13
-1.75
1.09
1.15
-0.24
1.62
1.10
0.64
-0.26
0.75
3.42
-0.20
0.54
0.74
-0.71
1.03
0.87
0.20
0.68
0.15
0.13
-0.11
-0.39
0.31
-0.24
0.87
-0.13
-1.58
-0.97
-0.02
0.07
0.96
-0.02
1.72
0.04
-0.28
1.41
-5.48
-4.22
2.01
1.51
1.37
0.54
-1.91
1.65
-0.11
2.39
-0.18
2.49
-0.26
0.84
-0.28
0.28
0.38
0.06
-0.72
-0.19
-0.94
1.76
0.66
0.53
1.26
-0.50
-1.44
-0.19
-0.55
1.41
-0.55
0.47
0.13
1.30
0.02
0.62
-0.33
0.31
-3.53
1.93
-0.08
0.50
-2.34
1.20
0.13
0.63
-1.01
-0.34
0.02
0.02
-0.11
0.34
-0.19
-4.55
1.94
-1.86
-0.09
1.29
-1.43
0.36
1.69
0.72
1.37
-0.13
-0.09
0.28
1.03
-1.63
1.47
0.11
-0.66
0.68
0.32
0.17
0.65
-4.19
-0.48
-0.68
-0.18
0.16
0.64
1.28
0.07
-1.04
0.61
-5.10
-0.32
0.02
-0.37
0.81
-0.18
-0.53
0.92
1.51
3.14
-0.20
0.70
2.37
-1.40
-2.24
0.15
1.72
-0.52
-1.96
-0.16
-1.13
0.43
0.54
-2.87
2.02
-1.12
-1.75
1.90
1.14
0.70
0.33
1.80
1.09
-0.35
0.54
-0.54
0.91
-1.40
-1.05
1.72
-0.37
-0.15
0.50
0.67
-1.70
-0.17
-0.18
2.04
1.31
-1.19
3.12
0.31
-0.08
2.39
-1.48
0.35
-0.76
-0.14
-1.26
-0.04
-0.48
-0.08
2.24
-0.50
1.00
-2.01
2.73
0.59
-0.73
0.98
-0.22
0.75
0.58
1.08
-0.22
0.32
-0.26
2.44
-1.51
1.55
-0.54
-0.02
0.25
0.52
-0.15
-0.70
1.44
-1.27
1.17
-1.40
-0.08
0.39
0.04
1.40
0.58
-0.46
3.62
-1.94
0.49
-0.30
-0.92
0.89
0.09
-0.19
0.30
0.38
-0.60
0.38
-0.84
0.62
-1.09
0.17
0.83
-0.58
-0.23
0.21
-0.53
-0.42
2.16
-0.80
0.08
0.11
0.26
2.20
0.68
0.04
1.09
-0.69
1.36
0.23
0.41
0.96
-0.11
-0.56
0.98
-1.06
-0.07
-0.12
0.96
0.23
-1.87
0.14
0.50
-0.09
4.60
0.97
0.12
0.35
1.45
-0.05
0.65
0.13
-0.67
-0.50
0.88
-0.79
-1.56
-0.37
0.49
0.17
-0.29
0.51
1.75
-0.36
-0.90
1.37
-1.39
-0.89
-0.61
0.88
-1.01
0.87
-0.30
1.08
-0.92
0.69
0.39
-0.10
1.56
0.76
0.54
0.05
-0.55
0.28
-0.65
0.64
0.21
-1.56
-1.35
0.32
0.28
-0.48
0.25
0.43
0.28
-0.40
1.23
-1.20
-0.76
-1.86
1.30
0.49
-0.40
4.65
-2.06
0.64
0.80
1.98
-0.30
-0.14
0.35
0.89
0.05
0.65
1.28
-0.53
-0.14
0.65
0.66
-0.18
1.68
0.05
-1.06
0.37
0.43
0.18
0.14
-0.12
-0.26
-0.21
-1.60
-0.96
0.44
-0.64
0.34
1.04
0.43
1.04
-0.20
1.00
0.30
0.06
0.03
1.38
-0.81
-0.12
-1.18
0.48
0.66
0.55
-0.34
0.45
0.12
0.46
0.38
-0.71
0.80
-0.01
0.16
0.35
-0.22
0.04
-1.14
-0.98
0.48
0.49
-0.22
2.12
0.07
1.70
-0.07
-1.75
0.98
-0.07
1.85
-2.69
0.80
-0.79
-3.57
-0.62
0.09
1.24
1.00
-0.56
0.09
-0.57
-0.25
1.65
0.07
0.13
-0.52
0.18
-0.25
-0.15
0.07
0.22
-0.71
0.94
2.54
-0.75
1.60
0.21
2.46
-1.37
0.01
1.31
-0.70
1.17
0.18
1.22
0.56
-0.05
0.19
0.38
1.30
-0.39
-2.07
0.60
-0.82
-2.17
-4.25
0.34
-0.57
-4.42
2.97
2.16
-0.13
1.99
3.33
-0.07
-1.24
0.24
-0.80
0.03
-0.17
-2.24
-0.59
-1.76
0.19
0.06
0.83
2.33
0.22
1.83
-0.59
-0.04
-1.08
0.37
-0.40
-0.80
0.74
-0.64
-2.78
-2.09
3.24
-1.76
