-0.95
1.75
-1.89
-0.20
1.76
2.24
-4.52
1.12
-4.41
0.26
0.51
1.87
0.93
-3.19
1.95
0.13
-3.91
2.23
1.00
-5.97
1.30
1.87
-3.82
-3.27
1.80
2.57
-1.70
3.64
2.09
1.89
0.51
0.56
2.72
-1.13
0.69
1.72
-1.18
0.32
2.02
-0.57
0.70
-0.60
1.20
-3.23
2.16
-0.05
2.02
0.28
-1.13
0.47
-0.50
3.18
0.07
-1.63
-1.96
-3.39
1.01
1.08
0.07
-0.89
-3.63
-0.38
-1.12
-0.08
-1.39
0.36
0.60
1.19
1.91
3.08
-0.63
0.02
1.03
-0.19
-3.03
-4.50
-3.17
-0.22
-0.57
-2.02
-3.56
-0.75
0.44
-3.96
-1.22
0.69
-0.27
2.52
-2.69
-4.66
0.57
1.94
1.62
-0.09
-1.41
-0.44
-0.87
1.32
0.06
-2.05
0.44
0.82
0.13
-0.88
-2.72
1.46
3.52
0.46
2.74
-0.78
-4.04
-4.53
0.43
-4.43
0.69
1.26
1.04
-0.43
1.47
-10.81
-6.58
5.94
3.47
2.20
3.60
-1.36
-2.00
3.70
2.18
3.73
11.23
-0.61
4.15
0.03
0.39
-0.06
-0.25
-2.67
4.00
-1.54
2.09
-0.96
0.39
-2.31
0.28
-5.87
-0.09
0.30
2.56
-0.26
0.70
-1.19
2.28
-0.11
2.72
2.45
-0.41
0.19
-0.49
-1.34
1.11
0.69
0.19
-1.33
-0.17
2.43
-2.02
-0.17
0.80
1.18
4.84
1.55
-2.19
-0.39
-2.53
-2.62
0.05
-2.53
-0.14
-0.82
-1.37
1.67
0.85
-1.74
3.06
-0.44
-0.06
2.21
2.98
-0.19
0.64
0.79
-1.15
3.07
-1.77
-2.15
4.98
-1.50
-0.18
2.00
3.25
-0.10
-1.70
-0.18
-0.35
-0.93
1.50
0.38
1.35
-1.97
-0.23
-0.83
0.91
4.40
0.51
1.70
-0.26
1.49
1.09
3.13
-0.69
3.10
0.94
-0.39
0.00
0.56
1.04
-0.68
0.84
-0.96
-1.49
0.77
-0.82
1.55
4.78
-1.23
3.31
-4.13
0.53
0.17
0.79
-1.39
1.99
1.32
0.51
-1.58
-0.43
0.27
-1.93
-0.88
-1.19
-0.84
0.86
-1.73
0.70
1.88
2.97
0.33
-1.11
-0.94
-1.89
1.90
-0.80
1.57
-2.21
1.28
0.78
3.51
-5.32
-4.37
-1.45
-0.45
-0.09
0.43
2.49
-0.29
-0.24
2.75
0.32
2.07
-1.77
2.08
-1.20
-0.13
-0.21
-1.05
-0.47
0.39
0.09
0.09
1.57
-2.91
2.41
-3.23
-1.04
0.11
-3.48
1.32
-3.49
-2.74
2.14
0.10
-0.97
-0.05
-3.07
-0.17
2.63
0.77
0.02
2.06
-1.50
1.38
-0.56
0.35
-3.65
1.00
0.99
0.22
1.22
3.80
0.07
-1.39
2.03
-0.95
1.35
1.85
-0.15
2.86
0.37
-0.45
-5.22
-3.09
-1.27
4.25
0.11
-0.02
1.37
0.97
4.76
0.47
-1.61
-1.53
1.84
0.57
-4.30
-0.60
1.28
2.19
0.97
0.24
2.67
1.50
-1.60
0.94
1.32
0.96
0.44
0.00
2.28
1.11
-2.27
-1.56
-0.07
-0.12
-0.57
-0.65
1.78
-3.28
0.83
1.12
-0.69
0.31
-0.57
1.55
0.75
1.41
0.14
1.73
1.54
1.88
-0.70
-1.99
4.24
0.02
0.76
-0.65
-1.34
-1.02
-0.51
-0.82
-1.21
-1.31
0.79
-1.98
0.98
-0.10
1.23
-1.19
0.18
0.51
-0.43
-1.15
-1.20
-1.72
-0.41
0.95
-0.59
-0.23
-4.92
-1.04
0.35
-0.66
-3.17
-2.39
5.43
-0.66
-0.87
-0.54
0.95
1.31
-3.10
0.89
-1.06
-0.55
5.18
0.94
1.53
-1.72
-0.41
-1.50
-2.05
2.34
1.92
1.66
1.36
-0.25
-1.53
1.37
0.00
0.51
5.82
0.44
-0.34
1.46
-1.36
4.80
-0.38
-0.34
0.09
-0.82
-0.38
-0.08
-1.00
0.83
-1.85
1.90
-1.79
-4.69
-2.19
-0.65
-0.91
2.18
-1.00
0.19
0.13
-2.21
-1.49
0.11
-0.17
0.15
3.01
1.04
-0.61
0.63
2.01
0.02
-0.21
-0.29
1.65
0.06
2.52
-2.93
1.88
-0.92
0.28
2.56
0.28
0.55
-1.62
-0.75
0.24
1.69
0.84
-0.10
0.93
1.68
-0.38
0.49
-0.85
0.11
-0.82
1.85
-1.25
0.65
-0.04
-0.99
-0.10
3.26
4.91
3.63
-0.83
0.30
0.31
-0.48
0.07
0.33
-6.00
-3.18
0.04
-0.73
-0.17
3.29
-0.81
-3.30
-4.09
2.42
0.43
-5.35
-0.68
3.66
1.56
0.39
1.17
-0.17
0.27
2.09
0.34
0.77
3.02
-1.35
-0.02
-1.42
-0.56
0.02
0.71
1.01
1.26
2.34
0.77
-0.48
-1.69
-0.20
0.42
-1.41
1.28
-2.22
-3.29
-2.49
1.67
-1.85
