-0.23
-1.86
-2.21
-3.25
0.68
-0.58
-2.73
0.00
-0.75
-1.71
2.26
0.10
4.16
-2.21
2.95
-2.29
0.00
5.33
-1.58
-1.46
0.77
-0.48
-3.49
1.29
-1.81
1.44
0.34
0.88
1.45
0.10
-0.52
0.58
2.00
-0.19
5.01
8.92
2.17
-0.60
2.86
-0.98
0.48
-0.32
2.13
-1.74
-0.16
-0.63
0.32
3.32
-2.45
2.24
2.27
1.99
-0.18
0.96
-2.48
0.90
-0.59
4.67
-0.79
0.72
0.71
-3.58
-0.99
-0.04
-2.08
1.56
-0.78
0.30
2.74
0.84
-1.16
-0.07
-1.32
0.93
-0.52
2.00
-3.52
1.81
0.59
-2.61
0.08
1.13
-2.31
-2.10
9.08
0.07
-0.75
1.66
-2.34
-0.91
1.87
1.51
-3.64
0.22
-1.32
1.60
-0.37
3.19
0.11
-1.31
0.50
-1.79
2.19
-0.50
-0.82
-0.58
-0.11
0.98
-0.25
-1.95
-1.77
-1.43
-0.99
-0.19
-0.46
1.43
-0.72
0.50
2.68
-2.20
-0.30
-0.99
2.39
3.62
-0.98
-0.92
0.26
-0.81
2.16
1.68
1.08
0.85
-1.51
0.43
-0.96
-1.04
-1.23
-2.54
0.08
0.04
0.15
-0.15
0.19
-0.45
-0.04
-0.57
-0.08
-2.09
3.42
2.33
-0.07
0.44
0.80
-1.27
0.37
-1.02
0.70
1.21
0.36
0.11
0.65
0.39
-0.21
-0.86
1.05
0.72
0.46
1.13
1.29
0.17
-0.79
-2.71
-4.14
2.68
-1.27
0.22
0.95
2.18
0.67
0.21
0.49
0.84
-1.32
-1.34
1.03
0.14
-0.49
2.13
1.21
2.50
1.94
0.82
-3.71
1.22
-1.50
0.34
-1.01
0.17
-0.17
-0.34
-1.20
0.17
2.25
0.85
-0.84
-1.35
1.20
-0.17
1.70
-3.01
-1.72
-3.50
0.00
2.90
0.00
5.11
1.93
6.01
2.64
-2.27
0.31
1.39
-0.15
0.30
0.46
1.06
1.50
-1.18
-0.90
-0.90
-0.61
-0.61
1.08
-0.30
-0.15
0.76
0.30
0.00
-1.06
-0.31
0.46
-0.15
0.15
2.29
-1.19
-0.91
1.37
1.35
-0.89
0.45
-1.49
0.91
2.25
-2.93
-1.21
0.31
1.83
1.05
-3.41
0.92
-1.52
-0.62
0.16
1.40
0.31
3.35
2.21
0.58
0.43
-3.14
0.15
-0.15
-1.18
1.49
-1.18
1.19
-0.15
1.18
0.00
1.89
-1.57
0.44
1.01
-1.72
0.87
-0.72
-7.12
7.98
-1.01
-1.46
4.90
0.71
-0.70
-1.42
0.29
-0.14
0.29
1.29
-0.14
0.00
2.40
0.97
1.23
-0.81
-2.18
-0.84
2.11
-0.28
-3.31
-0.71
0.43
0.86
0.28
-2.83
1.16
-1.58
0.58
-0.29
0.29
2.47
-2.70
-1.02
2.06
-0.14
0.87
2.72
0.98
1.52
0.68
0.68
0.13
-1.74
2.18
0.13
-0.80
0.13
-2.68
1.79
0.27
-1.22
0.55
-1.22
0.83
0.14
-3.27
0.14
3.24
0.41
-0.41
0.68
-1.22
0.27
-1.09
0.07
1.59
1.50
-1.07
-0.95
-1.23
1.80
2.18
-0.53
1.61
0.40
-1.18
-0.93
-0.13
-1.07
-1.90
-0.14
0.28
-0.41
-1.11
1.82
0.28
1.24
0.41
0.14
-1.21
1.64
0.13
0.13
0.67
-0.13
0.00
0.40
-1.33
1.08
-0.13
-0.53
-5.63
-0.57
-1.71
-1.45
-0.29
0.00
0.44
-0.59
-0.15
4.45
-0.71
-0.14
-3.15
-1.18
-0.90
1.81
-2.97
-0.92
-2.31
0.00
0.16
1.74
-1.24
-0.16
0.00
0.31
0.31
0.94
0.93
0.46
-1.22
0.62
-2.15
0.00
0.16
0.16
2.03
0.15
0.92
0.61
0.15
0.75
-0.30
-0.15
0.30
0.90
3.71
-0.29
-1.08
1.96
0.85
-0.28
-0.57
0.85
-0.14
-1.69
-1.58
-0.29
-0.88
1.33
-1.60
1.48
-0.15
1.17
0.14
1.30
-0.57
-0.43
0.14
-1.44
2.04
-1.71
-0.15
0.29
0.73
-0.29
-3.61
1.35
0.00
1.48
-1.17
1.03
0.58
1.45
2.43
-0.28
0.42
-1.67
2.13
2.08
-0.82
-0.27
3.03
0.27
-3.33
-0.14
-1.52
-1.82
-0.57
0.86
-1.71
1.88
2.13
-1.67
1.70
1.53
0.68
-0.41
-0.27
0.82
-0.27
0.68
1.76
-0.40
1.60
-1.58
-0.93
-2.70
0.28
0.97
-1.37
0.69
-0.55
3.32
-2.55
-0.83
0.00
0.00
0.69
-0.69
-0.14
1.11
-0.69
-1.52
-3.93
-1.46
0.15
-1.93
0.15
1.51
0.74
1.33
0.73
1.30
-2.00
0.29
1.16
1.58
0.99
8.11
-4.92
-3.54
-0.14
0.00
1.55
1.11
0.00
4.13
0.92
1.18
-0.39
0.78
0.77
-0.13
0.51
-0.51
-1.28
-3.50
2.02
0.13
