-2.51
-1.96
-4.22
0.53
1.62
1.45
-2.57
2.19
-2.40
-0.48
0.13
-0.51
5.32
-1.95
0.55
-6.57
0.72
3.45
-0.93
-2.02
1.98
0.26
-2.67
1.05
-0.02
-0.76
-0.60
0.31
2.82
1.53
-1.90
-0.23
0.87
-2.26
1.49
0.69
0.16
-0.23
3.97
0.22
0.74
1.49
-1.11
-0.82
0.09
0.05
1.08
0.25
2.01
1.33
-0.16
0.11
-0.01
0.76
-0.55
-0.43
-0.45
2.37
1.75
-0.52
0.92
1.03
-1.18
1.05
-2.18
0.11
0.33
1.30
1.45
0.05
-2.01
-2.16
-0.53
0.21
-1.08
-0.27
-0.57
-0.69
-6.26
-3.06
-1.15
-0.11
1.64
-1.04
-1.01
-0.56
0.08
0.68
-0.97
-2.35
0.20
3.71
-0.42
1.14
-0.38
1.08
1.27
1.52
1.76
0.79
-0.06
-0.49
-1.40
-0.75
0.20
0.73
0.41
-0.09
0.72
-0.82
-1.51
0.12
-0.33
0.42
-2.28
-0.24
0.85
-0.38
0.58
-2.81
-1.46
1.68
0.87
1.27
0.30
-0.94
0.57
0.43
0.77
0.31
0.45
-0.56
1.98
-0.01
1.06
0.04
0.09
-0.53
-0.77
-1.34
-0.69
6.50
1.35
-0.12
1.77
-1.48
1.25
0.08
1.52
0.83
0.41
-0.74
-0.06
0.23
1.20
-0.09
-0.15
-0.13
0.26
-0.78
0.31
-0.75
-0.43
-0.59
-0.11
-0.77
0.09
0.59
0.94
-0.03
0.61
-2.62
-2.26
2.24
2.38
3.54
3.40
-0.56
-1.17
-0.01
-0.02
0.94
-1.67
0.15
0.19
0.76
-1.55
0.78
-0.47
0.43
0.04
0.74
0.15
1.74
0.22
0.89
-0.31
0.56
-0.07
-0.07
-0.30
-0.05
-0.39
0.90
0.51
-2.25
-0.96
-0.66
-0.16
-1.81
0.09
-1.58
-0.90
1.44
0.59
-0.16
-2.79
0.59
-2.51
1.32
2.69
-0.04
0.10
1.52
0.06
-0.51
0.50
-0.20
-0.10
-0.84
-0.93
0.37
-0.72
0.77
0.98
0.98
1.63
-0.57
1.67
0.00
0.55
0.13
0.58
0.27
0.09
-0.66
0.20
0.64
-0.43
-0.03
-0.78
0.28
-0.11
0.51
1.11
0.92
0.10
0.54
-0.42
-0.18
0.81
-0.01
-0.18
0.18
0.07
-0.09
1.59
0.05
0.01
-0.26
-0.23
6.10
-0.17
0.43
0.94
0.95
0.39
0.29
-0.23
0.89
1.30
0.36
-0.12
0.28
0.72
0.30
-0.42
0.10
0.20
0.04
2.04
-0.59
0.59
-0.31
0.13
-0.37
-0.23
0.33
0.04
-0.15
1.06
0.16
-0.50
1.05
-1.15
1.13
-0.35
-0.20
0.17
2.07
0.22
-0.13
-0.19
0.03
0.74
-0.52
-0.25
-0.22
-0.12
-1.08
0.12
-0.53
0.55
-0.44
-0.37
1.25
-0.12
0.96
0.63
-0.62
0.10
-0.10
2.05
0.62
-0.31
-0.36
1.66
2.71
0.63
-0.45
0.45
1.40
-0.26
-0.15
-3.36
1.52
0.28
0.67
-0.12
-0.30
0.35
-0.17
0.04
-0.59
0.27
1.48
-0.98
0.34
0.60
-0.24
-3.88
-2.46
0.87
-0.98
-0.60
-1.40
2.86
-0.91
0.59
-0.16
0.49
-0.36
-1.43
1.45
-1.47
0.24
-0.36
0.41
-0.94
1.02
0.61
0.32
0.14
1.39
0.86
0.35
0.35
0.63
-0.45
-0.05
1.21
0.43
0.47
-1.89
-0.70
-0.43
0.81
4.73
-1.00
0.53
2.36
0.61
-3.59
1.42
1.50
1.09
-0.40
-1.91
-0.23
-0.18
1.63
0.13
-0.44
0.37
1.01
0.89
0.27
0.40
0.03
-1.20
-0.10
-0.40
-1.63
1.81
-0.42
-0.73
-0.86
1.01
-0.76
0.04
-1.68
-1.72
-0.98
-0.88
1.72
0.71
-0.62
0.55
-0.20
0.44
-0.67
1.26
-0.06
0.35
0.04
0.42
-0.35
0.63
1.84
0.37
-0.44
-2.37
0.12
0.01
0.60
-0.44
0.64
3.58
2.25
1.39
-1.27
0.73
2.61
1.01
0.32
0.61
-0.69
-0.40
-1.51
-1.32
1.19
-0.56
-0.10
1.86
1.05
0.01
-0.50
-0.59
-2.07
1.40
-0.47
-0.73
-0.09
-0.37
0.26
-0.05
1.95
-0.56
0.33
-0.03
0.96
1.47
-1.07
-0.11
0.38
0.00
-2.54
0.02
0.28
-1.08
1.79
-0.02
0.46
1.14
-0.37
-0.01
-0.02
0.57
1.03
-0.51
1.65
0.09
-0.45
-0.82
0.02
-1.59
-1.79
0.23
-2.07
-0.59
0.28
0.21
-4.42
-1.80
3.52
-2.14
-2.65
0.42
4.32
1.00
1.84
3.36
-0.32
-0.34
-0.45
0.89
1.71
1.95
-0.32
-0.15
-1.75
0.69
0.35
-0.08
-0.93
1.09
1.72
0.97
-0.96
-0.85
0.12
-0.35
-1.53
-0.03
-2.27
-1.42
-2.31
4.75
-2.56
