0.40
-1.43
-2.10
-1.41
1.74
0.49
-1.69
1.70
-0.70
0.01
-1.39
0.07
1.85
-3.19
0.14
-2.35
-0.39
5.45
0.54
-1.85
0.05
-1.85
-8.29
-5.38
-1.45
2.27
-0.78
2.31
2.88
3.77
-1.61
0.42
3.62
-0.87
0.42
3.91
-0.09
-1.67
3.78
0.02
-1.33
-1.18
-1.24
-0.89
1.09
-0.49
1.36
1.17
-0.21
1.54
2.03
3.85
-0.98
0.06
-0.43
0.39
-0.13
0.89
0.60
0.02
1.45
-0.69
-0.35
1.31
-1.70
0.31
-1.19
0.51
1.19
-0.10
0.76
1.46
-0.03
-0.20
0.04
-1.64
1.07
0.37
-0.53
-2.09
0.62
0.72
-1.31
-0.77
0.60
0.86
0.33
2.02
-0.44
-0.15
0.01
1.31
-1.34
0.80
-0.85
1.04
-0.27
3.12
-0.02
-0.24
0.77
-0.67
0.57
0.13
-1.47
0.43
-0.61
0.16
-0.62
-1.00
-0.13
0.02
0.04
0.18
-1.66
2.52
1.77
-5.73
2.34
-4.17
-1.46
1.77
2.09
1.48
-0.49
-0.62
0.48
-0.04
1.73
0.36
0.41
-0.21
0.37
0.13
-0.04
0.00
0.62
-2.09
1.79
-0.75
0.61
0.02
0.52
-0.59
-0.14
-1.71
0.65
0.43
2.01
-0.56
0.39
1.77
1.04
-0.62
-0.11
-0.33
-0.89
0.97
-0.35
-0.08
0.90
0.00
0.54
0.36
0.24
-0.29
0.30
0.58
0.65
-0.07
-0.48
-1.09
-2.45
0.95
-1.55
0.02
0.84
-0.69
0.76
0.94
7.12
0.13
-0.42
-0.20
2.27
-0.19
-1.54
0.69
-0.08
-0.06
0.38
-0.22
0.07
0.55
-1.71
0.63
-0.04
-0.16
-0.32
0.87
-0.03
0.59
0.00
1.63
-1.61
-0.97
-0.83
0.50
-0.08
-0.60
-0.92
1.21
-0.91
2.32
-0.25
-0.49
-3.50
-0.38
-1.22
1.21
0.41
1.66
-0.75
0.60
-0.42
-0.95
0.78
-0.50
0.43
-2.04
-3.21
0.22
2.23
-0.39
1.78
0.14
0.78
0.81
0.94
-0.32
-0.67
-1.47
1.68
0.46
-0.25
-0.75
0.29
-0.04
-1.15
-0.09
-0.70
0.51
0.64
1.70
2.26
0.25
-0.29
0.67
-0.37
-0.06
-0.49
0.73
0.92
0.84
0.23
2.48
0.47
-1.20
0.98
-0.15
-0.39
-0.02
-0.18
1.78
-0.62
0.44
1.02
0.27
0.35
0.68
-0.06
0.98
0.17
0.62
-0.03
-0.13
-0.54
0.40
-0.44
-0.37
1.70
-0.37
0.12
0.09
-0.14
-0.32
0.26
0.98
0.59
-0.30
0.55
0.20
3.81
-0.55
-0.98
0.91
0.52
0.65
0.43
0.34
0.69
0.02
0.40
-0.41
0.35
-0.12
0.20
0.05
-0.05
-0.16
-0.44
-0.26
0.73
-0.14
0.32
0.92
0.08
1.04
0.45
-0.52
0.44
0.27
1.02
-0.08
-0.11
-0.18
0.17
0.17
0.39
0.41
0.10
0.40
0.56
0.31
-2.65
0.13
1.40
1.77
0.48
1.15
1.23
-0.67
0.37
-0.39
-0.34
1.49
0.08
-0.39
0.41
-0.69
-3.21
-0.58
1.34
-0.60
-0.53
0.23
1.82
0.40
2.36
-0.37
1.19
-0.31
-1.67
0.89
-1.79
0.14
-2.14
2.02
-0.27
0.99
0.79
-0.29
2.08
-0.58
0.76
0.16
1.02
0.70
0.68
-0.28
0.01
-0.88
1.06
-2.39
0.36
-0.16
0.59
-0.16
0.45
-0.05
0.07
0.37
-2.31
1.07
1.84
0.80
0.96
-2.35
-0.18
0.87
2.00
-0.76
-0.19
0.42
0.22
0.23
1.01
0.97
-0.06
-0.50
-0.34
1.11
-0.08
0.98
-0.36
-0.04
-0.83
-0.30
0.83
0.53
-4.24
-0.44
-0.54
-2.65
0.57
0.71
0.27
1.60
-0.83
0.45
-0.44
1.55
0.58
0.25
0.43
0.99
-0.03
0.21
-2.25
-0.05
1.74
12.24
2.28
-1.98
-0.34
0.15
1.12
2.06
-0.73
-0.49
0.62
2.66
0.75
-0.82
0.04
0.57
-0.11
0.07
-0.29
-0.68
1.23
-0.03
0.05
0.99
-0.68
0.85
0.29
0.22
-4.61
2.61
-1.07
-6.17
-0.53
3.57
0.63
-0.60
0.43
-1.02
2.49
-1.03
1.42
-0.42
-1.01
-0.41
0.18
0.25
-0.32
0.53
0.11
-0.18
1.40
1.88
1.20
1.16
-0.16
0.90
0.22
0.97
3.24
-1.33
2.09
-0.15
-0.24
1.08
1.14
-1.15
-0.14
1.92
-1.53
-0.67
1.45
-0.19
-1.88
-1.97
1.40
-1.10
-3.74
1.42
2.33
0.69
1.89
2.96
-0.69
0.70
-0.44
0.26
3.52
1.15
-1.57
0.15
-1.48
1.82
0.65
0.40
2.29
-0.21
2.18
-0.08
-0.53
-0.60
0.20
3.05
-1.49
3.41
-1.26
-2.79
-2.49
6.46
-6.60
