0.24
-1.23
-3.05
-0.83
0.49
1.22
-2.68
2.13
-1.35
1.53
-1.13
1.32
2.35
-1.26
1.00
-0.51
0.34
2.90
-0.14
-0.96
-0.02
0.79
-1.80
-0.07
-0.71
0.20
-0.77
1.91
2.50
1.85
-0.49
0.77
0.98
-1.79
0.48
0.77
-0.30
-1.13
2.46
-1.29
0.00
0.63
-0.12
-0.70
0.27
-0.61
2.43
0.00
0.06
0.39
1.35
-0.23
0.42
-0.42
-0.12
0.25
-0.51
1.28
-0.31
0.63
0.61
-0.61
0.04
1.21
-1.14
0.59
-0.69
0.45
0.14
0.02
-0.12
0.61
0.04
-0.68
-0.85
0.34
-0.08
0.23
0.37
-1.13
-0.74
1.12
-0.69
-0.47
-2.19
0.46
0.36
1.54
-2.07
-0.15
-0.90
1.10
-1.56
0.29
-0.54
0.39
-0.26
2.59
0.07
0.21
0.39
-0.23
0.32
-0.03
-0.86
0.41
-0.94
0.40
0.47
-0.62
0.08
0.38
0.14
0.48
-0.48
1.63
0.34
-0.58
1.26
-3.58
-1.22
2.64
1.38
3.07
0.96
0.60
0.12
0.09
1.04
0.71
-0.35
0.35
0.07
-0.16
-0.14
0.09
0.39
-0.53
0.59
-0.16
0.45
-0.83
-3.37
-3.03
-0.31
-0.79
0.25
0.25
1.43
-0.26
0.59
0.08
0.40
-0.30
0.24
-0.87
-0.26
0.56
0.02
0.07
0.08
-0.33
0.10
0.02
-0.22
0.22
0.02
0.91
-0.26
-0.59
0.11
-0.54
-3.24
1.81
-1.65
0.00
0.91
-0.83
-0.22
1.42
1.24
0.65
-1.11
-0.32
0.86
-1.69
-0.27
1.14
-0.65
-0.52
0.47
-0.02
-0.22
0.46
-1.91
0.91
0.02
0.77
-0.37
0.16
0.06
-0.67
-0.14
1.10
-0.19
-0.35
-0.61
0.58
-0.11
-0.16
3.52
-0.72
-0.28
1.71
0.61
-0.27
0.54
-0.34
0.89
0.49
1.01
1.19
0.01
1.27
0.84
0.27
0.28
-0.36
0.49
-1.05
-0.26
-0.55
0.85
-0.05
1.64
0.64
0.03
-0.16
0.35
-0.72
1.10
2.12
0.24
1.23
0.14
0.13
0.32
0.37
-0.25
0.39
-0.65
0.70
0.15
-0.60
0.07
-0.62
-0.26
0.98
0.58
-0.03
-0.67
-0.16
0.06
0.26
-1.01
1.02
-0.52
-0.64
-0.32
0.26
-0.96
-5.68
1.12
0.57
-0.41
-0.19
0.30
1.11
0.17
0.78
0.87
0.21
0.23
-0.20
-0.46
1.21
1.21
1.34
-0.29
-0.08
1.86
-0.44
0.41
0.43
-0.65
-0.54
-0.30
1.11
0.28
-0.83
0.67
-0.40
0.82
-0.63
-1.27
0.54
-0.15
-0.14
-0.45
0.36
-1.11
0.04
0.22
-1.09
0.18
0.47
-0.18
0.43
-0.05
-0.05
-0.14
-0.68
0.59
0.07
0.14
0.95
-0.34
1.41
0.84
-0.14
0.29
-0.64
-0.50
-0.01
-6.19
1.61
0.19
-2.61
0.39
-0.46
-0.18
0.74
1.32
-0.13
-1.03
1.07
0.27
0.84
0.08
0.45
1.18
0.19
0.18
0.83
0.96
-2.29
0.12
0.10
-0.26
-0.17
-0.65
1.43
0.32
-0.61
0.91
1.29
0.60
-1.57
0.02
-0.58
-0.49
0.79
-0.69
1.16
-1.19
0.99
-0.04
1.61
-0.61
1.64
-1.41
-1.76
0.65
-0.85
-0.28
0.35
-0.39
1.43
0.57
1.20
-0.99
-0.35
2.71
9.11
1.51
1.30
-1.79
-1.31
-3.02
-0.34
0.71
-3.27
1.06
-0.69
-0.08
0.81
1.72
-0.43
-5.78
-0.26
-1.46
0.81
-0.25
1.09
0.00
0.16
0.34
0.77
0.51
0.83
-0.86
1.52
0.81
-0.47
-0.84
0.39
-0.67
-0.38
-0.01
-0.22
0.87
-0.60
-0.04
1.28
0.61
-0.51
1.27
-0.57
0.28
0.00
1.27
0.62
1.95
-0.08
0.08
0.48
-0.89
0.44
0.24
0.63
-0.75
0.18
0.61
1.14
0.93
-0.47
-0.10
0.83
0.81
-1.07
-0.62
-0.74
-0.92
-1.84
-0.81
1.28
-0.69
-0.79
0.40
0.49
-1.27
0.33
0.03
-0.48
0.03
-0.32
-0.17
0.11
0.98
1.90
1.00
-0.62
0.93
0.76
0.21
-0.03
0.12
1.55
-0.65
-0.03
-0.48
1.49
0.38
-0.24
-0.42
-0.39
-0.44
0.59
-0.26
0.04
-0.10
-1.02
1.09
0.96
-0.06
-0.30
0.70
-0.93
-0.40
1.10
0.78
2.23
-0.94
0.45
1.10
-0.55
-1.02
-0.19
1.41
-1.28
0.04
2.33
-2.60
-1.54
-3.24
-1.55
0.54
-4.73
2.91
0.28
0.15
0.80
2.48
0.58
-0.66
0.60
-0.58
1.92
0.21
-1.21
-0.96
-1.35
-0.17
1.81
-0.22
-0.20
1.55
1.60
-1.09
-0.12
-1.10
0.33
0.58
-2.29
0.94
0.69
-2.77
-3.48
4.45
-1.58
