1.05
6.43
-3.63
-5.02
-0.87
-3.41
-4.64
0.60
-7.57
2.73
2.51
0.68
1.40
-0.67
1.21
4.77
3.58
5.47
-2.76
-2.90
1.95
-0.83
-1.93
-0.52
-2.77
2.95
-1.15
0.50
1.19
2.32
0.54
-0.83
6.96
-2.82
-0.93
2.12
-0.61
-0.43
2.00
-2.08
0.93
0.06
-0.21
-0.49
-0.77
8.53
2.43
0.89
-1.16
-0.56
2.62
2.74
1.87
-0.42
0.18
1.18
-0.73
4.55
-4.67
-1.05
-0.58
-0.03
-0.51
0.40
-0.29
0.19
0.08
0.83
1.35
-1.36
-0.61
-0.19
0.21
2.03
-0.65
1.00
-1.02
3.89
0.08
-0.18
3.07
1.47
0.70
0.22
-0.05
1.06
-0.90
4.32
-11.89
-2.74
-1.18
-0.27
-1.96
1.14
-4.47
1.72
1.38
1.14
-0.61
-0.14
0.36
-0.25
1.19
-0.93
-0.75
1.37
0.47
0.11
1.15
-1.78
-0.52
-4.65
-0.73
0.00
1.31
1.27
0.14
-0.28
2.45
-4.31
-5.12
0.09
4.75
1.81
0.69
-3.17
3.15
0.03
1.91
2.27
1.40
1.22
0.93
0.58
1.58
0.44
-0.77
-0.60
1.23
-0.57
-0.21
-0.18
0.31
-0.18
1.38
-3.49
2.87
-2.28
0.87
-0.16
4.57
-0.08
-0.30
-1.46
2.64
-0.02
0.07
-0.35
0.63
0.05
0.40
-0.59
-1.52
1.69
2.01
0.34
-0.51
-2.81
0.13
-1.50
0.61
1.80
-0.25
-0.97
-4.05
5.85
1.24
3.50
-2.53
-0.90
1.25
2.32
-1.09
-2.65
-0.71
0.57
-1.99
-0.95
2.66
-2.05
1.71
0.99
-0.07
1.50
-0.82
0.58
-1.87
0.77
0.39
0.95
1.57
-1.19
0.36
1.51
-0.07
-1.89
0.53
-0.82
-1.26
-2.11
-0.28
0.60
0.35
3.53
-0.53
14.62
-0.63
2.88
1.42
0.95
5.69
-3.29
3.68
-1.06
0.19
1.65
-1.02
-1.37
5.33
-1.06
-2.56
-1.24
3.85
2.85
1.24
0.96
1.11
-1.57
1.36
0.24
-0.02
-0.68
-0.37
3.42
-1.40
-0.12
-0.10
1.21
-0.46
-0.86
-0.75
1.19
1.69
-2.34
1.75
-1.50
2.36
0.83
-1.95
-2.38
-3.39
1.24
1.61
0.25
2.13
1.28
0.10
-2.42
-1.48
-0.80
-0.71
0.81
-0.11
3.23
-0.69
-1.55
-2.00
2.58
0.67
0.59
0.97
-0.50
1.00
-0.14
0.22
0.00
-0.05
0.36
0.95
-2.79
1.77
-3.09
-0.30
-0.83
-1.03
-0.52
10.33
-0.30
0.15
-0.10
1.82
-0.69
0.08
-4.27
-4.48
0.85
-0.49
-0.25
-0.75
3.41
-1.69
2.44
-1.18
-0.63
-0.80
-2.73
0.16
-0.67
-0.35
3.34
-2.21
-2.12
1.22
-1.57
1.21
0.73
0.13
1.43
3.10
2.29
-1.49
-1.67
2.63
-2.46
-0.46
-0.56
-3.01
-0.11
2.68
14.38
-2.02
-3.84
3.78
-2.16
-1.62
0.59
-1.48
2.57
-0.84
1.43
1.50
-1.80
-3.18
1.46
2.67
-0.74
0.21
-0.34
0.08
5.12
2.62
-2.01
1.09
0.82
0.69
1.37
-1.93
-1.40
-0.58
1.13
-0.76
1.22
-0.36
3.06
-2.39
-2.63
3.25
-0.52
-1.32
1.20
-0.11
-0.27
2.90
-0.01
-1.54
0.43
-0.45
2.24
-0.86
0.80
1.01
2.37
-0.27
-1.05
-1.25
-0.55
-0.09
-0.12
-1.04
0.28
-1.35
0.54
-2.39
0.26
-0.41
2.53
0.58
-1.29
-1.18
0.58
-0.92
0.99
-0.51
-0.05
1.26
0.61
-1.49
0.09
2.64
-1.19
-3.08
-1.12
-1.94
1.72
1.17
1.35
-0.62
-1.22
0.54
1.72
1.15
2.79
1.36
0.89
-0.28
2.72
3.65
-0.43
-2.30
1.32
-0.19
-0.26
1.01
0.07
0.15
2.41
-0.26
1.04
0.04
-0.74
-2.19
0.24
0.36
0.01
-0.99
1.16
-0.56
0.48
0.75
-2.58
0.91
0.04
0.55
2.16
-3.76
-3.26
-5.65
1.12
3.02
1.79
-2.14
2.49
0.07
2.86
2.52
-3.70
-0.30
-0.55
1.41
2.77
-0.80
1.28
0.73
0.15
-0.94
-0.33
-4.18
-0.54
-0.27
1.08
1.00
2.33
2.49
1.19
0.53
1.46
2.03
-1.74
-0.62
1.02
-1.19
0.81
-1.79
-1.16
0.31
-1.73
2.53
1.25
1.70
1.66
0.48
-3.02
-1.01
2.41
-0.70
1.50
-0.19
0.22
-0.62
0.46
0.34
-0.69
1.02
-2.64
-5.30
-0.27
3.39
-3.07
0.54
0.00
0.72
6.08
1.72
-0.06
-1.91
3.40
-0.18
-0.17
-0.32
-3.48
-4.12
2.88
1.52
1.55
0.52
1.27
10.12
-5.61
0.21
0.71
0.96
0.71
0.62
-0.23
-2.65
2.39
-0.10
-3.96
1.61
-1.93
