-0.55
-2.96
-4.54
-0.19
-5.49
3.12
-2.26
2.38
-5.88
2.92
1.47
0.22
1.51
-2.58
1.09
-4.00
-1.98
4.95
-0.70
-5.21
3.38
0.56
-3.23
-5.14
-3.44
21.20
2.46
3.30
3.53
1.66
-0.26
-0.28
2.54
-0.94
1.50
0.33
0.51
-2.30
2.89
1.22
-1.01
-0.13
-0.43
-1.36
1.12
-1.00
2.62
-1.41
-1.10
2.09
0.45
-0.20
0.61
0.80
-2.86
-0.51
0.16
0.60
-0.29
0.85
-0.63
0.20
-3.96
3.09
-2.74
-1.69
-2.52
-1.02
2.47
-0.23
-1.43
1.61
-0.77
-0.16
0.18
-0.45
-0.08
3.07
4.16
-4.45
-2.71
-0.10
-2.02
-0.74
-0.06
0.87
0.42
3.63
-2.41
0.79
-1.23
1.72
-0.77
0.01
-0.57
2.07
-0.85
2.75
0.30
2.12
0.41
0.70
-0.29
0.88
-2.46
1.83
0.59
0.13
0.95
-4.89
-0.99
0.86
1.16
0.83
-0.97
1.79
1.03
0.00
4.52
-6.68
-4.10
3.69
2.85
2.51
-0.77
-2.25
1.31
-0.04
2.62
-0.25
-0.14
1.25
1.00
-0.31
0.38
-0.03
0.66
-1.09
1.21
0.02
0.33
-13.05
0.36
-0.32
0.14
-1.26
-1.04
-0.02
2.49
-0.89
0.02
3.58
-1.17
1.09
0.15
-0.10
0.65
0.02
1.15
0.06
1.17
0.71
1.07
1.37
-0.49
-0.27
0.02
0.31
0.47
0.31
-2.56
-1.07
-1.87
1.12
-2.30
-0.42
-0.52
-0.78
1.26
-0.50
1.65
0.42
-0.34
-0.94
1.72
-0.70
0.25
1.11
1.36
1.73
2.45
-2.00
0.16
0.66
-2.13
0.28
0.31
0.39
0.51
1.78
1.25
0.19
1.66
2.03
0.39
14.61
1.64
1.60
-0.63
-1.97
-1.16
-1.17
-1.07
1.08
-0.23
0.24
-0.47
-1.16
-0.02
0.05
0.66
1.06
-0.24
0.69
-0.12
-0.51
0.71
-1.17
1.68
-0.86
-4.78
0.57
0.69
0.96
1.88
0.24
-2.07
-1.06
1.39
2.84
0.88
-0.58
0.85
1.39
-1.21
-0.74
0.39
0.68
-1.20
-0.34
-0.54
1.33
1.12
1.79
0.35
0.30
0.40
-0.23
-0.27
0.13
-0.33
-0.27
-0.89
0.25
-1.71
-0.34
1.46
-1.38
0.28
-0.24
1.15
0.16
1.02
0.22
0.23
2.02
-10.64
0.47
0.16
-0.55
-0.08
0.55
0.53
-2.96
0.48
0.59
-0.49
0.27
-0.02
-0.41
1.25
0.65
-0.67
-0.47
0.38
0.39
1.02
0.03
0.58
-1.49
1.19
0.37
0.57
-0.22
-2.94
1.16
-0.03
-0.05
-0.85
0.25
0.30
-4.59
-1.37
-2.68
2.07
-0.84
-0.09
-1.11
0.71
0.85
-0.22
-0.14
0.03
0.22
1.24
0.87
0.13
1.84
0.67
0.71
-4.00
1.99
0.89
1.65
-15.52
0.07
-1.34
-3.76
0.46
-1.09
0.00
-0.84
0.81
-1.36
-3.36
-1.05
0.83
0.74
-0.69
0.44
0.92
-1.39
0.08
-0.59
2.44
0.48
0.82
-0.98
0.17
0.78
-1.59
2.89
0.22
-0.77
-0.12
0.63
-0.02
-1.72
1.32
1.50
2.56
-0.84
-1.71
1.26
-0.77
-0.86
0.56
1.72
-3.12
-0.24
0.83
0.36
1.44
-0.93
1.08
2.27
-0.46
1.11
0.50
-0.44
0.46
1.74
-14.62
1.14
1.91
0.53
0.83
-0.04
1.12
-0.35
-1.25
0.28
-2.30
0.13
0.97
-1.03
-0.11
-1.92
-0.09
-0.99
2.00
-0.85
-0.42
-0.55
0.36
1.26
1.66
1.46
-0.15
-1.93
1.56
-0.19
-1.71
1.02
0.71
-0.26
-0.17
1.59
0.49
0.25
-0.01
-0.35
1.70
-0.85
-0.19
-0.17
-0.15
2.18
2.63
1.00
0.00
0.55
-0.30
-0.63
1.43
-1.00
0.00
0.48
-0.06
-0.30
0.83
1.27
0.43
-0.79
0.87
4.03
-1.22
-0.64
-1.02
-0.40
0.84
-0.76
1.38
1.38
0.04
0.17
0.76
-1.36
0.43
0.48
2.31
0.33
-0.11
0.54
0.02
0.18
-0.79
0.02
-0.04
0.80
0.02
1.17
0.00
-1.19
1.20
0.11
0.09
0.83
-0.63
0.18
1.76
13.69
1.75
-0.28
-1.19
-0.59
-0.05
-0.35
0.37
-0.60
0.80
0.58
-0.52
0.35
0.08
2.44
-1.70
-1.70
0.48
-1.56
1.40
-0.49
0.85
0.03
0.53
0.03
1.29
1.12
-0.55
-1.03
0.65
0.85
-2.72
-3.64
0.54
1.27
-3.13
2.69
1.23
-0.68
3.69
0.79
-0.76
-0.18
-0.67
-0.06
1.63
1.84
-0.52
-1.14
0.68
2.22
0.55
0.19
0.07
7.27
1.32
-1.45
-2.23
-0.07
1.99
-0.92
-2.07
1.64
-0.39
-2.37
-2.04
2.84
-1.98
