-1.53
-4.37
-4.51
-1.88
-1.98
1.89
-2.53
2.49
-2.02
1.06
-0.85
2.96
3.76
-2.55
3.80
-1.83
1.63
1.70
0.34
-1.82
3.20
-2.93
-0.79
-5.34
2.25
0.40
0.00
2.58
1.83
0.86
3.34
-0.09
0.64
-3.96
1.23
4.00
2.02
-0.60
4.34
-1.62
-0.85
3.41
-0.63
-0.54
3.01
-1.43
3.13
-1.99
-1.38
4.11
1.31
-1.68
0.42
0.84
-1.24
0.86
0.32
1.35
1.64
-0.09
1.99
0.20
-1.27
2.37
-2.03
0.25
0.62
0.08
-0.46
0.69
-0.12
0.18
-0.23
0.47
-0.02
0.91
0.53
1.76
0.15
-2.12
-0.39
2.63
-0.84
-1.10
0.77
2.28
-1.97
0.86
10.01
1.63
0.38
2.17
-2.11
0.00
-0.53
0.78
0.01
-0.04
3.31
0.22
1.33
-1.99
1.50
0.20
0.20
1.20
0.41
-0.10
-1.17
-0.54
-2.10
0.32
1.67
0.35
3.51
0.25
0.73
-0.36
1.30
-6.42
-4.61
3.92
1.06
0.24
2.53
-1.75
1.20
0.57
2.78
0.06
1.90
0.39
0.57
0.36
-0.16
-0.34
0.81
-2.71
0.88
1.40
-0.79
-0.82
0.34
-1.10
-0.31
0.55
-0.45
-2.23
0.26
-0.19
-0.19
0.10
0.60
0.52
1.29
-2.79
-1.44
0.91
1.80
1.34
0.38
-2.35
0.46
-0.94
1.17
-1.23
-2.15
1.66
0.81
1.32
-0.11
-2.45
-5.07
0.81
-1.74
-0.49
2.02
-0.67
1.19
-1.09
4.43
1.26
-0.55
1.18
1.29
2.56
-2.03
2.81
-0.77
-2.61
0.99
0.24
-1.52
1.35
-2.11
-0.70
-0.87
0.52
0.49
0.49
1.14
0.52
-0.99
1.41
-1.51
-1.23
1.18
1.05
0.77
-0.78
-0.78
1.88
-0.38
3.35
-4.09
-2.82
1.37
-1.34
-4.17
3.94
1.78
1.74
-0.61
1.69
0.54
-0.50
0.14
-0.05
2.37
2.13
-2.43
-0.92
1.67
0.05
2.87
3.38
-1.21
0.69
-0.22
-1.29
-0.13
-0.66
-0.26
0.38
-0.07
-0.96
0.45
0.21
-2.73
0.57
-1.14
2.29
3.01
-0.34
0.46
-0.36
-0.66
3.81
0.48
0.27
0.37
-1.85
0.49
0.33
0.36
1.97
-1.62
1.57
-0.06
-0.89
-2.04
0.83
-0.54
1.46
0.02
-1.58
1.67
-0.47
-0.22
1.12
-3.76
1.72
-0.38
-0.53
2.02
-1.43
-0.03
0.56
-0.51
9.79
1.13
0.39
1.66
-2.54
1.65
-1.01
-0.23
0.54
1.41
-0.53
1.22
-1.15
2.12
-0.13
-1.72
0.93
-0.07
-0.67
0.14
0.27
0.15
0.10
0.48
-0.58
0.45
-0.27
0.78
-0.08
-1.02
0.72
-1.41
-0.48
0.97
1.09
0.07
-0.30
-0.40
1.65
1.17
0.20
-0.11
0.67
0.44
-0.92
-0.67
0.98
1.20
-0.41
-0.21
1.13
0.15
-0.33
1.51
0.29
-1.63
-0.49
0.29
0.24
1.02
0.30
0.48
0.24
-0.35
1.01
-0.21
0.64
-0.42
-0.82
0.11
1.30
0.99
-3.65
1.32
-3.01
-2.95
1.92
0.22
-0.54
-1.44
-0.93
-0.33
0.16
-0.52
2.35
-2.10
0.83
0.46
1.88
0.03
1.80
1.23
1.45
3.18
0.98
-0.09
-0.60
0.74
1.21
-1.05
0.36
0.22
0.17
-1.35
-0.71
0.11
-0.60
1.41
1.72
-0.54
0.67
2.91
-6.23
-1.95
-1.95
-1.43
1.34
0.95
1.38
-1.15
0.43
0.79
2.06
-0.37
-0.46
0.08
0.42
-0.84
0.62
0.95
2.04
-1.65
1.71
-0.48
0.16
4.71
0.64
0.77
0.32
1.02
2.93
2.77
1.06
-0.87
-0.44
-4.02
-0.36
1.25
1.77
3.02
0.23
0.59
0.58
1.04
-1.77
-0.47
0.89
-0.25
-0.09
1.19
0.88
-0.54
0.18
-0.12
0.92
-1.60
0.14
-0.16
0.39
0.03
0.31
0.99
1.02
-3.81
2.29
1.38
0.82
-1.60
-0.16
1.96
-3.99
-2.26
0.59
0.65
-0.59
0.96
-1.06
1.34
-0.61
0.48
-3.61
1.80
-1.62
-2.12
-1.05
-0.40
1.26
1.18
0.41
-0.59
-0.20
-1.94
1.56
1.94
-0.05
-0.52
-2.04
0.50
-0.19
-0.47
0.02
-0.44
2.85
0.20
-1.19
1.15
4.35
-1.46
-1.83
1.30
-0.87
-4.13
-0.82
-7.12
-1.61
-2.14
-0.47
-0.53
4.00
-2.13
-2.39
-0.28
0.20
-2.14
-3.38
-0.34
2.27
-0.85
-1.36
2.41
3.59
-2.81
3.02
2.59
-2.07
2.08
-1.37
0.59
4.46
-7.28
1.34
-9.98
-4.40
-1.03
1.49
3.84
-0.09
-0.77
2.50
1.21
0.14
-2.72
-2.25
0.31
-1.48
-1.64
2.26
-3.45
-0.92
1.20
-0.99
