1.06
-0.12
-2.11
1.62
-5.47
1.26
-4.71
1.92
-0.22
-0.15
0.94
0.66
0.36
-0.92
3.01
-1.27
-3.11
11.14
2.13
-0.01
-0.55
0.31
-2.24
-10.96
0.02
2.51
-2.23
-0.02
5.26
1.99
-0.35
0.65
1.64
-2.16
0.60
1.80
1.46
0.96
2.77
0.96
1.36
1.37
1.65
-1.33
0.13
-0.38
2.67
-0.12
-1.62
2.25
-5.74
0.63
-0.15
1.48
-0.06
0.64
0.17
3.01
-0.63
0.94
0.45
0.44
-1.58
1.90
-1.44
0.79
0.36
-0.31
0.00
0.05
0.46
0.22
-0.99
0.89
-0.34
0.78
0.56
0.57
0.11
-1.44
-2.05
4.03
-0.27
-0.13
1.02
-1.14
1.18
1.30
-0.30
-0.80
0.48
1.18
-1.33
0.09
-0.08
1.92
-0.06
1.81
0.28
-0.33
0.56
-0.44
0.49
0.52
-1.54
0.38
0.18
0.67
0.40
-1.08
-0.74
0.91
0.37
0.13
-0.23
0.63
-0.41
1.36
1.74
-3.45
-2.27
1.83
1.56
0.88
2.47
-2.02
0.47
0.79
1.27
0.53
1.20
-1.55
0.23
-1.00
0.55
0.13
0.52
-0.83
2.26
-0.50
1.71
-0.54
0.15
4.54
0.61
0.77
1.74
-0.25
0.12
-0.03
1.48
0.23
1.35
1.08
0.37
-1.34
-1.77
1.81
0.12
-0.44
-0.84
-1.28
-0.42
0.71
0.84
-0.28
-0.31
0.93
2.15
-0.54
1.08
-0.92
-3.78
1.45
-1.22
0.40
0.63
0.98
0.31
-0.46
1.75
0.35
-1.61
-1.10
1.45
0.17
-2.32
1.45
-3.78
-0.83
0.02
-0.04
0.27
1.56
-1.61
0.73
0.76
-0.08
-1.20
0.69
0.66
0.57
-2.22
-0.27
-1.97
-3.41
-0.45
1.22
0.88
-1.58
0.77
1.02
-0.41
2.48
1.06
2.35
-0.31
1.04
-1.44
4.13
0.10
3.40
-2.47
1.41
-1.79
1.15
0.67
-0.88
0.18
-2.58
-0.55
-0.09
1.68
2.37
1.97
1.18
-0.68
-0.09
0.63
-0.55
1.69
0.87
-0.88
-0.86
-0.68
-0.51
0.30
0.16
-1.89
0.17
-0.86
0.86
0.84
-3.02
-0.78
0.75
1.41
-0.14
-0.47
0.48
-0.70
-0.96
-4.10
1.27
0.37
-0.42
1.92
-1.26
-1.41
-1.04
1.90
6.06
-2.18
0.73
-2.06
-0.21
0.56
1.92
1.03
0.66
0.80
1.60
0.46
1.34
0.09
-0.76
0.07
1.71
-0.61
0.49
1.04
0.28
-0.08
-1.25
0.40
0.55
1.58
-0.04
2.54
-0.47
2.63
0.15
1.25
1.23
-1.92
0.84
0.50
1.17
0.13
-0.11
0.29
-0.24
0.66
1.44
-0.64
-0.70
0.34
-0.39
-0.01
0.19
-0.73
-0.33
1.27
0.99
1.06
1.12
-0.36
1.60
-1.30
0.81
0.29
12.10
-0.70
0.33
-1.60
7.52
-2.72
-0.75
0.85
-0.84
0.33
0.88
-0.15
0.11
-1.83
1.18
0.54
-0.24
0.09
0.31
1.98
0.50
0.87
1.30
0.49
2.60
-0.58
-0.14
0.34
1.80
-1.96
-3.65
0.68
-0.06
-0.19
0.86
3.06
-1.81
1.65
0.18
2.55
-1.19
-1.54
1.94
-2.38
1.01
-0.73
1.95
-1.45
1.48
-0.24
0.01
0.61
-0.21
1.39
1.24
-0.12
2.09
0.56
-0.81
1.46
-1.63
0.08
-0.90
10.05
-3.37
1.32
-0.85
1.47
-0.68
2.78
-0.22
1.24
-2.58
1.36
0.35
2.19
0.28
-5.10
-0.44
-0.37
2.72
0.17
1.42
-1.57
1.48
-0.64
0.51
1.06
-0.22
1.69
-1.51
1.90
0.81
1.48
0.84
-1.13
0.70
-0.19
2.08
-0.62
0.85
-1.30
0.90
-1.65
-0.37
0.31
-0.94
1.76
0.51
-0.41
-0.25
0.34
0.23
0.58
0.29
2.01
-0.04
0.22
0.29
0.47
-0.02
1.35
2.03
0.95
0.47
-0.99
0.63
16.24
-0.16
1.45
-1.69
-0.63
3.38
1.31
0.80
1.29
-0.07
1.71
0.11
-1.90
2.30
-0.40
0.64
0.36
-0.80
0.15
3.01
0.69
-2.22
0.97
-2.61
-11.13
0.69
2.49
3.59
-1.22
-2.00
0.30
0.54
-0.78
-0.11
0.82
-0.18
-0.60
-6.37
1.99
0.19
1.30
0.01
-1.89
1.09
2.93
0.91
3.33
3.25
1.02
-1.24
1.85
2.18
2.11
3.17
-0.57
-0.46
-0.88
1.89
0.04
0.47
3.81
-2.54
-2.42
-2.99
-2.45
0.71
-5.28
-0.96
-2.95
-5.79
3.85
1.68
0.26
5.40
2.61
-0.50
1.57
-1.30
2.99
2.08
0.57
-1.02
-0.51
-6.46
3.32
0.70
0.19
2.71
2.01
1.33
1.42
-2.14
1.03
0.14
-0.90
-1.86
1.89
-0.10
-3.71
-3.54
4.22
-5.06
