0.59
-0.29
-4.01
-1.11
-3.64
-0.95
-6.10
1.27
-3.56
-4.54
1.50
-44.24
7.33
-0.61
-3.28
-6.88
-5.34
4.47
2.31
1.01
0.85
-0.15
-3.42
-8.46
-1.32
2.65
4.56
4.04
2.65
4.74
-5.85
2.19
1.31
0.26
-0.09
-0.29
-1.06
-3.99
6.63
2.27
-6.48
-1.00
4.14
-4.48
-1.94
-0.76
4.34
-1.88
-5.98
-4.31
3.24
0.70
1.69
5.99
-4.88
1.87
-4.22
7.12
-0.46
6.15
4.33
1.91
0.11
5.30
-0.76
0.97
-0.23
-0.68
2.26
1.34
0.51
0.23
1.84
3.68
2.96
-1.18
0.12
-1.47
-3.61
1.77
-3.73
1.53
-2.87
-4.03
0.98
0.68
3.95
-0.38
-4.24
-2.45
1.22
6.97
-0.20
0.63
-2.41
9.48
-0.23
1.26
0.37
1.63
4.15
0.61
-1.23
2.53
-4.13
1.73
0.11
-0.63
-3.90
-2.67
-0.42
-1.13
0.60
-0.19
-1.87
1.26
-0.10
2.84
1.65
-3.36
-5.37
6.47
2.09
-0.62
5.32
-0.90
1.95
4.46
1.89
0.49
-0.28
-2.43
-0.59
0.00
0.59
-1.23
2.83
0.74
1.69
0.64
1.78
1.51
-7.05
3.68
-0.68
-1.84
1.85
-1.29
-0.65
-2.86
0.34
-2.62
1.50
-0.30
2.91
-2.63
-3.37
0.13
-1.90
2.16
2.54
-4.41
-0.63
0.75
-0.07
-1.15
-0.43
2.22
0.85
3.55
1.88
-0.38
-4.30
5.20
-1.21
1.04
1.45
2.44
0.34
0.16
1.43
1.03
-2.78
-2.02
2.49
-1.97
-4.30
0.69
-0.19
-1.68
0.61
-2.63
1.11
1.71
-3.91
-2.28
0.50
-3.58
0.17
2.67
-1.47
1.52
27.83
1.92
-3.93
-2.24
-2.85
-1.37
-1.18
2.92
0.77
-2.20
1.62
3.87
-0.22
7.73
1.83
-0.95
0.87
0.64
-1.65
1.85
-1.78
1.30
-1.45
1.13
-0.19
-1.90
0.52
-2.14
-3.41
2.48
-0.07
3.66
-4.67
0.36
-0.50
-0.59
-1.27
1.08
4.63
-1.86
-0.96
1.39
0.18
-0.95
2.98
-2.10
-2.78
0.20
0.51
0.94
6.77
-1.10
0.68
0.47
-2.39
-6.65
0.09
1.48
-1.62
2.33
0.45
-0.18
-0.43
-0.05
-0.09
-1.46
-0.93
-3.83
3.54
1.09
0.97
-0.51
0.73
-1.05
-0.49
-0.06
1.17
-0.56
4.40
-0.56
-2.36
-1.76
-0.70
-1.66
-1.35
0.78
4.57
1.99
5.68
2.43
-0.31
-1.26
-2.33
-2.38
-0.56
0.25
-2.92
0.20
3.52
2.36
0.56
0.62
-3.89
3.61
-1.26
0.34
0.80
0.05
0.62
-1.36
-0.75
-1.85
2.32
-1.75
-0.31
2.00
-0.89
-2.05
-0.05
0.37
-0.56
-1.65
0.98
0.50
-0.28
0.28
0.48
0.23
-1.45
3.50
1.84
-1.40
0.67
2.56
-1.19
-4.17
0.24
0.66
-0.59
1.80
1.16
2.34
-5.37
1.24
-0.03
0.71
-1.05
0.94
-0.53
-0.41
0.00
0.10
3.10
-0.29
-2.29
1.67
0.98
1.24
2.24
-3.55
-1.45
1.47
-1.92
-2.02
0.63
-0.57
0.84
1.77
-0.36
-0.29
-2.02
1.82
-0.41
0.09
1.26
2.98
-1.62
0.10
-2.37
-1.20
0.78
1.62
0.09
1.36
-2.77
-0.67
-0.16
0.35
1.56
-1.09
-0.72
-4.64
0.58
-1.47
0.07
-0.75
-0.22
-0.28
0.67
-2.05
-1.21
-1.37
0.48
-0.56
-0.04
-0.08
-1.24
-0.04
-0.43
-1.24
0.32
0.56
-0.14
-0.60
-1.92
0.69
2.59
-2.09
-0.36
0.55
1.10
0.40
3.72
1.81
-2.06
0.08
-0.59
0.00
-2.85
0.24
-0.63
0.06
2.80
-0.62
-0.27
0.97
-1.89
1.75
-0.58
0.86
0.75
-1.45
-0.43
-0.21
0.76
-2.39
-0.08
0.91
1.44
-0.76
-1.04
0.04
-2.19
1.84
-1.77
11.07
-9.31
-1.93
-0.27
-0.23
0.39
4.40
-4.37
-2.17
0.73
-0.42
2.76
-3.01
0.82
-0.69
1.36
-1.30
3.33
1.59
1.80
-1.35
1.57
0.59
1.63
2.70
1.64
-0.44
-2.91
0.04
0.19
-1.36
-0.02
0.19
-1.32
2.06
-0.82
-0.75
0.62
0.77
0.99
1.26
1.60
1.50
-1.19
0.90
1.20
-2.41
-0.73
-0.98
5.65
3.65
0.44
-0.44
-3.65
0.71
-1.49
1.62
1.03
2.72
-0.59
1.72
-1.04
-0.74
-2.55
-0.21
2.03
8.73
-11.76
-0.54
0.61
-4.18
0.34
2.82
-1.21
8.41
7.52
5.51
-3.73
-2.41
-10.51
3.63
-0.82
-1.19
-0.61
0.58
4.60
-0.23
-1.72
-0.59
3.76
-3.69
3.49
-0.30
1.91
0.21
-0.62
-1.29
-0.23
0.30
-2.08
-1.62
4.08
-2.65
