0.79
1.54
-9.15
-10.61
-5.40
4.53
0.20
-5.97
-5.68
-6.27
6.10
-5.09
2.36
-2.96
0.38
-2.12
2.69
6.07
-3.73
-3.51
1.55
5.13
-4.88
-6.39
-1.14
5.23
-0.41
7.63
6.81
2.66
-0.93
0.35
4.04
-2.01
3.78
-3.28
1.15
5.26
-0.99
-1.48
2.17
-8.93
-1.78
-8.39
3.96
-2.44
2.00
2.70
-6.43
-0.16
3.67
2.39
-1.93
4.09
-1.99
2.13
-0.20
9.31
-0.49
0.95
-0.63
-0.41
0.16
0.61
0.07
-1.32
-0.86
-3.83
6.96
0.29
-1.40
-0.05
-1.65
0.48
-0.68
2.34
-5.86
0.76
0.35
-1.20
-1.96
-1.70
-5.42
-1.81
1.31
0.68
-0.03
0.42
-0.52
-7.43
2.83
2.14
-0.35
2.03
-0.29
2.60
2.46
2.93
0.02
0.37
0.51
0.51
0.48
2.26
9.39
0.17
4.12
7.16
0.67
-1.68
-1.13
1.77
1.33
0.67
-0.25
0.55
-1.95
-0.96
1.77
-5.30
-0.42
1.86
-0.24
1.36
-0.26
-2.47
3.24
2.35
2.99
1.49
0.51
-0.36
-0.51
1.16
4.40
0.10
-0.21
-1.86
-0.46
2.39
2.21
-1.13
-0.47
0.43
1.50
-3.89
0.35
1.74
1.45
1.13
3.09
-1.60
2.83
3.71
3.12
-0.36
0.38
-3.72
2.15
1.28
3.07
0.96
0.07
0.61
2.26
2.32
-0.19
-0.36
-6.67
2.82
-2.57
0.80
-6.12
4.41
-0.72
1.94
2.59
-0.94
0.29
-3.20
1.89
1.02
-1.61
-1.09
3.50
0.19
3.05
3.87
0.41
-1.16
-0.70
-1.46
-2.29
-1.07
-7.50
-1.41
0.30
-0.81
0.08
2.58
-1.20
-1.15
-0.67
0.96
-0.48
-0.38
-1.78
-0.18
0.15
-0.03
-7.42
-0.93
2.91
1.24
-2.88
0.58
0.42
3.74
0.64
3.60
-0.72
0.76
-0.55
0.45
0.19
4.95
-3.14
0.49
-1.62
-1.71
-0.21
-11.27
4.75
0.26
-0.94
-1.92
-2.02
-2.59
1.28
0.67
1.11
-1.24
0.96
0.55
-0.42
-0.48
2.06
-1.51
-0.93
0.30
-0.26
-2.94
2.06
5.07
-3.05
-1.56
-0.11
-5.05
-0.37
1.63
-4.01
-0.30
-1.56
0.43
-0.55
4.94
2.08
-2.02
-1.82
-0.58
-0.34
0.87
1.02
2.04
0.91
3.04
0.24
1.95
-0.53
-0.40
1.38
1.33
-0.97
0.42
4.04
-0.12
-1.06
2.98
1.79
-1.39
-4.43
0.67
-1.97
0.04
-3.06
0.11
-1.76
-0.43
7.33
-1.27
-0.43
0.48
0.64
2.31
-4.35
-1.00
-0.35
0.55
2.51
-0.46
-0.72
0.25
-1.49
0.79
-1.69
0.96
0.31
-0.67
-1.23
-1.50
-2.66
-1.80
-0.51
-0.16
3.28
1.50
1.04
2.81
1.80
-0.72
2.72
-1.28
2.19
0.00
-1.03
0.35
2.07
-1.39
0.96
2.73
0.29
0.32
2.84
3.20
-5.63
1.80
3.18
1.62
-1.42
1.92
0.90
0.18
-7.36
-2.85
-0.09
1.25
-0.46
1.29
-10.23
1.42
-4.84
-1.84
0.37
-2.94
-1.11
-0.20
1.33
-0.99
-0.37
1.00
-0.14
1.00
-2.33
3.05
-1.66
-1.32
-1.22
1.79
-0.35
-0.08
2.94
1.20
0.30
1.91
-0.31
-1.12
0.25
0.43
-0.04
-1.23
-1.24
1.14
-0.10
-2.13
1.05
0.00
2.70
-1.46
-0.38
0.87
0.75
1.91
-1.15
-2.19
0.34
2.49
-1.02
-1.21
-0.41
0.08
-2.47
4.62
3.15
-1.61
1.03
3.44
-1.04
-0.28
0.59
-22.40
-3.83
2.41
3.27
1.16
2.65
3.90
-0.32
-1.56
2.13
0.28
-0.26
-0.62
-0.69
2.47
-1.47
-1.45
6.51
-0.21
1.11
-0.63
1.23
0.41
-1.70
2.20
1.25
1.15
1.14
-0.10
6.30
-1.13
-0.46
-1.49
-0.55
0.21
2.65
-0.31
-0.68
1.28
0.99
-0.36
3.11
-0.11
-2.31
1.40
3.87
-3.43
0.71
0.05
-2.02
-1.14
-1.98
1.31
-1.09
4.77
1.26
1.28
1.26
-1.59
-3.29
-2.09
-0.35
14.30
-4.35
-2.97
-0.83
1.84
1.48
-0.32
-1.63
0.99
-1.47
-1.82
2.94
-0.12
0.71
0.94
-0.12
1.53
-1.44
0.80
-1.26
6.09
3.43
-1.81
0.51
-1.51
-3.91
-8.79
-0.46
0.46
-2.24
0.20
-2.23
-2.32
0.70
1.51
-4.87
0.28
0.30
-4.10
5.42
-0.79
-1.31
-3.20
-1.20
0.48
-0.42
-2.92
4.26
-1.41
-0.25
2.85
0.64
-1.57
1.99
-1.44
-0.27
1.03
1.35
-2.04
-0.95
-5.01
13.47
-3.69
3.39
1.51
1.87
1.78
1.27
-3.44
1.94
-1.42
1.63
-2.54
2.10
0.52
-5.47
-2.51
2.26
-3.46
