-0.50
-0.18
-3.91
-0.15
1.76
0.02
-5.84
1.92
-3.85
0.75
-0.47
0.57
3.71
0.03
0.79
-2.98
8.91
-7.61
-2.08
-3.95
-3.81
0.98
-6.36
-2.79
-1.24
1.74
2.72
0.65
2.76
2.49
-1.70
1.89
4.60
-1.17
0.20
0.20
0.01
-0.49
4.80
0.20
-0.47
-0.41
-2.15
-0.45
-0.14
-0.10
1.91
0.66
0.64
-0.48
-2.58
-1.32
0.34
1.17
1.63
2.34
-0.53
2.41
0.81
-0.84
0.82
-0.89
-1.19
2.72
-1.77
0.54
0.22
1.21
1.93
0.96
0.83
1.51
-1.17
0.81
-0.31
-1.66
0.92
-1.49
-1.67
-0.75
9.57
3.68
-1.83
-0.06
-1.76
2.25
0.86
3.43
1.45
0.66
-1.12
0.10
-2.17
0.31
0.15
0.61
-0.86
1.07
0.59
0.93
-0.37
1.48
-0.46
1.22
-0.37
0.16
-0.41
0.40
0.14
-1.34
-0.37
0.57
-0.70
0.46
-1.55
1.08
0.25
-0.73
1.62
-3.20
-1.09
2.40
1.08
0.00
1.41
0.33
1.31
-0.14
1.25
1.07
-0.74
-0.75
-0.19
-0.78
0.09
0.53
0.78
-0.17
0.06
-0.70
-0.54
0.15
2.16
0.82
1.18
-0.93
-0.78
0.81
0.68
0.08
0.23
0.03
0.35
0.17
-0.53
-0.58
0.08
-0.02
-0.94
0.29
0.39
-0.68
0.26
1.29
0.30
-0.48
0.21
0.19
0.24
2.13
-0.56
-0.05
-3.05
1.49
-1.36
0.01
1.13
1.15
-0.44
0.66
1.22
1.89
0.13
-0.82
2.12
1.55
0.04
1.00
-0.07
-0.32
1.24
-0.32
-0.26
0.27
-1.27
0.37
-0.58
-0.76
-1.22
0.58
0.00
-0.90
1.07
2.33
-0.35
-1.51
-0.51
-5.14
1.74
-0.56
-2.53
0.19
-1.56
3.96
0.36
-2.01
-3.82
-0.45
-2.70
3.36
0.44
1.33
0.50
2.61
0.68
-0.66
0.03
-1.74
-0.55
-1.57
-0.92
-0.45
2.57
0.71
0.75
-0.40
0.17
-1.11
1.87
-0.71
-1.02
-0.42
1.09
0.68
-0.08
-0.55
-0.75
1.42
0.09
-0.90
-2.00
0.51
0.47
3.07
1.99
0.12
-0.13
0.39
1.83
0.43
-0.91
-0.28
0.19
-0.09
1.18
0.56
1.71
0.31
-0.40
-0.64
-0.83
1.08
0.91
-3.54
-0.32
0.60
0.89
0.20
0.74
1.10
-0.02
0.75
0.17
0.11
1.35
-0.10
-0.40
-0.82
0.40
-0.42
0.95
-0.49
0.11
-0.38
-0.07
0.53
0.29
-0.06
0.25
-0.24
0.05
0.05
-0.13
0.55
-1.61
0.58
-0.08
-0.21
0.14
1.08
2.14
0.23
1.16
0.56
1.72
0.27
-1.21
-0.38
1.36
-0.52
-0.68
-1.29
1.96
0.20
-0.51
0.32
-0.39
0.99
0.02
0.18
1.04
0.68
2.53
-0.18
-0.60
-0.37
-0.36
1.59
0.40
-0.41
-0.14
1.45
-0.35
0.85
-2.23
1.48
0.14
1.13
0.09
0.91
1.33
0.24
0.09
-0.21
0.13
1.08
0.46
-0.83
0.71
-0.01
-3.13
-1.38
1.65
-0.44
-1.26
2.44
0.76
-0.26
0.97
-0.09
0.24
-0.97
-1.73
1.39
-1.45
-0.81
-1.48
1.86
-0.64
1.41
1.81
-0.23
1.25
-0.66
0.20
0.82
1.42
0.24
0.18
-0.29
1.29
0.09
1.24
-0.65
-2.48
-3.16
0.85
-0.03
-0.90
0.07
0.23
-0.79
-2.55
1.16
1.58
-0.06
-0.46
-1.80
-0.22
-0.54
1.43
-0.92
-0.58
-0.75
0.08
0.85
1.42
1.34
-0.24
-1.33
0.26
1.21
-1.39
1.25
0.47
1.73
-0.74
-0.55
-1.28
-0.44
0.35
-0.88
-0.99
-1.60
-0.13
1.31
0.58
0.52
-0.22
-0.22
0.87
1.60
0.89
0.14
-0.38
0.79
0.60
0.20
0.34
0.28
-1.20
-1.04
-0.38
-1.69
0.99
-0.31
-0.05
13.22
0.90
-0.50
-0.14
-0.86
1.59
0.82
0.22
0.53
-0.33
0.34
0.68
-0.89
0.94
-0.65
-0.32
1.17
1.46
2.58
0.83
-0.19
-2.71
1.33
-1.22
-2.44
0.67
0.94
0.65
0.19
0.60
-0.33
-0.08
0.87
0.42
0.97
-0.27
-0.82
-0.24
-0.54
0.72
0.47
0.32
-1.40
1.67
1.28
0.45
1.62
1.44
0.47
0.13
1.78
2.23
-0.03
-0.76
-0.13
0.10
2.53
2.65
-0.37
1.51
1.75
1.11
1.42
0.96
-4.25
2.95
-2.40
3.31
-1.81
-4.68
-0.85
3.53
2.04
2.58
0.74
-0.89
1.36
0.99
0.12
1.03
1.46
-0.66
0.03
-1.26
0.46
1.56
0.92
0.48
0.44
1.74
1.24
-0.64
0.18
-0.55
-0.67
-1.70
2.69
-0.29
-2.39
-3.14
4.03
-3.78
