1.64
-5.91
-6.86
1.23
-12.12
8.28
3.18
2.47
-0.60
-6.06
7.74
-0.60
2.41
-2.94
-1.21
-6.75
-3.95
3.42
0.66
-5.26
0.69
11.03
-2.48
-4.46
1.33
-2.63
-0.68
3.40
3.95
3.80
-7.32
5.92
0.62
-9.88
3.42
-0.66
2.00
-2.61
2.68
1.31
0.65
-3.21
5.30
-5.66
2.67
-5.19
2.74
2.00
-5.88
-2.08
8.51
7.84
7.88
8.99
-7.73
2.23
0.00
1.64
2.69
3.14
0.51
1.52
-3.98
4.66
-0.99
-5.00
-3.16
2.72
1.06
-2.09
-1.07
1.62
-3.19
1.10
2.17
-1.60
-2.70
-1.67
1.13
-1.12
-2.82
-0.58
-5.26
-2.47
-0.32
-0.95
1.28
1.90
-3.73
-1.94
0.66
3.27
-3.80
-1.32
0.67
3.97
3.18
0.62
-2.45
1.89
8.02
3.43
-1.10
7.82
-3.11
7.49
-2.49
9.69
-4.19
-3.40
0.50
-2.00
-1.02
-2.58
-2.65
3.26
-1.58
-1.07
3.24
-5.24
-8.84
3.64
2.34
-2.29
-2.92
-3.61
0.63
1.86
3.66
-4.71
0.00
-1.23
1.87
1.84
2.41
1.18
3.49
0.00
-5.62
-1.19
0.60
2.40
-1.75
-0.60
0.90
-3.26
6.13
-1.16
1.75
-3.45
-0.60
-3.59
3.11
0.60
2.40
-3.51
-1.82
1.23
-1.22
3.70
0.00
-5.36
2.52
0.00
-1.84
-1.88
-1.27
0.65
0.64
-1.91
0.65
2.58
-6.92
5.41
-3.85
2.67
12.99
-4.60
1.81
1.18
4.09
-0.56
-1.69
-0.57
4.62
-2.21
-1.13
0.00
4.57
0.55
1.09
-2.15
2.20
0.00
-1.08
-5.98
-2.31
-8.28
1.29
-2.55
0.00
3.92
-1.26
1.27
1.26
-1.24
-1.89
-2.56
-2.63
0.68
-6.04
-3.57
2.96
5.76
4.76
3.25
0.63
2.50
1.83
-1.80
-4.27
0.00
0.64
-1.90
-2.58
5.30
0.63
-5.00
-0.66
-3.97
-3.45
0.71
2.84
2.07
-5.41
-2.14
2.92
-0.71
4.29
-1.37
4.17
-2.67
-3.42
2.13
-2.78
5.00
4.08
0.00
-1.96
-3.33
-2.07
3.52
2.04
0.67
0.00
-1.99
-2.70
-2.08
2.84
-2.07
-2.82
-0.72
-0.73
0.74
2.19
2.86
0.69
-0.69
2.78
-2.03
6.21
4.55
1.86
0.61
-3.03
-6.88
-1.34
1.36
-1.34
-0.68
0.00
5.48
-3.25
0.00
-2.68
-2.07
0.00
3.52
6.80
0.64
1.27
-5.00
1.32
-0.65
-3.92
-2.04
0.00
2.78
-2.70
-1.39
12.68
-1.88
-1.27
-2.90
-4.32
-0.69
1.40
0.69
2.05
-2.01
-1.37
2.08
-0.68
-2.05
1.40
-2.76
1.42
-1.40
0.00
1.42
-0.70
0.70
3.50
-13.51
-0.78
1.57
0.78
4.62
2.21
0.00
-0.72
-2.90
2.61
-1.09
-1.47
-6.72
-2.40
0.00
5.74
-7.36
-1.26
1.69
0.00
-0.83
-3.36
0.87
14.66
0.75
1.49
1.47
-1.45
-3.68
0.76
-1.52
6.15
-2.17
3.33
-0.36
-2.16
2.57
-2.51
2.21
-2.16
-0.37
-7.01
3.97
970.99
12.26
5.40
-2.47
-8.12
1.38
0.99
8.54
-0.06
2.12
3.62
0.23
2.68
7.00
-4.47
41.38
-2.46
-3.27
-1.02
-0.91
-4.41
0.00
2.52
1.99
1.21
0.04
0.08
-4.27
3.00
-1.12
1.26
0.37
-2.32
-1.40
0.43
-9.03
-2.45
-0.39
1.84
1.71
-0.56
-2.82
-0.44
-0.24
-1.32
3.75
-1.28
6.65
0.36
1.67
-0.18
-0.22
3.07
-0.39
-1.65
1.37
3.43
1.72
0.33
-0.29
-0.66
0.91
0.45
-0.37
0.90
1.63
0.72
-0.08
2.63
-4.54
2.12
1.79
-0.20
1.57
-0.04
-0.23
0.04
0.58
1.42
-0.91
1.23
-1.02
-3.13
0.83
5.05
2.64
-0.91
-0.11
-0.40
0.33
-1.10
-0.22
3.46
0.54
0.18
-2.32
1.72
2.55
-1.30
-1.03
-5.77
1.75
-1.38
-3.37
3.10
1.03
-0.08
0.60
2.02
0.62
6.86
-2.12
3.31
2.80
1.81
-0.77
-3.67
1.18
2.60
2.54
0.92
-2.77
-0.84
0.46
-1.75
-0.17
1.19
-2.32
0.23
5.51
0.28
4.92
4.24
-0.06
-1.93
6.59
10.94
2.32
-0.63
-5.97
2.50
0.10
-9.21
-2.29
-3.06
1.42
-0.70
4.34
0.81
4.99
1.06
0.26
-0.84
-3.28
2.38
-0.19
3.66
0.88
0.95
-0.96
2.35
-4.08
3.31
1.66
-0.94
2.55
-0.51
0.07
-0.69
1.65
-0.83
-2.15
-2.78
-2.80
2.65
4.90
6.64
-1.31
-0.37
-0.14
-2.23
1.54
-4.90
-2.29
-8.27
-8.38
-4.54
-1.97
28.68
10.69
-6.41
1.70
-2.08
-2.12
