-1.28
-0.94
-1.41
-1.54
1.40
2.51
-6.09
1.55
-1.38
0.69
-1.25
-0.43
3.94
-3.31
1.64
-3.48
-0.82
3.05
-0.43
-3.61
-0.90
-3.56
-4.41
-5.93
0.31
4.65
1.23
-7.86
4.62
0.10
-1.94
4.54
4.41
-2.51
3.19
1.92
-1.33
-0.69
1.71
-0.62
-1.53
-1.05
-0.67
-0.65
0.26
1.26
0.86
2.82
0.22
0.95
-0.58
-1.23
-0.50
1.56
0.12
-1.14
-0.22
3.42
2.50
-0.68
1.71
-0.55
-1.52
0.86
-1.71
1.65
-1.65
0.21
5.02
-0.71
-0.97
2.52
-0.65
0.11
-0.17
-1.53
0.78
0.83
-2.39
-1.37
1.68
0.32
-1.36
0.50
1.84
8.48
-1.90
-1.99
1.92
2.16
1.00
2.87
-3.22
0.92
-1.74
-0.71
0.53
3.42
-0.18
0.37
0.63
-0.20
-1.55
0.10
-2.27
-0.13
0.98
-0.03
1.10
-2.00
-0.37
2.07
-0.21
1.83
-2.43
1.60
-0.08
-0.88
1.57
-4.98
-2.24
2.85
2.26
4.23
-0.05
1.36
0.90
-0.30
2.23
2.20
1.09
-1.29
-0.62
0.84
-0.14
-1.47
-0.34
-0.27
0.41
2.32
-1.98
-1.61
-1.52
-0.27
-0.22
-0.80
1.58
1.11
-0.66
0.12
1.58
-0.36
0.51
-0.41
0.83
-5.23
1.45
0.35
-0.10
0.35
1.30
0.07
0.79
0.15
0.58
0.70
-0.51
1.89
1.54
1.66
-0.30
-0.18
-2.33
2.77
-0.12
0.58
2.13
-0.38
-0.68
0.02
1.22
-0.36
-0.34
-0.86
0.52
-0.11
0.11
0.20
-0.45
0.07
0.91
-1.21
-0.16
-0.30
-2.03
1.00
-0.39
1.23
-0.37
1.49
-0.88
1.21
0.50
2.09
-0.90
-1.38
-1.62
-0.91
-0.35
-1.32
0.00
1.81
-3.85
-1.46
-0.19
-2.10
-3.61
1.83
-4.16
2.01
1.14
2.49
-3.88
0.10
-3.28
0.24
-0.11
0.40
1.55
-3.53
-2.81
0.37
2.16
0.60
2.04
-0.16
-1.60
1.03
0.40
-1.55
0.68
-1.41
0.44
0.55
0.19
-1.25
0.16
0.08
-0.27
0.14
-1.01
1.47
1.97
1.55
-0.08
-0.55
1.80
2.14
-0.18
-0.46
0.00
0.33
-0.56
0.28
-1.13
1.48
1.18
-0.23
0.35
0.00
1.51
0.65
0.00
-1.14
0.45
-0.35
-2.15
1.38
18.88
-3.24
-1.58
1.11
-0.20
-0.13
0.02
-0.24
-0.33
1.04
0.31
-1.23
4.45
-0.98
0.84
1.57
0.52
1.08
0.91
0.37
0.61
-0.85
0.29
-0.24
0.06
-0.35
-1.51
0.95
0.21
0.70
0.37
0.93
0.76
0.10
-0.66
-0.66
-0.99
0.33
0.33
0.51
-1.15
0.08
-0.90
-0.45
0.78
0.76
0.37
1.22
-0.16
2.03
0.94
0.00
1.07
0.65
0.86
0.65
-0.38
0.49
1.37
0.30
1.17
2.51
-0.43
0.47
0.71
0.66
-4.46
1.66
1.32
2.22
1.19
1.23
1.21
-1.59
0.51
0.00
1.67
0.15
0.25
0.08
1.15
0.00
-4.15
-2.19
2.01
0.95
0.79
-0.19
2.59
-0.28
0.88
0.79
-1.28
-0.26
-3.20
0.89
-2.09
-0.02
-2.28
1.60
-0.91
2.56
0.72
-0.91
5.24
-0.85
0.41
-0.41
1.37
0.00
-0.41
-0.25
0.84
-0.80
2.77
-2.35
0.46
0.59
0.95
-1.52
4.10
-3.06
-1.10
0.08
-1.91
0.88
1.89
0.13
1.48
-2.42
1.04
-0.37
4.01
-0.39
-0.91
-1.34
0.27
1.16
3.47
-0.18
-0.67
-0.11
-1.61
2.86
-1.37
1.89
-0.11
-1.04
-0.35
-0.26
-1.23
0.17
1.07
-1.37
-0.33
-2.75
-0.61
2.15
0.71
1.50
-1.71
0.09
-1.29
0.73
0.25
-3.27
0.44
-0.15
1.12
-1.56
0.65
0.29
-0.26
0.80
1.03
-1.87
2.07
-1.47
0.40
3.35
1.81
0.29
-0.24
0.18
-3.44
-3.69
0.15
3.85
-0.49
0.98
0.64
-1.78
1.97
-0.05
-0.27
0.89
0.99
1.37
-0.44
0.35
-6.00
0.63
-0.71
-5.42
1.62
2.02
1.35
1.40
1.19
1.95
0.31
0.67
2.61
-1.08
-1.68
-0.80
1.09
-0.88
-1.64
-0.17
0.09
-0.13
1.56
1.55
-1.00
2.64
0.39
-0.66
0.97
3.61
1.62
-2.36
2.42
-0.80
1.10
1.03
0.35
-2.05
1.06
2.40
-0.10
-1.16
3.52
-1.05
-2.63
-4.23
1.90
-0.34
-5.23
1.44
2.31
-0.37
2.32
3.36
-2.50
0.93
-0.88
-1.04
3.71
1.51
-0.75
0.72
-1.53
2.78
1.47
-1.57
0.20
3.70
1.84
-1.74
-1.21
-2.25
-1.13
-2.32
-0.88
0.45
0.34
-2.58
-2.47
3.00
-5.41
