-3.35
-3.08
-3.18
-0.66
-0.12
1.47
-5.09
1.52
-4.17
0.08
3.13
0.57
-0.02
-0.02
-0.08
-1.64
3.29
5.81
2.97
-3.22
-1.41
3.62
-5.70
-5.06
-1.76
-0.43
-2.42
4.60
3.76
3.52
-2.76
1.26
1.53
-1.90
1.70
1.63
0.48
0.65
3.33
-1.05
0.26
6.36
-1.75
-2.70
1.67
1.73
3.05
-0.46
0.22
0.11
1.96
0.62
0.26
1.22
-1.14
0.01
0.07
0.67
1.82
-1.55
2.14
-1.13
-0.63
1.62
-1.63
0.76
-0.35
-0.12
2.61
-0.41
-2.10
0.26
-3.10
1.43
-1.23
-0.67
-0.82
1.11
0.51
-2.34
-1.51
0.23
-1.97
-0.79
0.36
-0.48
0.36
1.55
-0.53
-1.95
-0.70
1.86
-1.04
1.92
-0.79
2.80
0.93
2.24
1.42
-0.36
0.18
0.69
0.27
0.09
4.94
0.17
1.23
-0.69
0.27
-2.02
-0.50
-0.64
-0.37
0.15
-1.66
0.60
-0.71
-0.43
2.24
-6.24
-3.42
4.27
3.49
0.26
-0.76
-2.24
-0.09
0.24
2.75
1.43
0.78
-0.74
2.15
0.23
0.73
-1.11
1.33
-1.39
-0.46
0.07
2.29
1.36
-0.86
-1.37
0.94
-0.38
0.75
1.75
1.87
-1.04
1.68
0.40
0.14
0.22
1.78
-1.79
0.37
0.52
0.57
0.57
0.80
-1.15
0.42
0.64
0.14
-0.23
-0.33
0.38
-2.25
-1.16
-1.29
-0.31
-4.51
2.30
0.46
2.64
1.83
-0.86
-0.30
-1.46
0.95
-0.58
-1.30
0.02
2.50
-0.09
1.03
0.03
-1.42
-0.60
2.62
0.41
0.01
0.32
-2.06
-0.41
-0.90
0.68
-0.71
1.95
-0.17
0.90
-0.28
2.10
-1.64
-0.37
-0.44
-1.68
0.55
-0.87
2.23
0.25
-0.47
2.78
0.02
-2.02
-3.16
-0.24
-2.24
1.63
0.83
-0.47
0.67
2.63
2.57
0.03
-0.19
-1.19
0.46
-2.83
-4.52
0.88
1.16
-0.82
2.30
1.28
4.91
-0.52
0.72
-1.01
1.35
-0.88
1.14
0.89
0.12
-0.93
0.74
0.20
-1.16
-0.18
-1.72
0.89
-0.71
-1.58
1.33
0.22
2.03
-0.64
-0.31
0.89
-0.74
3.30
0.29
2.97
-0.04
3.53
2.39
0.83
0.75
-1.21
-1.83
2.10
0.18
1.03
0.19
-0.31
0.48
-0.75
0.09
0.58
-0.67
0.32
1.06
1.07
1.11
0.66
-1.67
-0.10
1.38
-1.10
2.00
1.00
0.47
-0.17
0.60
0.17
1.08
1.95
0.04
-0.93
0.70
-1.58
-0.53
0.03
-2.36
0.65
-0.26
0.97
0.04
0.87
0.16
-0.57
-0.49
-0.07
0.07
-0.84
0.17
0.34
-0.11
-0.22
-3.84
1.01
1.21
-0.36
0.25
2.14
-0.25
1.64
0.89
-0.68
0.64
-1.02
0.23
1.87
-0.24
-0.67
1.37
-0.60
1.50
1.26
-0.10
2.11
1.30
0.69
-3.89
2.71
-1.47
1.83
-0.77
1.29
0.53
0.15
-0.58
-0.14
-2.04
8.50
-0.91
0.65
0.17
0.29
-4.58
-0.28
0.11
-0.99
-1.06
-0.73
2.07
-0.48
2.14
-0.44
-0.15
-0.38
-3.06
2.43
-2.91
-0.42
-1.41
0.81
1.48
1.95
0.90
-0.36
2.30
0.36
1.20
-0.51
0.75
1.40
-0.38
-0.13
-0.03
0.50
1.07
-2.36
-0.23
-1.48
0.70
2.00
-1.21
-0.45
1.31
-0.43
-0.87
-3.40
1.42
2.78
1.11
-0.11
-2.55
0.98
0.10
2.19
0.72
-0.73
-3.73
-0.93
-0.62
1.77
2.46
0.26
-1.46
0.13
-1.13
-0.99
1.49
-0.24
-0.36
0.29
1.46
-0.29
-0.02
-2.74
-1.04
-0.47
-1.56
0.75
1.40
0.98
-0.16
-0.85
-0.40
1.04
0.69
0.85
0.28
-0.17
1.79
-0.66
-0.31
-0.52
-1.64
0.57
0.12
-0.02
0.01
1.40
-0.75
-0.84
3.75
3.29
1.03
-1.75
0.08
5.45
1.42
-2.23
-2.09
-0.26
0.02
-0.66
0.89
2.45
-0.09
1.11
0.62
-0.44
2.55
0.79
-2.54
-2.13
2.37
-2.30
-2.93
-0.74
0.86
0.00
-1.51
0.02
-0.48
1.29
-1.03
2.48
-0.52
-0.26
0.74
-1.55
0.31
-1.62
0.40
0.50
-1.35
3.94
1.09
0.03
0.59
0.24
-1.38
-2.11
0.25
0.30
-0.39
0.97
1.50
-1.26
-1.61
0.30
-2.30
-3.73
1.42
-2.12
-1.83
2.93
-3.73
-1.39
-2.31
4.49
-1.25
-3.31
2.51
3.88
0.60
0.73
1.68
-1.17
0.29
-0.40
0.29
1.75
-0.30
-0.45
-2.12
-1.28
3.11
-1.55
1.61
-1.56
-0.04
2.77
3.57
-0.62
-0.24
2.75
-4.81
-3.89
-1.06
1.50
-0.99
-0.45
2.17
-1.36
