-1.54
-3.20
-0.90
-0.33
0.66
0.55
-2.41
0.70
-0.60
-0.43
0.62
-0.62
-12.10
-0.07
0.13
-1.03
-3.01
1.17
2.24
-1.90
0.84
0.50
-0.74
-2.93
0.44
-0.65
-2.26
3.03
0.99
0.81
1.01
1.03
1.68
-0.93
-0.85
1.37
-0.02
0.36
2.20
0.56
1.70
0.34
1.22
0.73
-0.64
-0.51
1.21
0.18
-0.57
0.79
0.64
1.90
-0.02
-0.98
0.03
-0.26
-0.31
0.53
-0.51
1.84
-0.49
-0.79
-0.71
-0.52
-1.70
1.09
0.50
1.47
2.44
0.56
-0.59
0.72
1.57
2.28
0.91
0.49
-0.35
0.76
0.05
-0.59
-0.62
0.38
-1.26
-0.91
-0.53
0.92
-0.82
1.34
-0.39
-0.39
-0.34
-0.08
-2.04
1.21
-1.23
1.88
-0.52
2.01
0.68
-0.12
0.44
0.37
0.23
0.76
-1.39
0.69
-0.08
0.56
-0.83
-1.13
-2.00
-4.08
0.57
0.83
-0.11
0.71
-0.02
-0.55
2.10
-5.04
-3.98
0.40
2.99
1.90
-0.12
-2.54
0.56
0.55
2.81
1.09
1.35
0.16
0.81
0.27
0.33
0.27
0.50
-1.63
1.34
0.08
0.06
0.34
0.31
-0.51
-0.51
-1.03
0.57
0.17
2.47
0.47
-0.67
-0.99
1.14
-0.15
0.38
-0.50
0.58
-0.08
-0.15
-0.26
0.49
-0.79
-0.25
-0.32
1.13
-0.11
0.20
-1.10
0.51
0.87
0.65
0.08
-1.69
1.20
-2.34
-1.37
0.55
-0.27
0.63
-0.53
0.88
0.54
-1.21
-0.67
1.36
-0.09
-1.32
1.06
-0.36
0.16
0.70
-3.76
-0.29
0.23
-1.68
-0.28
-0.46
-0.43
-0.42
0.30
1.95
9.03
0.87
-0.40
-0.52
0.09
0.19
-0.72
-0.05
-0.26
-1.21
-0.18
0.28
2.27
0.10
2.49
1.99
0.56
2.72
0.07
-1.09
0.14
-1.09
0.76
0.25
1.62
-0.03
-1.00
-0.89
0.77
0.68
-0.92
0.24
0.39
2.74
0.83
-0.19
-1.59
0.35
0.31
1.17
0.08
-0.60
0.68
0.35
-0.98
0.52
0.01
-0.81
-0.61
0.22
1.71
1.21
-1.23
0.20
0.52
1.04
0.34
-0.04
-0.34
-0.03
1.16
-1.03
-0.64
-0.30
1.92
-0.70
0.05
-0.10
0.56
-1.16
0.50
-0.33
2.00
-0.28
-0.13
0.10
0.49
0.38
0.55
0.63
0.24
-0.11
0.25
0.33
-0.14
0.24
-0.36
0.51
-0.14
2.32
-2.22
-0.27
-0.48
0.10
-0.68
0.33
0.10
-0.21
0.61
-0.58
0.68
-0.65
-0.50
-1.67
0.18
0.22
0.46
-0.77
1.34
-0.50
1.23
-0.13
-0.66
-0.42
-0.64
0.21
-0.19
-0.36
-0.30
-0.75
-1.15
1.15
-1.15
-0.32
5.92
-0.54
1.08
0.22
-0.14
-0.24
-1.34
-0.03
0.39
-0.89
-0.63
-0.01
-0.20
0.36
0.27
-0.93
-0.55
1.08
-0.26
-2.25
0.01
0.55
0.23
0.29
-0.10
0.41
0.03
-0.48
-0.19
1.74
0.27
0.61
-0.15
1.22
0.18
0.45
-0.17
0.52
0.31
-0.17
0.93
0.53
0.77
-0.36
0.05
-0.04
0.90
0.14
1.07
-0.40
0.73
1.02
-0.25
-1.35
0.70
-0.04
-0.17
0.78
0.65
-0.11
-0.07
0.35
0.48
-0.67
0.28
-0.69
0.48
-0.13
-1.70
1.13
0.51
0.01
0.07
0.28
0.50
-0.14
0.10
-0.29
-1.32
-0.32
1.40
1.54
0.69
-1.49
-0.82
-0.09
0.00
-0.02
0.09
0.13
-0.07
0.01
0.32
0.48
0.05
-0.96
-0.09
-0.96
-0.19
1.71
1.00
0.10
-0.52
0.93
1.01
1.29
-0.64
-0.01
-0.02
-0.21
0.54
0.90
0.73
0.36
0.09
0.98
-0.46
0.16
0.43
0.15
0.22
0.08
-0.38
1.36
-0.97
-0.29
0.43
-0.20
0.21
0.31
1.60
-0.33
2.29
0.10
-0.75
0.47
0.28
0.20
0.47
-0.15
-0.96
-1.70
-0.25
0.41
-0.15
-0.53
0.32
0.14
0.28
0.49
-0.62
-0.36
-0.01
1.94
1.39
1.15
0.15
0.75
0.12
-0.51
0.38
-0.03
0.46
0.37
-1.60
-0.64
1.41
1.18
-0.53
-0.65
-0.01
0.24
-0.17
0.57
0.58
-0.39
-0.37
0.62
1.31
0.23
-0.92
0.37
0.70
-0.48
0.24
-0.62
0.42
-0.89
-1.83
0.30
-0.35
1.35
0.39
-0.06
-0.22
-0.70
0.70
0.60
-3.32
-4.83
2.36
-0.61
-5.63
3.83
3.25
-0.15
1.77
0.34
0.24
0.41
0.32
-0.15
1.49
2.87
-2.03
-2.08
-2.43
0.48
1.11
-0.61
-0.45
0.99
2.55
-1.39
-2.35
-0.88
-0.15
1.29
-0.81
0.12
-0.22
-3.51
-1.05
2.40
-1.30
