0.41
-1.59
-4.19
-2.27
0.17
1.31
-2.88
0.84
-2.76
0.34
-3.11
1.03
0.98
-0.48
3.23
-8.93
1.23
1.80
1.19
-3.32
3.70
1.43
-0.85
-2.52
-0.49
-2.12
-6.81
0.18
3.65
3.32
1.06
-2.05
1.94
-0.42
-1.12
1.06
1.15
0.02
1.51
-0.26
-0.03
1.22
1.51
-0.45
0.42
0.07
1.37
1.37
0.02
0.96
2.45
2.49
1.42
-0.54
-1.67
-0.56
-0.63
-0.31
-1.76
-1.28
0.02
-0.49
0.55
0.71
-0.73
0.69
0.02
1.22
1.29
-0.22
0.21
0.64
0.54
-1.59
0.13
0.24
-0.23
1.90
2.88
-1.66
0.00
-0.59
-1.13
-1.21
0.91
0.89
-0.87
1.98
-1.28
1.07
-1.71
1.53
-1.18
-1.18
-2.22
-0.54
0.15
-0.06
1.07
0.35
-0.07
-2.38
0.21
0.35
0.42
3.55
0.02
0.81
0.08
-1.47
-0.93
0.45
-0.26
-0.61
0.35
2.26
-0.93
0.19
1.35
-5.26
-3.02
0.97
2.50
2.27
-0.14
-2.10
-0.01
0.17
2.30
1.50
-0.93
-0.54
1.11
0.64
0.79
0.92
0.04
-0.88
-0.04
-0.40
1.44
0.82
-2.17
0.49
-0.34
-1.21
0.21
-0.50
0.40
0.35
0.33
-0.26
0.54
0.08
1.17
0.25
-0.21
0.21
-0.41
0.41
-0.63
-0.63
-0.23
-0.56
0.51
-1.57
-1.04
0.35
0.97
1.40
-0.26
0.20
-3.29
1.24
-1.05
-0.85
0.08
-0.84
0.62
0.24
2.17
1.00
-0.07
-0.92
0.57
0.69
-0.91
0.54
0.49
-0.10
1.82
-0.18
-0.42
1.49
-1.55
-0.43
0.17
0.09
0.37
0.82
0.80
-0.25
-0.15
1.34
1.14
4.69
-1.53
-0.21
-0.41
-0.01
-1.17
-0.52
-0.34
2.50
-0.58
2.03
1.79
0.56
0.99
-1.25
-1.13
-0.76
0.70
0.46
1.70
0.15
0.20
-0.18
1.25
-0.71
1.22
-0.09
-0.06
0.05
1.25
0.81
0.71
0.43
-0.32
-1.40
-0.45
0.47
1.09
0.13
0.70
-0.01
0.22
-0.21
-0.88
-0.26
-0.01
0.83
1.05
0.06
0.25
-0.49
0.47
0.21
-0.70
0.34
-0.73
0.41
0.43
0.33
-1.06
1.72
4.24
1.05
-0.84
-1.27
-1.30
0.34
-1.04
0.09
0.97
1.54
-1.62
0.29
1.19
1.08
0.28
0.47
0.89
1.11
1.65
-0.11
0.86
0.33
1.12
0.45
2.04
-0.50
-0.44
-0.69
0.60
-0.15
-0.64
-1.04
0.20
-0.18
-0.01
-0.29
1.07
-0.39
-1.91
0.58
0.16
-0.81
0.16
0.72
0.15
0.20
-0.63
-0.12
1.16
-0.91
0.16
0.83
-0.72
0.57
-1.41
-0.24
1.94
-0.65
0.31
0.50
0.60
0.93
0.80
-0.98
0.83
0.88
-1.32
0.58
-0.03
-0.17
1.06
0.55
0.48
-2.00
0.41
-0.38
-0.47
0.17
-2.15
-0.77
1.89
1.61
-0.10
0.96
0.98
-0.26
0.16
0.40
-0.17
1.55
-0.67
-1.16
0.72
0.97
0.05
-0.02
0.57
0.68
1.60
0.51
1.34
-0.38
0.42
0.14
1.40
-1.11
-0.55
0.37
-1.08
0.15
0.42
1.62
-0.16
0.44
0.79
1.13
0.08
-0.10
1.11
0.24
-0.36
1.27
-0.28
0.88
0.02
0.13
9.88
3.23
0.11
0.49
-1.25
-0.62
0.13
-0.23
1.06
-0.30
-2.17
-0.61
0.86
0.97
0.85
-0.66
-0.84
0.08
-0.04
1.73
-0.69
0.27
-1.19
0.55
1.40
-0.01
-0.33
0.28
-1.39
-1.00
0.72
1.05
0.76
-0.00
0.56
1.36
1.54
1.64
-0.24
1.19
0.23
0.16
-0.83
-0.24
0.62
-0.40
-0.02
0.70
-0.21
0.12
1.22
-0.12
-0.07
0.98
0.20
0.18
-0.45
-0.38
-0.44
0.55
-0.38
2.20
-0.92
1.40
-2.86
0.34
-1.08
1.09
-0.49
0.20
1.60
-0.34
0.89
0.78
-1.29
-0.70
0.60
-0.25
0.42
0.32
-0.55
0.90
0.89
-0.69
0.28
-0.11
0.91
0.49
2.78
-1.96
2.43
-0.87
0.99
1.33
1.39
-0.96
2.39
0.66
0.70
0.02
0.75
0.37
0.22
-0.96
0.02
0.09
0.09
0.25
-0.49
0.65
0.32
-0.38
4.10
0.42
2.67
0.57
2.45
2.47
-0.31
4.73
-3.09
-0.71
0.08
-0.71
-0.27
2.52
0.03
-0.70
-0.91
4.93
0.73
-2.25
-5.74
3.66
2.11
-5.30
0.96
3.30
-0.19
0.49
3.37
-0.40
-0.48
-0.28
1.01
0.21
1.91
0.32
-0.67
-3.46
-1.44
2.34
-1.09
-0.54
0.49
1.66
-2.91
-1.60
-2.48
-0.08
0.15
0.39
1.77
-0.16
-5.19
0.43
2.48
-2.39
