0.00
-2.13
-3.61
-1.94
0.72
0.00
-2.68
0.60
-3.54
-1.52
-3.86
-2.41
1.50
-4.42
2.70
0.38
1.27
4.51
-1.27
-5.23
-1.51
1.69
-2.26
-5.25
-0.57
-1.80
-6.84
7.08
2.51
2.53
-2.55
-0.90
3.38
-3.03
-0.25
1.57
3.08
-1.42
5.35
1.67
0.67
0.30
-0.07
-3.47
0.61
0.99
3.92
-1.09
-0.51
-1.92
0.68
2.91
0.36
-0.58
-1.02
0.44
-0.44
-1.47
0.45
0.30
0.30
-0.37
-2.37
0.61
-3.17
0.23
0.70
2.31
3.92
2.54
-0.99
1.21
1.98
3.32
-0.20
1.41
-0.99
0.87
-0.46
-1.53
-1.56
1.44
-2.78
-1.60
-0.57
0.43
-0.85
2.22
-0.70
-0.42
-1.84
0.36
0.57
4.85
-1.09
-0.07
-0.34
1.45
1.63
-1.47
1.22
-0.60
0.47
0.54
-3.48
0.69
-1.17
0.56
-1.66
-2.54
-1.66
-2.50
0.60
-0.22
0.68
1.04
0.59
-0.07
3.16
-7.41
-6.31
4.27
3.86
0.61
-1.28
-2.75
0.94
1.17
1.23
0.30
2.50
-0.74
1.56
0.07
3.29
1.06
0.98
-0.90
0.77
-0.07
1.11
0.69
0.34
-1.29
-1.10
-1.40
2.48
0.00
3.94
0.53
0.40
-2.50
0.47
0.20
0.74
1.00
-0.13
0.07
0.40
-0.26
1.12
0.33
0.84
1.67
0.32
2.21
-0.31
-0.99
0.13
-1.38
-0.51
1.02
-0.76
1.02
-1.13
-0.57
0.26
-1.15
0.65
0.06
0.32
-0.32
-0.51
-2.77
1.33
0.59
-1.43
3.23
-0.13
1.09
1.96
0.68
-0.55
1.05
-1.17
-0.50
-1.25
1.07
0.31
1.31
1.29
0.55
0.66
0.60
-0.30
0.90
0.24
-1.36
-1.08
0.67
-0.78
0.00
0.42
2.78
-0.06
5.71
4.40
1.39
5.57
0.40
-2.03
1.67
-0.40
1.65
-0.15
1.28
1.46
-2.68
-0.05
4.09
1.80
-1.26
2.87
1.47
1.85
1.68
0.61
-2.08
0.00
0.27
2.16
-2.16
-0.79
1.02
-0.35
-0.40
0.27
0.04
-1.24
-1.48
0.45
1.95
1.86
-1.18
0.00
-0.57
1.73
0.57
-0.65
0.39
-4.17
2.63
-0.44
0.49
-0.35
1.73
1.83
0.30
-0.34
-1.76
-1.35
1.10
-0.74
2.51
-0.73
-0.95
-1.00
1.99
-0.17
1.39
2.82
2.16
0.00
-0.24
1.06
0.04
-0.85
-1.42
1.40
0.45
3.32
-1.06
0.83
-0.75
-0.16
0.20
0.36
-0.16
-0.04
0.08
-0.55
0.16
-1.43
-1.69
-5.81
-0.35
0.57
0.22
-0.39
1.95
-0.55
2.23
-1.17
0.00
-0.64
-1.15
0.39
-0.43
-0.60
-0.43
-1.18
-1.37
2.10
-0.44
0.13
1.45
-1.56
4.05
1.48
-0.38
-1.00
-1.31
1.16
-0.34
1.02
0.34
-0.46
0.93
0.08
0.71
-0.33
-0.29
0.25
-0.29
-5.92
0.75
1.36
-0.04
1.52
-0.13
-0.47
-0.04
-1.42
-2.18
0.98
-0.80
-0.18
-0.80
1.66
1.64
3.05
0.46
-0.04
-0.04
-0.93
-0.47
2.05
-1.76
-1.53
-0.86
-0.48
0.31
1.66
2.62
1.84
-0.25
1.73
0.97
-0.84
0.49
0.24
-1.17
-1.02
1.11
-1.67
-0.78
-0.50
0.67
-0.50
-0.58
0.46
2.38
-1.10
-0.41
-0.33
0.37
1.37
0.57
-0.89
2.46
-0.04
-0.24
-0.64
-2.51
-1.08
2.35
0.20
-1.14
-2.27
-0.08
-1.02
1.92
-0.29
0.34
-0.29
-0.21
-0.59
1.23
0.08
0.84
-3.24
0.43
-1.88
-0.35
2.05
2.53
1.59
-0.37
0.58
1.31
0.65
0.80
0.40
-0.56
-1.04
0.20
2.42
0.16
-0.43
1.10
0.94
-0.58
1.63
0.31
-1.37
0.31
-0.39
-1.47
1.49
1.59
-0.15
1.07
0.38
2.22
-0.04
1.91
-0.16
0.38
0.22
-0.72
-0.76
0.51
1.24
-0.18
-0.25
-2.05
-2.54
0.08
-0.41
-0.61
2.10
-0.11
-0.52
0.45
-0.04
-0.26
-0.26
0.00
3.95
2.32
-0.39
-0.25
3.42
-0.45
-1.00
0.49
0.94
-0.38
1.31
-1.64
-0.38
1.08
1.52
-0.10
0.10
1.15
0.20
-0.33
-0.17
0.24
-0.94
1.29
-0.33
1.31
0.46
-0.69
0.50
0.93
0.36
1.73
0.16
-0.19
0.96
0.76
0.69
-0.06
0.53
0.00
0.34
0.25
-1.24
0.38
1.56
-1.69
-5.29
3.11
0.16
-4.83
1.98
2.60
0.19
2.63
0.66
-0.75
-0.13
-0.19
-0.56
1.07
1.22
-0.28
-0.71
-1.93
0.48
1.58
-0.06
0.22
0.06
1.61
0.37
-1.46
-0.68
-0.12
0.22
-0.59
0.00
-0.34
-4.14
-4.52
4.35
-3.02
