0.32
-1.00
-1.64
-1.50
-0.85
0.92
-0.75
2.85
-2.05
0.05
-1.15
0.56
2.20
0.10
0.42
0.36
-2.57
2.17
0.45
-0.66
-2.74
-2.25
-1.93
-1.75
1.10
1.34
-0.59
3.31
1.65
1.40
-0.65
1.20
0.54
0.54
0.69
0.81
0.65
-1.46
1.81
0.40
-0.81
-0.23
-0.32
-1.00
-0.05
0.95
0.86
0.65
-0.98
0.33
-1.38
1.71
-0.71
0.25
-0.21
-0.07
-0.07
1.67
0.67
-0.47
1.10
0.93
-1.33
1.67
-0.25
-0.25
-0.47
2.44
0.83
-0.50
0.61
0.21
-0.93
0.46
0.01
0.72
0.24
-0.44
1.19
0.30
-0.41
-0.22
-0.29
0.73
2.23
-0.22
0.69
1.00
-0.35
0.06
-0.51
1.37
-1.86
0.01
-0.91
0.65
-0.52
1.17
0.56
0.11
-0.12
-0.32
0.35
1.02
0.28
0.44
-0.80
0.90
0.05
-0.55
-0.56
0.39
-1.33
0.32
-0.90
1.35
1.18
-0.03
1.31
-3.18
-2.22
0.66
2.49
0.84
0.03
0.93
0.50
0.64
1.43
0.40
-0.37
0.14
0.34
-0.82
-0.39
0.07
0.72
-0.52
-0.68
-0.51
1.30
-0.29
0.82
0.02
0.44
-0.20
-0.37
-2.42
1.28
-0.12
0.36
0.47
0.99
-1.54
0.13
-0.82
0.19
0.34
0.09
0.35
0.26
-0.95
0.51
0.76
1.01
0.27
-0.29
-0.11
0.17
0.32
-0.07
-0.62
-3.20
1.34
-1.26
0.99
1.86
-0.47
0.26
0.13
1.98
1.21
-1.13
-1.39
1.11
0.11
-1.52
1.86
-0.73
-1.31
0.32
0.26
0.16
1.01
-2.91
-0.29
-0.35
-0.54
-0.23
0.73
-0.33
0.47
-0.41
-0.09
-0.69
-2.01
-0.18
0.32
0.07
-0.92
0.30
3.78
1.05
1.66
0.46
-2.18
0.46
-2.99
-4.44
2.44
1.49
2.46
-0.90
0.12
-2.56
0.48
1.31
-0.22
1.42
-2.10
-2.65
0.55
-0.68
0.21
-0.46
-0.21
1.75
1.74
-0.76
-0.22
0.86
-0.85
-0.60
-0.35
-0.11
-0.04
0.34
0.35
-0.71
0.17
-0.36
-0.24
-0.13
-0.08
1.87
0.58
1.23
1.62
-0.13
-0.08
0.04
0.32
-0.26
-0.71
-0.82
-0.30
0.71
-0.28
2.45
-0.26
1.41
0.95
-0.56
0.79
-0.56
0.25
-0.42
-0.14
0.12
0.29
0.12
0.74
0.29
0.16
0.62
-0.04
0.19
0.61
-0.33
0.13
1.25
-0.33
-0.02
-0.11
-0.30
0.07
0.55
0.13
-0.22
-1.04
0.85
-1.72
1.33
-0.63
-0.72
0.73
0.59
0.09
-0.06
0.09
-0.03
-0.09
-0.15
0.46
-0.66
0.13
0.05
0.39
-0.04
-0.14
-0.30
-0.34
0.75
-0.32
0.43
1.03
-0.41
-4.44
1.06
0.48
1.52
2.42
-0.32
-0.59
-0.82
0.60
0.29
-1.50
-1.07
-0.50
2.84
-0.13
0.28
-1.29
-0.69
0.62
0.83
0.35
1.00
0.20
-0.12
-0.16
0.85
0.62
1.90
0.12
0.01
-0.61
0.36
-0.39
0.09
-0.52
0.71
0.08
-0.35
-0.29
1.14
0.51
-0.50
0.81
0.05
-0.22
0.14
-0.04
-0.86
0.97
-0.25
1.21
-0.83
1.25
-0.15
-0.57
0.90
-0.13
1.38
-0.31
0.51
0.50
0.65
0.97
0.16
-0.66
-0.76
-0.52
0.15
-0.29
-0.10
-0.13
-1.01
-0.93
0.40
-0.61
0.62
0.19
1.08
0.70
-0.14
-0.04
-1.03
-0.81
0.75
0.60
-1.39
0.14
0.36
0.24
-0.08
-0.50
0.78
-0.15
0.46
-0.42
0.17
2.07
0.08
-0.82
-2.76
0.50
-1.14
0.14
-1.33
0.52
-1.26
0.78
0.07
0.58
-0.14
-0.23
1.21
0.17
-1.30
0.66
1.15
0.42
-0.47
-0.43
0.62
0.67
1.31
-0.30
1.12
2.29
0.79
1.18
-0.38
-0.03
-0.44
-0.10
0.12
-0.69
0.01
-0.29
7.67
0.17
-0.98
-0.42
1.45
-2.34
0.35
0.21
-0.62
1.10
-0.55
0.54
2.41
-1.15
0.91
-0.39
0.78
-0.12
0.59
-0.82
-3.27
0.07
-0.07
-0.51
0.86
-0.62
0.31
-0.02
-0.08
1.23
0.12
-0.18
-1.06
-0.55
-0.25
-0.10
0.14
-1.38
-0.12
1.77
0.99
0.45
0.49
-0.31
2.27
-0.82
0.56
0.84
0.36
1.24
0.32
1.03
0.94
-0.84
1.67
1.55
1.62
-0.55
-0.58
-0.23
-0.58
-1.83
-5.18
1.20
-2.46
-4.72
2.70
0.81
-1.59
2.11
1.16
0.16
-1.37
-0.51
-0.17
0.93
2.13
0.01
-1.35
-1.76
-0.22
-0.17
-0.14
0.99
1.98
1.20
-0.27
-0.73
-0.15
0.28
-0.39
-1.68
0.17
-0.64
-2.40
-1.24
2.21
-1.04
