-0.38
-2.51
-2.52
-1.82
0.73
0.80
-3.34
1.67
-3.48
0.42
-1.28
-3.27
2.45
-1.37
2.57
-0.37
-0.17
2.40
-1.99
-3.41
0.15
1.78
-1.40
-3.37
0.90
-0.12
-2.44
3.33
2.13
1.04
-1.06
1.13
1.43
-1.04
-0.83
1.61
2.24
-2.02
3.98
1.68
0.72
1.06
0.21
-1.78
-0.93
-0.73
2.39
-0.32
-0.37
-0.85
0.56
2.06
-0.05
-0.71
-0.90
-0.64
0.16
-0.99
0.46
-0.83
0.27
0.30
-1.40
1.23
-3.52
-0.50
1.04
0.75
4.57
0.74
-0.55
1.22
1.38
2.27
2.47
0.88
-0.95
1.38
0.12
-1.55
-0.98
1.32
-2.35
-1.33
0.31
0.33
-0.40
2.21
-0.92
-0.33
-0.75
0.76
0.25
3.26
-0.75
0.59
-0.24
1.73
1.27
-0.43
0.57
-0.50
0.45
-0.21
-1.52
2.10
-0.83
0.05
-0.97
-0.98
-0.68
-1.98
0.27
-0.25
-0.25
0.90
0.05
0.40
2.32
-8.55
-5.55
2.54
3.29
2.24
-2.08
-2.39
0.48
1.21
1.93
0.26
2.02
0.10
0.71
0.25
0.35
-0.55
0.76
-3.52
1.53
-0.36
1.41
0.83
-0.25
-1.08
-0.51
-1.02
1.08
-0.71
4.01
0.22
-0.76
-1.09
0.50
-0.77
1.08
-0.42
0.55
0.07
0.02
-0.17
0.17
0.10
0.60
0.79
1.00
1.09
-0.10
-0.48
0.43
-0.41
-0.46
0.36
-1.23
1.29
-1.74
-0.49
0.76
-1.93
0.07
0.22
0.85
-0.42
-0.37
-1.62
-0.13
0.00
-1.11
2.10
-0.48
1.28
1.57
-0.24
-0.39
0.27
-1.79
0.43
-2.57
0.97
-0.43
1.86
1.00
4.50
1.89
0.84
-0.02
0.48
0.21
-0.46
-0.53
0.30
-1.22
0.40
-0.12
2.42
-0.34
3.78
1.47
1.13
1.71
0.84
-1.84
1.17
-0.34
-0.04
-0.36
0.47
0.00
-0.93
0.04
0.79
2.49
-1.95
0.44
0.27
1.17
1.28
-1.12
-0.82
0.12
-0.43
0.58
-1.63
-0.59
0.85
-0.27
0.13
-0.06
0.32
-0.17
-0.65
0.08
1.22
1.56
-1.27
0.17
-1.10
0.17
0.65
-1.19
0.59
-2.74
-0.43
-3.01
-0.62
-1.55
1.73
0.63
0.13
-0.42
-0.25
0.13
0.65
-0.49
1.94
-0.02
-0.46
-0.68
0.80
0.13
1.23
1.52
1.30
-0.76
0.15
0.76
-0.44
0.11
-0.53
0.04
0.06
2.89
-1.05
-0.08
-0.10
-0.48
1.09
-0.54
0.50
0.37
-0.19
0.15
0.29
-1.16
-1.46
-1.67
-0.56
0.26
-0.06
0.00
1.62
-0.60
1.73
-0.63
-0.21
-0.34
0.06
0.66
-0.34
-0.19
0.42
-0.78
-1.00
1.36
-0.34
-0.06
-0.45
0.21
1.71
-0.68
-0.16
0.15
-0.34
0.25
-0.13
0.59
0.44
0.08
0.06
-1.17
0.08
-0.49
-0.36
0.75
0.15
-1.89
-0.19
0.74
0.56
0.49
-0.15
0.89
0.06
-0.65
0.04
0.64
0.19
0.06
-0.65
1.42
1.02
2.09
-0.61
0.96
0.40
0.02
0.22
0.78
-0.84
-0.54
-0.08
-0.77
0.77
0.26
1.85
0.81
0.02
1.59
0.85
-1.99
1.02
0.25
-0.79
-0.04
1.19
0.58
1.89
0.34
-0.88
1.60
-1.02
0.21
0.49
-0.63
-0.99
-0.38
0.70
1.28
0.37
-0.17
0.37
-0.57
0.15
0.46
-3.87
0.46
1.23
0.61
-0.51
-2.04
0.58
0.17
0.90
0.21
0.04
-0.27
-0.72
-0.34
0.52
-0.15
0.10
-2.16
0.14
-1.93
0.30
2.18
0.89
-0.77
-0.89
0.84
0.27
0.66
0.69
0.04
-0.10
-0.32
-0.15
1.23
0.47
0.02
1.19
0.28
0.00
1.17
0.07
-0.26
0.61
0.40
-0.26
-0.13
0.07
-1.37
0.93
-2.96
0.51
-1.15
0.70
-2.12
0.89
-0.15
-0.94
-0.39
0.39
-0.48
-0.14
0.04
-0.55
-0.49
0.22
0.18
1.63
0.17
0.56
0.46
0.10
-0.19
0.02
-0.38
-0.10
1.82
2.41
0.61
-0.53
0.96
-0.98
-0.75
0.37
0.83
-0.24
0.79
-1.07
-0.66
0.33
0.41
-0.40
-0.46
0.76
-0.66
-0.35
0.06
0.52
-0.48
-0.07
0.61
1.00
0.26
0.42
0.91
3.13
0.92
1.02
-1.51
0.61
-4.39
2.28
1.96
0.00
0.09
-1.59
1.64
-0.45
-1.43
0.00
1.41
-2.03
-3.46
2.04
-0.27
-3.70
1.48
0.98
0.37
2.13
0.32
0.16
0.30
0.05
-0.97
1.79
2.25
-0.33
-1.66
-2.67
-0.25
1.88
0.82
0.05
-2.13
2.77
-1.38
-0.85
-1.95
-0.04
0.27
-1.20
0.17
0.33
-4.74
-2.48
2.78
-2.72
