-0.42
-2.04
-2.87
-1.77
-0.24
-0.66
0.42
7.16
-5.42
-0.82
-1.59
3.51
3.02
-2.90
4.31
-0.20
3.94
1.51
-2.07
-8.45
2.21
3.20
-0.49
-1.77
-3.24
-3.14
-1.43
4.99
0.14
3.06
-0.57
-0.10
1.85
-4.29
-1.59
0.42
1.19
0.31
1.86
1.96
2.18
0.91
1.12
-4.54
0.76
-1.55
2.41
-1.96
-1.04
2.94
3.38
-0.67
-0.67
-0.58
-2.39
0.73
0.00
-0.23
1.91
-2.42
-2.02
0.03
-2.20
1.28
-0.58
3.50
0.53
2.94
0.58
-1.47
-0.87
1.34
2.25
0.31
-0.38
1.29
-1.12
5.35
1.05
-1.03
0.27
0.12
-3.15
-3.50
0.51
0.00
-1.58
1.93
-0.03
0.60
-1.22
1.87
0.50
-0.28
-0.47
-0.16
-1.47
1.21
3.20
-0.79
-0.74
-2.97
-0.19
0.57
1.14
2.04
1.66
0.60
-0.69
-2.48
-1.12
-2.92
0.71
2.83
2.25
2.05
2.18
-0.76
2.18
-4.76
-3.00
3.91
4.66
2.07
1.38
-0.28
-0.92
-0.48
1.47
0.53
2.22
-0.95
0.00
0.00
-1.07
-0.39
-0.19
-0.33
0.08
-2.70
-0.89
-0.06
-1.68
1.21
-3.55
0.81
-1.32
-0.03
0.45
0.06
0.63
-1.11
1.91
0.30
0.39
1.00
-0.03
1.32
-0.92
-1.08
0.50
0.41
-0.15
-0.18
0.23
-0.41
-0.70
-0.59
2.50
0.55
0.20
0.92
-2.08
0.82
-3.26
-0.54
0.87
-0.89
0.39
-1.11
1.63
1.93
-0.88
-0.82
-0.21
3.66
0.63
0.29
0.88
0.59
0.98
-0.22
0.61
1.38
-2.43
0.03
-0.31
0.45
-0.95
1.35
0.19
0.00
0.55
-1.05
0.47
-0.53
0.42
-0.89
-0.36
-4.05
-0.29
-0.50
-0.89
1.43
-1.59
1.08
0.30
-2.24
-0.60
1.91
-0.92
0.60
0.42
2.26
0.41
-0.41
-0.38
-1.60
-0.59
4.45
1.09
0.25
0.00
0.25
0.90
0.84
-0.50
1.39
0.77
-2.09
-0.47
2.06
-0.08
-0.11
0.71
0.35
0.30
0.24
0.38
0.40
-0.05
1.66
0.76
0.73
-1.71
-1.58
-0.54
1.19
0.56
-0.26
-0.58
-0.91
-0.54
-0.16
-0.60
0.79
0.33
-0.78
-0.44
-1.69
0.06
0.03
-0.56
0.36
-0.28
-4.02
0.15
0.03
0.26
0.38
-0.23
-2.26
-0.36
-0.77
1.23
-1.24
1.35
-1.06
1.43
-0.18
0.91
-0.32
-0.09
-0.35
-0.29
-1.65
0.57
2.48
-0.76
-1.88
1.05
0.71
0.76
-0.26
0.15
-0.73
0.21
-0.82
-0.09
0.50
1.50
0.26
0.00
-0.35
1.13
-0.57
0.40
0.35
0.69
0.80
0.23
-1.30
0.11
-1.03
-1.53
0.03
-0.44
1.32
0.61
0.00
-0.75
-0.23
0.00
1.25
-0.17
-1.07
2.86
0.37
-0.23
-0.96
0.57
0.51
0.90
1.48
-0.19
0.94
1.18
0.05
-0.08
-0.08
-1.36
0.03
-0.38
-0.33
0.25
-0.91
0.47
0.44
-2.26
-0.03
1.19
-0.06
0.61
-1.83
-0.37
2.16
0.11
-2.94
-0.94
-0.14
0.69
0.11
0.77
0.34
-1.16
-0.60
1.07
-1.71
0.06
-0.23
-0.09
0.09
1.48
-0.43
0.66
-0.09
-0.26
0.57
0.20
-1.20
-0.63
1.28
-0.17
0.43
0.49
-0.06
3.22
0.36
-0.71
0.53
1.16
-0.57
-1.04
-1.91
-1.49
-0.74
-0.32
-0.81
-0.55
0.18
-0.47
0.44
0.26
-0.18
1.05
-0.20
-0.29
0.00
1.05
0.12
0.52
1.06
0.51
-0.51
0.68
0.53
0.67
0.94
0.69
0.19
0.82
0.76
1.26
0.32
1.11
-0.97
0.40
1.05
0.03
-0.10
0.81
-0.13
-0.10
-0.91
0.52
0.91
0.10
0.41
0.23
0.23
-1.28
0.08
0.08
0.00
0.10
0.54
-0.51
-0.39
1.16
1.33
2.65
0.22
-0.22
-0.27
2.10
0.17
-1.83
-1.03
-1.04
-0.68
-1.31
-0.82
0.83
-0.23
0.33
1.66
0.68
-1.35
0.99
-0.48
0.91
-0.30
-0.10
-0.45
-0.38
-0.68
0.84
0.73
1.83
-0.02
-0.05
-0.86
1.39
-0.49
0.76
1.78
-0.94
0.97
0.07
0.36
0.38
0.83
1.16
0.40
0.14
-0.05
-0.49
0.07
0.86
1.48
-3.30
0.99
0.05
-1.17
2.33
-0.35
1.62
-0.46
0.16
-1.05
-1.25
-0.05
1.33
-5.07
-3.35
1.99
-1.40
-1.13
-1.11
1.94
-0.45
1.71
-1.31
-0.55
-0.25
-1.72
1.06
2.17
0.47
-1.96
-1.62
0.21
-0.62
1.19
1.00
-0.61
0.38
0.51
0.48
-0.75
-1.72
0.41
1.15
-1.85
0.75
2.79
-2.74
0.23
3.32
-1.11
