-0.53
-1.45
-5.11
-3.01
1.56
0.06
-3.60
0.42
-6.41
-1.25
-3.46
-0.84
2.27
-3.68
2.40
0.15
-0.42
5.42
-0.23
-4.85
-0.15
1.07
-2.28
-5.14
-0.79
-0.27
-6.50
7.32
3.60
2.29
-2.16
0.18
1.36
-3.29
-0.34
1.39
2.28
-1.65
6.23
2.30
1.44
0.00
-0.51
-3.66
0.24
0.53
3.92
-0.74
-0.19
-0.85
1.47
1.61
0.14
-0.50
-2.33
-1.01
-0.05
-0.48
0.38
-0.31
1.72
-0.97
-1.31
0.84
-3.80
0.50
1.61
1.90
5.61
1.65
-0.13
0.42
1.15
2.43
-0.30
0.79
-0.60
0.88
0.49
-1.27
-0.96
0.86
-2.38
-2.00
-0.96
0.41
-1.17
2.16
-0.83
-1.06
-2.02
0.09
1.27
4.97
-1.77
-0.36
0.47
1.66
2.35
-1.77
1.02
-0.02
0.79
0.06
-3.36
0.77
-0.44
0.04
-1.21
-2.47
-1.69
-2.78
0.12
0.26
0.85
0.75
0.28
-0.56
4.17
-9.36
-4.52
5.09
4.15
0.64
-0.52
-3.30
0.69
0.56
1.67
0.74
2.72
-0.25
2.58
-0.27
0.54
-0.49
0.27
-0.76
0.39
-0.59
0.25
0.32
-0.47
-0.61
-0.89
-0.99
2.09
-0.11
4.29
0.52
-0.13
-0.98
0.62
-0.33
1.78
0.50
0.02
-0.28
0.06
0.28
-0.15
0.15
0.13
0.83
0.32
1.35
-0.33
-0.80
0.32
-0.46
0.40
0.65
-1.30
1.31
-1.82
-0.36
0.71
-1.42
0.39
-0.11
0.77
0.45
0.08
-2.67
1.05
1.08
-2.28
3.12
-0.42
1.53
1.88
0.86
0.43
0.55
-1.13
-0.59
-0.47
0.29
-0.02
0.80
1.00
0.20
-0.02
0.02
0.02
0.85
-0.16
-0.74
-0.83
-0.43
-0.82
-0.72
-0.04
3.43
0.18
3.37
3.92
-1.45
3.50
1.41
-1.48
1.50
0.02
0.14
1.01
1.05
0.16
-2.31
0.09
1.57
1.56
-2.18
2.25
1.12
1.97
1.85
-0.18
-0.82
0.40
-0.57
1.31
-0.80
-0.15
1.91
-0.08
-0.43
0.83
0.16
-1.72
-1.10
0.08
1.95
1.35
-1.74
0.35
-0.55
0.02
-0.45
-1.22
0.68
-2.10
-1.70
-1.27
-0.97
-0.77
1.90
1.67
-0.57
-0.44
-0.88
-1.38
0.39
-0.12
3.18
-0.21
-0.78
-1.52
1.67
0.65
2.29
1.49
1.12
-0.20
-0.35
0.63
0.12
0.00
-1.75
0.77
-0.35
2.89
-1.48
0.61
-1.18
0.36
1.01
0.72
-0.10
0.07
-0.15
-0.98
0.51
-1.28
-1.29
-2.60
-0.47
0.48
0.03
0.45
1.87
-0.05
1.89
-1.14
-0.23
0.00
-0.15
0.50
-0.77
-0.25
-0.42
-0.88
-0.80
1.64
-0.97
-1.18
1.18
-1.18
2.98
1.30
-0.18
-1.18
-0.45
0.58
0.42
0.89
-0.05
0.05
0.43
-0.45
0.23
0.55
0.61
0.57
1.74
-4.02
0.17
1.70
-0.07
1.06
0.91
-0.51
0.19
-0.69
-1.78
0.89
0.05
0.23
-0.39
1.43
2.15
1.96
-0.20
0.58
0.05
-0.96
-0.33
0.92
-0.88
-0.13
-0.33
-0.33
0.58
0.71
1.48
2.76
-0.15
2.06
0.28
-1.20
0.41
-0.38
-1.23
0.15
0.15
-0.45
0.16
0.09
-0.28
-0.51
-0.54
0.15
2.92
-0.07
-0.56
-0.25
1.51
1.68
-0.26
-1.86
1.25
0.09
-0.23
-0.65
-1.77
-0.62
1.63
0.12
-0.38
-1.64
-0.03
-0.95
1.36
0.57
0.68
0.24
-0.06
-0.49
0.79
0.03
0.81
-2.07
0.24
-1.87
0.17
2.33
1.60
0.87
-0.22
-0.29
2.26
0.78
0.44
0.42
-0.50
-0.78
0.14
1.89
0.51
0.12
1.46
0.45
-0.09
2.24
-0.11
-0.33
-0.28
-0.32
-3.43
-0.36
-0.47
0.59
1.29
-0.33
0.89
0.00
0.97
-0.81
0.20
0.11
-0.12
-0.38
0.72
0.96
-0.92
-0.34
-1.48
-0.39
-0.25
-0.36
-0.64
0.28
-0.08
-0.47
1.01
0.46
-0.17
-0.33
-0.87
3.24
1.82
0.61
0.01
2.11
-0.73
-1.44
-0.61
0.97
0.18
0.40
-1.33
-1.62
1.15
1.20
-1.28
-0.05
1.55
-0.44
-0.94
0.15
0.25
-0.89
-0.07
0.31
1.23
-0.13
-1.17
1.05
0.45
-0.12
1.69
0.35
0.47
-0.10
1.18
0.37
-0.05
1.15
-0.01
0.81
-0.15
-1.68
-0.18
0.92
-2.75
-4.87
2.12
0.23
-4.16
2.52
1.47
0.56
2.04
0.48
-0.34
-0.47
0.71
-0.95
1.06
0.74
-1.64
-1.17
-2.42
0.03
1.00
-0.48
-0.19
0.26
2.70
-0.12
-1.46
-1.92
-0.18
0.18
-1.05
0.30
0.55
-4.11
-3.43
2.77
-2.15
