1.97
-2.72
-2.57
-1.34
-5.47
0.78
-2.15
4.62
-0.66
0.42
-1.59
-0.25
1.89
-0.48
1.86
-1.16
-3.36
3.00
-1.93
-2.59
-0.51
-0.94
0.01
-0.59
0.64
2.05
-1.41
2.24
1.17
1.52
0.02
-0.21
0.78
-0.32
1.16
0.65
0.44
-1.60
1.44
0.34
0.54
-0.12
0.77
-1.71
0.57
-1.03
1.90
-0.32
-3.80
0.83
-1.68
1.40
-0.01
0.38
0.15
0.25
-0.87
1.30
-0.05
0.21
0.26
1.18
-2.19
3.38
-0.36
-0.91
-0.96
0.44
1.59
0.05
0.41
0.38
1.21
1.88
-0.44
0.10
-0.64
0.27
-0.05
-9.28
-0.06
1.33
-0.33
-2.18
1.34
-2.16
2.11
0.00
-1.92
0.05
-0.97
1.50
-0.37
0.95
-0.64
0.10
-0.87
0.94
-0.94
0.73
1.11
1.02
-0.29
1.49
-0.13
0.79
-0.52
-0.43
-0.46
-0.96
-0.42
-0.35
-1.60
-0.18
-1.35
1.28
0.54
0.20
1.40
-3.70
-2.05
2.36
2.47
0.93
0.36
-0.08
2.25
-0.69
1.18
0.85
0.88
0.62
0.84
-0.74
1.03
-0.47
0.57
-0.82
0.46
-0.16
0.94
-0.36
-0.94
1.26
-1.42
3.05
-0.33
-1.25
0.93
-0.69
0.02
-0.30
0.07
-0.01
-0.49
-0.61
0.12
-0.43
-0.85
0.53
-0.16
-1.15
-2.12
-0.01
0.53
-0.06
-0.06
0.04
0.04
1.35
0.43
-0.55
-2.35
1.48
-2.36
-3.62
1.78
0.52
-0.56
-0.80
1.17
0.92
0.13
-1.00
1.64
0.15
-1.74
1.04
-2.46
-0.13
0.25
1.09
-0.40
0.09
-1.50
0.62
-0.59
-0.09
-0.41
1.03
-0.69
0.49
-0.57
0.61
-0.93
-0.68
0.54
-9.76
1.76
-2.62
2.65
-4.78
-0.32
1.27
-0.98
5.97
3.57
-0.49
1.37
-1.33
-0.78
1.14
-1.21
-0.73
-0.17
0.60
0.79
0.65
-0.81
0.03
-0.11
-0.14
1.79
-0.94
-1.29
0.87
2.71
0.60
0.37
-1.74
0.73
1.04
-0.08
-0.47
-1.00
-0.70
1.07
0.26
-0.71
-0.28
-0.53
3.49
1.54
-1.49
1.11
-0.76
0.62
-1.99
0.64
1.09
0.24
0.82
-0.33
-0.69
-0.41
-0.09
1.63
-3.66
-0.85
0.99
2.42
0.52
-1.21
0.58
1.47
2.36
0.06
-0.46
-0.06
0.87
1.04
1.95
-0.22
0.59
0.78
-0.32
0.80
0.50
0.43
-1.36
0.84
-0.32
1.30
-1.39
-0.60
-0.01
0.91
0.12
0.62
0.06
1.45
-1.16
0.34
-0.89
-1.12
0.23
-0.66
0.16
1.26
-0.06
-0.18
-0.46
-0.15
-0.72
-0.67
0.14
2.71
-0.44
0.07
-0.13
-0.72
-0.34
0.49
-11.54
0.18
1.09
-1.10
-0.03
-0.17
-0.07
1.15
-0.75
-0.55
1.11
-0.62
0.28
-0.37
-0.63
0.53
-0.54
1.08
0.16
0.08
-0.45
-1.42
0.82
1.81
-0.56
-0.18
0.19
0.47
-0.46
0.62
1.01
1.02
0.99
-0.45
-2.00
0.14
0.58
0.98
-0.16
-0.23
0.93
0.44
-1.25
1.63
0.13
1.53
1.64
1.18
-0.26
-0.28
-0.21
-1.05
-0.42
0.47
0.51
-2.29
0.39
-0.66
-0.03
0.85
0.32
0.71
-0.03
-1.43
0.04
0.42
-1.33
1.02
0.80
-0.03
-1.38
1.32
-0.45
0.09
-8.20
-2.30
-0.32
0.14
0.14
-1.60
-1.35
-0.49
-0.33
-0.49
-0.63
-1.29
-1.20
-0.03
1.65
0.32
0.72
-0.03
0.47
0.02
0.14
1.46
0.53
-0.44
1.61
0.66
-1.01
2.00
-0.42
-0.22
-2.64
0.06
-0.64
-1.21
0.68
0.09
-0.16
1.02
0.71
0.47
-1.72
-0.07
1.97
-0.94
-0.12
0.18
-2.60
-1.46
1.32
0.06
0.77
-2.07
-0.51
0.70
-0.58
2.24
0.85
-0.09
-0.32
0.93
-3.44
-4.23
-0.50
0.32
0.45
-1.79
0.51
-1.84
0.03
0.48
-3.32
-0.38
-2.16
-0.42
1.04
0.16
-4.36
1.31
2.24
-1.05
-0.85
2.99
2.69
0.14
-0.49
3.60
-1.10
-1.04
-2.04
0.67
2.29
0.03
0.51
-0.36
4.71
-1.27
0.99
0.71
-1.23
-0.30
0.29
-0.59
-0.26
-1.40
3.20
-0.59
1.27
-0.69
3.16
2.88
1.43
1.54
3.44
1.52
0.10
-1.29
0.28
2.23
-0.41
2.02
-0.94
1.32
0.35
-1.81
-2.82
-3.80
-2.32
-4.62
1.71
-0.46
2.29
0.14
1.96
-3.44
2.51
1.13
1.82
-0.72
-0.04
-1.42
2.18
1.82
-0.75
-1.19
-1.34
0.97
2.12
-0.68
0.17
0.54
1.05
1.69
-0.12
-0.32
-1.86
0.35
-1.35
-6.54
0.43
-2.79
-3.37
0.63
-1.42
