-3.93
-0.95
-4.54
8.93
1.72
-0.91
-5.38
2.91
-2.83
-2.36
1.42
1.26
2.90
-2.82
4.84
-1.85
1.75
1.45
1.95
-5.24
-0.13
1.21
-2.13
0.68
-2.17
-14.80
-4.06
-4.06
5.64
-0.83
-1.68
1.71
6.73
4.57
2.71
1.03
0.00
1.02
0.58
-0.14
2.15
0.56
3.91
-4.97
1.41
0.42
1.39
1.92
-3.36
0.28
0.97
-0.27
0.14
-0.69
-7.19
-2.38
3.05
6.37
-2.23
1.00
0.42
-1.69
0.71
-1.28
-4.45
0.15
-0.60
-1.06
2.29
-0.15
-0.30
0.30
-0.45
0.60
-0.60
4.05
-1.15
0.58
1.45
-1.29
0.43
0.00
-0.43
6.09
-2.87
-1.69
1.57
1.13
0.84
-4.28
-0.43
0.00
-3.62
0.45
-5.99
2.87
2.94
2.86
-0.44
0.00
-1.03
0.30
0.00
0.44
0.00
2.06
0.87
-0.14
-1.72
-0.73
-0.59
-0.74
2.68
1.74
-1.00
1.44
0.28
-1.98
5.05
-7.42
-5.34
2.04
2.15
3.91
2.75
-2.54
-0.43
2.47
5.81
0.67
0.13
-0.53
-1.07
1.21
0.67
-1.59
6.46
-3.16
0.26
1.69
0.38
-0.13
-2.30
0.92
0.52
-2.45
7.40
-2.83
0.89
-1.00
0.38
-2.15
-0.26
1.03
1.15
-0.89
-1.92
0.65
-0.39
1.04
-1.80
-1.70
2.80
-3.50
1.21
-0.40
-0.93
0.81
0.40
1.59
0.00
-1.96
-4.00
0.83
-3.03
-0.28
1.00
-1.55
-1.15
0.72
-1.01
0.15
1.02
4.17
0.83
3.42
-2.25
-0.54
-0.82
-1.10
1.53
-3.55
0.42
1.69
-3.47
-0.43
-1.59
-1.47
-3.27
3.08
2.99
-2.17
-2.22
1.52
-1.49
-3.79
-0.79
1.59
-2.34
0.00
6.40
-0.75
0.00
4.55
0.00
3.62
3.50
4.05
-0.65
0.00
0.65
0.00
-1.30
1.97
-1.94
2.63
0.64
-2.55
0.65
-1.95
-2.65
-0.68
3.42
0.00
0.00
5.30
-1.26
-2.55
0.65
-2.60
4.67
1.27
-1.26
-1.27
-0.65
0.00
1.30
0.00
0.00
-0.64
-0.65
-1.30
-0.66
-0.66
-3.33
-0.69
2.08
-2.04
-4.17
6.52
-5.44
-0.72
0.72
-0.72
1.45
3.57
0.00
-3.45
2.14
-1.40
2.13
-0.69
-1.40
2.13
-0.69
-2.10
-1.43
1.45
5.71
-1.35
4.79
-9.80
-0.72
-0.73
0.74
0.00
2.19
0.71
0.71
-2.82
2.17
-2.13
1.45
0.71
-2.13
-0.72
2.92
-1.42
0.00
-0.72
2.17
0.00
2.13
-2.08
-1.42
-1.44
3.65
-0.85
2.27
-2.78
0.71
0.71
2.11
-8.28
0.00
-3.01
0.00
-0.78
0.78
2.33
-2.12
-0.93
2.34
1.53
1.50
-1.48
0.75
1.49
-0.74
2.22
-2.17
-0.74
0.00
0.00
-1.49
1.52
0.00
-2.24
0.00
3.82
-2.21
0.00
2.26
1.47
-2.90
0.00
-0.75
1.50
0.74
0.00
-1.47
0.75
-2.22
-0.76
6.87
0.00
-0.71
-2.16
1.47
4.35
-1.39
0.70
-0.70
-0.70
1.42
0.70
0.00
-1.39
-2.82
0.00
2.17
-2.13
-2.17
2.22
-1.45
0.74
0.73
-2.17
0.00
2.22
-2.17
0.00
0.00
-0.74
2.24
-0.73
0.74
2.92
-1.42
-0.72
0.00
-0.72
-0.73
-1.47
0.75
1.48
1.46
-1.44
0.00
-2.19
0.75
1.48
-21.90
-1.87
-4.00
1.19
-1.96
0.00
-1.00
-2.02
-2.06
0.00
4.21
-2.02
3.09
-2.00
0.00
0.00
0.00
1.02
-3.03
0.00
1.04
-4.12
2.15
3.16
-1.02
1.03
1.02
-1.01
2.04
-4.00
0.00
2.08
-1.02
3.09
2.00
-1.96
1.00
2.97
1.92
0.94
4.67
0.89
-2.65
2.73
-3.54
0.92
0.91
2.70
-0.88
-1.77
-0.90
3.64
-1.75
-1.79
-0.45
-0.46
-0.92
0.00
1.85
-0.91
-0.92
-0.93
2.80
-5.45
20.19
0.00
2.40
-3.13
-1.61
4.10
1.57
6.98
-1.45
2.21
0.00
-1.44
-3.65
4.55
-4.35
2.27
-0.74
-2.24
-0.76
-1.54
-1.56
1.59
0.78
0.78
-0.77
3.10
-3.01
-1.55
1.57
0.78
-1.54
0.78
-0.78
-0.78
-6.30
-2.52
-0.86
-0.87
0.00
0.00
-0.88
5.31
0.84
-0.83
5.88
-3.97
0.00
0.83
1.64
-0.81
0.81
-0.81
-3.25
2.52
4.92
0.00
-2.34
-1.60
-0.81
1.64
0.81
-1.60
-0.81
1.64
6.45
-4.55
9.52
-0.72
-0.73
-2.94
4.55
0.72
0.00
-1.44
-4.38
0.00
3.05
0.00
0.74
0.00
0.74
0.73
0.00
0.00
5.07
-1.38
0.70
-4.86
-0.73
0.00
0.74
-2.19
1.49
-0.74
