1.46
-1.14
-5.36
-2.65
-2.39
-1.22
-3.83
3.81
-1.36
-2.52
2.64
-1.26
3.71
-4.58
1.46
-3.46
-1.32
2.97
-0.53
1.77
2.27
-1.19
-4.26
-3.90
1.69
0.25
0.61
1.65
4.80
-0.51
1.01
0.43
0.96
-2.02
2.18
-1.57
0.91
3.22
1.09
-0.70
0.27
1.68
0.75
-4.30
0.55
-1.32
1.96
1.92
-0.81
1.68
1.12
2.69
-1.28
-8.27
-3.12
1.29
-0.64
0.87
2.36
0.96
-0.45
-0.17
-1.23
0.11
-0.96
0.52
-1.25
-1.33
1.70
0.35
-0.34
-1.38
1.69
-10.73
-0.77
-0.13
0.19
-1.68
0.99
-0.59
-1.84
-1.20
-2.37
-1.18
-0.49
1.90
2.56
-0.67
-0.34
-1.50
0.07
0.21
-2.00
1.05
-1.18
2.54
0.48
2.26
0.53
-1.20
0.34
0.80
-1.00
0.13
0.13
1.54
0.40
-0.46
-1.52
-1.54
-1.91
0.14
1.53
-0.48
0.34
-0.96
-0.83
0.31
3.99
-5.41
-3.53
3.07
0.78
4.30
-1.82
-4.68
-1.52
0.15
4.24
1.96
-0.21
-0.07
-0.62
-0.97
-0.42
-1.48
0.50
0.64
-0.49
1.88
1.01
0.76
-1.51
-1.25
7.75
-0.07
-2.49
0.13
1.61
1.91
0.00
-0.26
0.00
0.58
-1.29
-3.79
-1.70
1.59
0.75
0.34
0.40
-1.81
-0.14
-0.61
0.62
-0.20
-0.21
1.37
1.49
1.00
1.19
-0.52
-1.25
1.26
-0.52
-0.53
0.99
-0.39
1.25
0.52
1.49
3.51
0.80
-0.49
0.80
0.55
-0.55
-14.99
-2.94
-0.07
2.44
-0.14
1.52
0.43
-0.50
-1.21
-1.08
0.29
-0.51
-3.36
0.68
-0.83
1.36
0.82
-1.11
-0.60
-2.79
-0.54
0.70
-3.64
-2.17
2.13
2.41
2.67
2.75
2.38
0.65
4.62
2.62
-0.47
-0.61
-0.20
2.86
0.86
0.13
1.18
1.30
-4.35
0.00
-2.74
1.51
1.36
1.67
1.38
0.19
-0.06
3.04
-2.64
0.19
-0.77
2.01
-2.29
1.82
-0.58
1.22
-9.03
0.28
2.16
-0.14
0.55
-1.49
0.21
6.40
-0.39
-2.21
-1.06
-0.20
1.61
0.40
-1.05
-1.13
0.40
-0.60
0.14
-0.74
2.38
0.40
0.07
0.33
-2.37
1.28
1.00
-2.50
2.91
-1.12
0.00
-0.60
1.67
1.64
0.52
0.00
-0.71
-0.39
0.78
0.90
0.77
-0.63
1.60
1.70
0.25
1.42
1.64
-0.96
-0.18
-1.09
0.00
1.16
0.18
0.06
-0.48
1.94
1.19
2.00
-0.17
-1.85
-1.94
-0.72
-0.66
1.52
0.06
-0.60
0.00
1.14
-1.49
0.42
-1.20
-0.55
-0.18
-0.98
0.37
-2.47
-0.44
2.10
-0.93
13.27
-0.06
-2.11
1.70
0.78
0.17
-0.66
-0.17
0.89
-0.11
0.17
0.72
2.30
-0.32
0.00
1.24
-1.12
-0.43
0.86
1.76
-2.79
0.05
0.27
1.40
-0.21
0.11
-0.05
-0.48
0.43
0.64
2.80
1.03
-0.82
-0.67
-0.26
1.40
-2.20
1.15
1.76
-0.51
0.41
-1.47
1.81
-1.82
-0.26
1.71
2.39
-2.49
-1.89
6.18
-1.32
0.79
-0.84
-0.79
-3.50
1.66
-0.36
-0.26
-0.05
0.00
-0.67
-0.31
-1.35
1.05
-0.31
0.42
0.21
0.73
0.31
-0.72
-0.21
-1.14
2.20
-2.15
-0.63
-0.05
0.00
0.05
-0.63
-4.03
-0.61
2.83
-1.46
1.04
-2.33
-0.56
-0.28
1.91
0.44
1.75
-0.32
-0.92
1.04
0.38
-0.38
-0.38
-0.70
0.38
5.27
-2.53
1.16
1.78
-1.44
0.63
0.36
3.25
1.05
-1.04
-0.60
2.77
-2.64
0.96
2.99
2.18
10.09
4.39
-0.74
-3.45
3.14
-1.21
0.42
0.21
0.25
-0.04
-1.55
-2.04
-0.22
-1.17
-0.48
0.93
-1.18
0.27
0.40
1.14
1.35
-2.66
0.31
-2.82
0.45
-2.25
0.41
-1.42
-0.70
-0.56
1.93
-0.28
-1.02
2.16
-0.50
2.12
1.08
-1.21
0.27
0.54
1.88
-0.92
1.56
-2.14
0.31
0.31
-1.60
-0.14
-0.32
-0.54
-0.78
1.10
-2.73
4.21
2.47
1.62
0.43
1.54
-11.09
-1.16
2.36
-0.42
1.08
1.54
2.16
1.30
-0.49
1.29
1.32
-3.09
3.86
1.12
-2.39
0.39
-0.17
0.92
0.09
-0.52
-1.09
9.97
-0.72
-0.64
-0.89
0.04
0.41
0.73
-3.19
-0.54
0.29
-3.72
0.87
0.65
-0.30
2.62
2.09
1.31
-2.55
1.70
-3.96
1.74
0.63
-1.20
-1.72
0.00
2.69
0.83
1.24
0.94
-6.42
2.55
0.08
-0.13
0.88
0.63
-0.21
-1.79
0.59
-0.04
-1.89
-2.75
1.94
-1.43
