-1.04
-1.58
-3.44
-1.02
-2.88
0.21
-1.15
2.27
-3.85
-1.40
-0.37
1.50
2.16
-5.03
2.16
-1.42
4.73
1.90
0.74
-3.24
4.29
4.25
0.24
-2.33
-1.01
-2.80
-1.17
2.83
3.26
3.14
-1.69
-1.06
2.89
-2.27
0.15
0.90
0.60
1.24
2.05
0.42
3.42
1.52
2.65
-4.07
0.20
-0.71
2.02
-0.10
-0.40
2.62
2.10
-0.57
0.56
-0.45
-2.48
2.19
0.04
0.92
0.66
0.04
0.33
-1.39
-0.63
-0.03
-1.40
0.24
0.38
1.97
3.98
-0.10
0.15
0.10
1.44
-0.81
-1.35
-0.43
-1.95
1.12
1.33
-1.18
-0.04
0.15
-1.90
-2.78
-1.95
0.78
-3.52
2.44
-0.11
-1.01
-2.27
0.90
0.50
-0.65
-1.64
0.63
0.76
0.98
2.08
-0.68
-0.17
0.76
-0.33
1.87
1.93
1.84
0.51
1.69
-1.22
-1.46
-1.05
-0.49
0.28
-0.11
1.25
0.66
0.08
-0.08
2.34
-6.64
-2.26
1.60
2.36
2.13
0.84
-2.71
0.61
0.29
3.09
0.56
2.57
-0.14
0.46
0.80
-1.09
-0.10
-0.06
0.40
-0.79
-0.87
5.16
1.63
-1.40
-0.19
-0.98
-0.87
0.97
-0.32
0.97
1.07
-0.73
-0.22
0.71
-0.29
1.39
0.17
0.14
-1.22
0.55
-0.30
0.50
-1.02
-0.37
-0.22
0.53
-0.75
-0.64
-0.61
0.29
0.48
2.00
-0.22
-3.29
1.40
-2.06
0.98
1.25
0.02
-0.21
-0.22
2.17
0.04
-1.27
-0.08
0.62
4.48
1.02
1.49
-0.55
-0.87
2.18
-0.15
-0.92
-0.28
-0.85
0.13
-0.70
0.80
-0.43
-0.08
0.89
-1.56
-0.35
-0.39
-1.76
-0.41
-1.33
1.05
-0.50
-1.46
-1.37
0.20
1.28
1.75
1.11
7.70
2.47
-0.47
1.25
0.29
-1.15
-0.61
-0.47
0.61
0.78
2.73
-0.38
-0.95
-0.91
1.62
0.71
-1.14
-0.73
0.82
2.22
-1.09
-0.77
-0.47
0.99
-2.37
0.84
-2.06
0.14
1.76
-0.55
0.32
0.21
0.24
-1.48
0.15
-0.59
1.35
-0.45
-0.61
0.04
-0.72
1.58
0.87
-0.70
0.52
-0.96
-0.26
0.05
1.29
-0.13
1.88
1.98
-0.95
1.82
-2.22
-1.17
-0.57
-1.41
-0.52
-0.44
0.47
-0.43
1.13
2.50
2.27
-0.42
0.95
-0.77
0.60
-0.76
0.10
-2.70
-0.07
2.05
-0.80
1.99
-4.28
0.81
0.57
0.28
-2.81
-1.97
1.01
0.36
-0.84
1.63
-0.55
0.06
2.68
-3.11
0.00
-0.22
-0.09
-0.69
1.57
-0.10
0.39
-0.49
-0.53
2.02
0.12
1.68
-0.31
1.70
-0.04
-2.31
-1.86
1.12
0.27
-0.97
1.27
-0.36
2.64
7.86
0.23
-1.89
-0.41
-0.25
-0.48
0.03
-2.12
0.25
-0.27
-0.08
1.08
0.63
-0.28
1.70
-0.08
-2.15
0.08
2.21
-0.14
1.31
0.31
1.03
0.61
-0.18
-0.04
0.21
0.28
-0.71
-0.62
-0.99
1.45
0.87
0.14
-0.30
-0.98
1.61
1.13
-0.10
-0.42
-3.34
0.36
0.26
0.13
-0.31
2.42
-0.76
1.72
-0.46
0.49
-0.91
0.38
0.86
0.37
0.67
-0.45
0.28
0.06
-1.63
0.73
-0.49
-0.68
1.49
5.88
-0.89
0.75
-0.24
-0.13
-0.75
-0.01
0.42
0.70
0.31
-0.26
-0.06
-1.04
-0.27
0.76
-0.05
0.41
-0.86
0.69
-0.28
1.95
-0.92
0.03
0.50
-0.24
0.82
1.33
-0.05
0.67
0.02
-1.12
0.68
0.04
0.89
1.74
-1.08
0.71
0.74
2.03
0.73
0.09
-0.05
-0.29
-0.09
0.15
0.01
0.57
-0.42
0.01
0.63
0.98
-0.27
0.42
-0.04
1.03
0.32
1.08
0.55
0.58
-0.71
0.57
0.20
-0.14
0.24
4.98
-1.02
0.08
0.64
-0.96
-0.51
0.36
0.13
0.12
0.79
0.80
-2.50
0.84
0.04
0.74
-2.50
1.69
-0.17
0.57
0.50
0.30
-0.45
-0.15
1.31
-0.67
2.24
0.26
-0.01
-0.96
0.14
1.82
0.68
-0.06
-0.24
3.59
-1.54
0.28
2.10
0.76
1.07
1.39
0.72
0.44
0.69
0.57
-0.53
-0.34
0.15
1.37
1.58
2.51
0.24
-0.34
2.01
0.65
-0.58
-0.48
0.20
0.94
0.28
-0.85
-0.64
0.61
-1.36
-2.68
0.73
-0.60
-0.33
-2.93
-4.07
3.53
-1.32
-5.41
2.21
2.06
1.10
2.66
1.21
-2.31
-0.47
-0.21
2.34
2.23
0.79
-1.48
-4.11
-2.85
-2.56
3.24
1.74
-1.46
1.37
3.03
-2.37
-0.52
-0.75
1.33
1.22
-2.75
1.26
1.13
-5.71
-1.78
3.40
-1.47
