-1.14
0.02
-1.71
2.47
0.69
0.51
-4.42
3.98
-1.82
-1.07
-3.02
3.98
2.56
-1.38
2.64
-0.36
-2.22
2.61
0.86
-2.67
3.50
0.31
-4.46
-4.09
-3.85
0.54
1.61
-0.90
4.03
3.65
-1.65
-1.53
3.95
0.19
1.11
0.34
1.39
0.17
3.87
-0.20
2.65
-0.16
1.17
-1.58
1.80
-0.61
2.59
0.34
-1.33
3.52
-0.35
0.85
-1.26
-0.30
-0.67
1.05
1.02
0.53
-0.53
0.88
0.15
-0.63
-1.02
1.09
-2.32
1.01
-1.11
0.11
1.33
-1.16
0.43
0.45
1.53
0.16
1.40
1.20
-0.35
0.27
-0.09
-0.57
-0.29
1.00
-1.43
1.56
1.66
0.37
-2.91
1.71
-2.04
-2.72
-1.44
0.28
-0.35
-2.21
-0.34
1.23
-0.57
1.77
1.05
0.78
0.96
0.60
-0.05
0.42
-1.82
-0.66
-0.96
0.04
-0.99
-0.51
-1.18
1.36
0.72
2.41
-1.38
0.54
-1.07
0.39
0.07
-3.80
-1.47
2.32
1.33
3.18
0.77
-0.35
0.77
1.85
1.73
0.79
0.71
-0.74
0.75
-3.61
-2.08
0.53
-0.82
-1.06
2.22
-1.32
0.04
-0.62
0.20
-3.67
-0.23
-0.36
0.35
-0.50
0.66
-0.31
-0.31
0.39
1.67
-1.08
-0.13
-1.32
0.31
-0.43
0.62
1.60
0.23
-0.80
-1.32
-0.48
0.04
-0.37
-0.47
1.98
0.35
-0.90
1.68
1.41
-2.72
1.64
-1.74
0.58
0.19
-0.86
-1.37
-2.17
0.22
-0.02
1.68
0.43
1.80
4.03
0.78
0.31
0.35
1.13
1.55
-0.35
-1.76
0.92
-0.50
-0.54
0.16
-0.24
0.51
-0.52
0.78
1.73
2.07
-2.27
-0.64
1.41
-0.65
0.23
0.14
-1.40
-1.22
0.63
2.72
1.07
0.19
-0.54
-0.47
1.03
1.94
0.59
0.29
1.16
-0.12
0.48
1.06
-1.51
1.52
-0.71
0.84
-0.46
-0.25
-0.64
1.35
0.26
3.74
0.22
-1.60
-0.61
1.42
0.92
0.61
0.80
-0.31
0.44
0.02
-0.20
0.26
0.28
-0.54
0.00
-1.36
1.21
2.10
-0.40
-1.82
-1.26
-1.24
0.46
-0.98
-0.06
-0.10
1.98
-1.35
1.37
-0.36
-0.44
0.03
1.84
0.90
-0.53
0.14
0.17
-0.71
0.02
0.81
-0.31
-1.49
1.37
0.03
1.40
0.05
-0.14
0.28
0.41
2.69
-0.50
-1.21
1.00
-1.10
-0.47
2.03
-0.16
1.62
-0.37
-0.07
0.10
-0.46
-0.43
0.74
0.15
0.25
-1.29
-0.52
-0.06
-1.40
0.23
0.92
0.25
0.88
0.41
0.71
1.60
0.03
-0.72
0.49
0.45
-0.91
-0.30
-0.66
-0.28
-1.28
-1.04
1.08
1.80
0.26
0.15
-2.66
-1.33
0.70
0.75
-0.85
0.33
0.14
-1.49
-3.35
0.61
2.11
-2.81
0.30
-1.62
0.35
-0.88
-0.19
-1.42
-1.34
0.00
2.12
0.63
-0.93
0.23
-0.02
-0.05
-0.08
-0.67
1.01
-0.70
-1.57
0.88
0.49
-1.34
0.60
3.20
-1.28
-1.79
1.27
1.17
0.02
-2.54
3.08
0.03
1.69
1.18
-0.53
1.77
-2.46
0.36
0.60
-1.39
-1.90
1.19
1.42
0.11
-0.63
-0.44
1.36
1.02
-0.62
1.21
1.35
-0.05
0.65
-0.27
0.82
1.41
-0.19
-2.37
0.38
-1.92
0.03
-1.87
1.41
1.83
-0.53
1.29
0.79
-0.64
0.63
-0.27
-1.25
-1.35
0.32
0.98
-1.42
-1.14
-0.14
-0.22
-0.75
1.96
-0.70
0.44
-1.09
-2.61
-2.39
-1.79
-2.39
1.41
2.87
-3.90
0.14
-0.88
1.96
0.34
-0.44
0.75
1.47
-3.49
0.36
-2.22
1.90
0.95
0.58
1.83
-1.78
-1.02
-0.65
-0.92
-0.51
-1.03
0.87
-0.18
-0.42
0.53
1.53
1.88
-1.65
-1.74
0.58
-0.40
-0.51
-1.11
0.00
0.12
-3.08
1.73
2.82
1.14
0.82
-2.31
-1.45
0.88
-0.66
0.64
0.60
-1.43
1.45
-0.88
0.53
-1.03
-2.14
3.25
-0.85
1.87
5.24
-3.33
-1.15
-0.40
0.47
0.37
0.50
-1.38
1.68
1.32
0.17
0.78
1.04
0.75
-0.59
0.03
-1.50
-0.05
-0.44
0.29
0.05
-2.03
-0.72
-1.42
-1.36
1.20
1.98
1.82
1.02
-0.89
1.87
-3.75
0.87
-1.25
2.97
0.07
1.23
-2.12
-0.56
-1.35
2.29
-5.99
-2.38
-0.50
-0.69
-3.07
1.85
0.76
2.84
2.16
1.59
-2.38
1.55
-1.55
-1.91
1.47
1.02
-2.75
-2.18
-1.62
2.32
0.17
-0.34
-2.10
1.06
-0.91
0.21
-0.75
-1.21
-0.45
-0.18
-0.27
-1.08
1.21
-1.20
-1.97
4.91
1.28
