-1.04
-1.71
-2.83
-0.89
-0.66
0.75
-2.30
2.79
-1.27
-0.48
0.70
1.97
1.12
-1.76
2.00
-0.90
1.07
3.84
-2.18
1.14
1.08
3.17
-1.54
-1.22
0.25
-1.06
-2.44
3.93
2.43
3.19
1.32
-0.28
2.55
-3.27
0.93
1.79
1.74
-1.22
1.12
4.26
0.40
-0.45
2.05
-1.11
1.50
-0.33
1.17
-2.93
-0.13
1.68
1.80
1.44
-0.16
-0.39
-1.51
0.93
-0.43
0.49
0.43
-1.41
1.06
-1.02
-0.62
0.42
-2.09
0.11
-1.04
0.81
2.44
-0.79
0.19
1.04
2.02
-1.92
0.08
1.69
-0.53
1.14
0.93
-1.06
-1.73
0.35
-8.27
-0.91
-0.11
1.26
-1.24
1.21
-0.98
0.56
-0.47
0.90
1.00
-2.07
0.13
0.22
-0.56
2.95
-0.63
-0.33
0.55
0.40
1.33
0.67
-0.64
1.90
1.27
-0.48
-0.53
-0.19
-1.23
-1.35
0.74
-0.63
0.28
1.84
-0.98
-0.41
3.06
-7.51
-4.02
1.39
3.21
2.77
0.18
-3.06
1.15
1.63
3.27
1.51
1.88
0.51
1.19
0.34
-0.16
-0.36
0.34
-0.44
-0.34
-0.41
-0.33
-0.76
6.44
-5.62
1.05
-4.15
1.25
0.94
0.79
0.84
-0.22
-0.37
0.53
-1.31
1.08
-0.92
1.38
3.00
0.67
-2.28
0.66
-1.20
1.62
-0.12
0.66
-0.08
-1.21
0.34
1.56
-0.85
1.17
0.35
-3.58
1.42
-2.10
0.08
1.67
0.38
1.04
-0.08
1.90
1.71
-1.85
0.51
1.30
2.12
-2.19
0.33
-0.40
0.08
0.34
1.68
-3.00
0.21
-1.41
0.43
-1.75
0.69
0.81
0.65
0.43
0.00
0.12
0.68
-1.48
0.66
0.64
-0.04
0.27
-3.34
-1.77
-1.31
-1.33
1.12
0.21
3.15
0.50
-0.36
2.42
0.72
-2.44
1.95
0.15
0.85
-0.61
-0.98
0.58
-0.56
-1.94
0.91
-0.14
0.31
-0.04
0.24
1.62
4.04
-0.61
-0.89
-0.36
-0.40
0.66
-1.09
1.20
-1.69
0.15
-1.13
-0.12
-0.23
-0.97
-0.25
-0.94
1.64
1.85
-1.09
0.75
-0.61
0.69
1.32
-0.15
1.55
-0.28
0.67
0.41
0.17
0.63
2.53
0.73
-0.11
-0.57
-1.02
0.11
1.63
2.42
1.51
-1.74
-0.52
0.59
0.05
0.00
0.57
1.21
0.26
-0.66
-0.55
0.62
-0.50
-0.83
0.00
1.13
-0.48
2.02
-1.17
-0.12
-0.87
0.67
-0.29
-0.31
1.21
0.48
-1.21
2.22
-0.32
1.48
-0.57
-1.59
-1.43
0.33
0.05
0.21
1.32
-0.47
1.31
0.45
-0.93
0.10
-1.60
0.86
-0.66
-0.14
0.94
-1.78
-1.76
1.02
0.03
1.08
1.99
-0.52
2.20
0.93
-0.30
-0.03
-0.84
0.28
-6.84
-2.63
-1.19
-0.24
-1.63
-2.84
1.14
-0.25
-0.35
0.29
0.17
-2.42
-0.18
1.36
-0.08
-0.54
3.68
-0.34
-0.17
0.32
-1.27
0.96
0.76
-0.96
-0.42
-0.94
2.27
0.83
0.19
1.06
-0.35
-0.46
0.54
1.33
0.04
-2.50
-2.34
0.38
0.29
-0.34
2.48
-1.45
1.08
0.32
-0.99
0.57
0.92
-1.08
0.26
0.84
-0.63
0.52
1.62
-1.74
2.31
-0.84
0.28
0.84
0.71
-2.07
-0.11
0.31
-0.26
1.01
-3.88
-1.80
1.68
-0.27
-0.49
-0.65
-0.94
0.27
0.70
0.98
0.80
-3.14
0.88
0.10
0.31
0.23
-0.27
0.93
-0.86
0.21
0.52
0.80
1.42
-1.72
0.34
0.28
-0.81
1.58
-0.58
0.40
0.40
-0.09
0.68
0.15
-0.06
2.98
0.89
-0.45
-0.29
1.14
0.57
-0.96
2.85
0.44
-0.52
0.26
-0.23
-0.12
0.54
0.75
0.97
0.24
-0.37
-0.14
0.44
-0.22
0.02
-0.36
2.69
-1.27
1.20
0.23
0.25
1.31
3.82
-0.92
2.04
0.42
-0.73
-2.48
0.05
-1.08
-2.16
-1.20
1.61
0.10
0.08
1.01
-0.87
1.19
-1.01
-0.23
1.93
-0.91
-1.19
-0.05
-1.17
-0.97
-0.02
-1.20
0.22
-1.13
-0.69
-2.66
2.84
1.32
4.99
0.90
1.92
-1.11
-0.29
-0.29
-0.03
-0.55
1.54
0.50
0.05
4.07
0.34
0.41
-0.71
1.44
1.27
-0.10
-0.57
-0.42
1.61
0.40
-0.55
-0.28
0.97
0.79
-1.12
0.04
-0.15
-0.75
-2.43
-4.24
2.33
4.08
-7.22
0.27
1.69
0.32
2.05
-0.39
-0.85
-0.13
-0.31
0.31
1.19
-0.08
-2.77
-4.08
0.03
-0.13
0.52
0.58
-0.07
-0.40
2.53
0.19
-0.48
-1.18
-1.33
-0.93
-0.97
-1.17
0.79
-3.29
-2.46
1.67
-2.83
