2.06
0.85
-1.55
-1.64
1.94
-1.38
-3.46
-1.45
-5.31
-1.03
1.94
-0.73
0.29
-3.74
5.26
-2.17
1.78
2.98
-1.55
1.22
0.28
0.21
-2.61
3.12
1.97
-1.24
1.26
0.14
0.62
-1.09
-0.14
0.62
-0.28
-1.66
1.96
1.03
0.95
-2.83
1.39
3.77
1.91
-0.52
-0.72
-0.33
-1.05
-1.60
0.00
-1.76
-1.99
1.40
1.52
1.36
-2.89
-1.80
0.14
0.14
-0.14
2.54
-0.48
0.69
-0.96
-1.52
0.07
0.42
-0.98
0.28
0.35
0.84
0.56
0.00
-0.21
1.11
-0.75
1.80
-0.07
0.20
2.17
0.60
0.07
-1.65
-0.67
-0.40
-1.49
0.55
-1.57
0.83
0.96
2.46
-1.13
1.01
0.00
0.53
-2.46
2.93
-0.73
1.73
0.13
3.33
-2.40
0.00
0.13
0.32
-0.06
0.06
-1.29
0.72
-1.04
-0.85
-0.93
-1.47
0.88
0.47
-0.80
0.20
0.61
2.01
0.72
-2.08
2.39
-6.55
-2.71
-1.78
0.22
0.94
-1.94
-0.73
0.37
-0.88
0.96
3.67
2.55
0.35
1.10
1.02
0.54
-0.07
-0.87
-1.49
0.62
0.07
-1.23
-1.31
-1.40
1.63
-2.52
-0.43
-0.07
-2.09
1.84
0.22
0.94
-0.29
0.07
0.86
0.28
-0.78
-0.07
-0.07
-0.71
-0.07
-0.36
0.29
0.00
0.22
0.29
0.14
0.14
-0.14
1.65
2.39
1.10
3.33
-2.04
-0.07
0.07
1.88
-0.46
-1.99
0.41
0.74
1.14
0.66
-0.13
-2.70
-1.89
1.58
-1.36
1.51
-0.34
0.95
0.54
-0.54
0.07
0.74
0.27
0.87
-0.66
0.33
0.33
0.46
-0.07
0.39
0.20
0.92
0.06
-1.04
-0.92
-0.59
-0.13
-0.40
-3.40
1.38
0.20
2.24
0.20
2.59
4.85
4.26
-0.59
3.04
-0.92
3.85
-0.73
2.77
3.47
3.35
0.15
-3.80
1.87
-1.10
-1.27
-0.81
5.09
3.09
1.25
4.49
5.25
-3.77
0.14
-1.03
-1.60
-2.87
2.61
0.43
-1.39
0.87
0.29
0.48
-0.95
-0.96
-0.44
1.81
0.19
-2.06
-0.73
-1.77
1.00
1.44
-2.05
0.45
-1.59
0.81
-0.90
0.40
-1.56
3.58
2.72
0.10
-0.29
-0.77
0.49
1.01
-0.43
0.96
1.09
-2.82
-3.73
1.36
1.14
2.01
0.53
0.86
-0.14
1.52
0.47
-0.05
0.51
-0.37
-1.82
-3.13
2.59
-1.53
-0.78
-1.22
-1.09
0.60
-0.25
-0.40
0.00
-1.00
0.51
0.10
2.86
-1.46
-3.37
0.56
2.04
2.05
1.13
2.27
-0.43
2.00
-0.33
-1.12
-2.13
-4.06
1.16
1.44
0.83
1.75
-1.34
0.15
0.19
-0.34
0.73
1.59
-1.04
1.34
-0.85
5.05
-4.94
-1.67
0.92
-1.20
-0.63
1.32
-0.34
1.16
-2.40
-0.44
-1.83
-2.06
0.05
-0.31
-6.17
0.38
-2.02
3.12
-0.86
2.29
0.11
-0.53
-0.11
0.54
2.61
1.66
0.46
-0.81
-0.51
4.90
7.27
-3.71
2.24
-1.44
0.47
-2.73
-1.88
-2.07
-2.92
0.73
-0.05
-0.15
0.05
3.71
1.24
0.15
4.11
-1.55
0.38
1.05
0.61
-0.09
-1.27
-1.19
-1.39
-0.93
0.44
-0.73
0.39
-0.69
-1.73
6.74
0.09
-0.38
0.57
0.42
0.05
-0.37
-1.74
1.91
0.05
-0.09
-2.06
0.14
-0.48
1.92
0.71
-0.80
-2.31
-1.84
1.23
0.00
-0.83
0.00
2.40
-0.81
-0.29
-1.31
1.52
-0.29
-1.16
1.18
-3.01
-0.05
2.75
1.27
0.91
-0.10
-0.95
0.87
0.43
-0.19
2.57
4.50
1.60
1.66
4.60
0.25
-1.56
-0.04
0.75
-1.41
0.59
0.88
1.07
1.60
0.20
-1.08
-0.37
0.57
-1.82
1.36
0.73
0.93
-1.40
-3.41
2.61
3.49
2.77
-7.02
2.24
-1.87
2.07
-1.34
-0.74
-3.31
-2.14
-0.35
0.92
1.17
1.12
1.40
-0.88
2.28
0.83
-0.82
-1.03
0.71
3.90
3.19
-2.28
-1.42
0.76
-2.55
-0.78
-0.62
-0.70
0.13
1.04
0.66
-3.48
4.08
1.80
-2.40
2.34
-0.24
-1.49
-2.74
-0.88
0.38
-3.21
0.17
1.65
-0.26
0.21
0.43
-0.13
0.21
2.39
-0.17
0.50
-0.54
-2.04
2.21
-1.08
-1.73
0.99
-2.16
1.65
0.09
1.07
3.46
1.75
-0.04
-3.69
0.12
0.08
-1.37
2.32
-0.62
-0.25
0.25
0.99
0.53
-0.90
0.16
-0.66
1.70
0.24
-1.70
-0.95
0.83
1.45
1.02
0.89
0.68
-1.39
2.62
1.61
0.27
-1.85
1.96
1.77
0.19
-1.85
-0.46
-3.05
-2.71
2.33
0.12
