0.29
-1.06
-4.13
-2.60
-5.46
3.71
-5.78
4.92
-2.42
-0.07
4.37
-1.89
3.18
-1.94
-0.67
-3.47
-4.98
3.20
0.48
-3.92
2.73
2.45
-3.96
1.32
1.33
2.65
-3.46
2.87
1.99
0.78
-1.70
-0.88
1.92
-2.43
0.04
0.26
1.00
-2.46
4.14
-0.26
-1.91
-0.21
1.70
-1.56
-1.54
-0.97
1.79
-1.83
-2.01
-0.46
-0.86
2.14
2.41
1.57
-2.74
0.62
-1.31
0.94
-1.35
1.31
1.10
-0.14
1.06
5.97
-1.03
-0.79
-2.31
1.40
2.22
-0.57
0.33
0.47
-1.21
0.19
2.99
0.55
0.05
-2.73
-1.30
1.77
-4.28
1.51
-1.67
-2.25
0.80
-1.44
2.15
0.82
-2.91
0.05
-0.14
1.41
-0.88
0.40
-1.13
1.52
-0.43
2.65
1.36
0.64
0.61
-0.86
0.47
2.09
-0.60
0.06
-0.23
-0.58
-0.61
-3.03
-1.26
-0.57
-1.04
0.25
-1.49
0.56
-2.45
2.45
1.44
-4.34
-1.50
2.56
1.57
-0.18
2.10
-0.45
4.34
-0.18
0.59
-1.54
0.00
-1.60
-0.33
1.41
-0.15
-0.43
2.31
2.71
0.07
0.38
-1.62
1.82
2.91
0.84
2.23
-0.35
1.62
0.11
-0.64
-1.64
0.15
-1.12
1.14
-0.37
1.08
-2.14
0.34
-0.37
0.03
1.82
-0.17
-2.99
-2.43
0.82
-0.77
-0.86
-0.26
-0.35
-0.83
1.16
0.23
0.65
-2.95
2.28
-2.17
1.46
1.22
1.11
-0.75
0.64
1.07
0.90
-1.03
-2.85
1.03
-1.46
-2.89
1.71
-0.25
0.38
0.59
-1.20
0.04
0.19
-2.52
-1.52
0.53
-2.12
1.16
0.42
-0.04
0.00
-1.11
-0.85
-0.45
0.80
6.41
-0.78
-1.66
1.87
-1.19
-0.49
1.06
3.92
0.89
10.71
0.82
-1.33
1.03
0.19
-1.01
2.00
-0.09
1.80
-2.57
-0.10
0.17
-0.63
1.52
-2.96
0.30
-1.04
-0.91
0.71
-4.03
0.36
0.36
-0.22
1.65
0.64
1.17
-0.48
-0.76
2.41
-2.25
1.74
0.90
-0.85
-0.53
-0.31
-1.01
2.59
-0.17
0.18
0.74
0.48
-0.19
-2.28
-0.14
0.34
-2.15
0.23
-1.39
-0.84
-0.31
0.12
1.36
-2.15
1.87
-0.39
2.62
1.08
-1.59
0.09
0.39
0.15
-0.78
1.21
-0.97
0.70
0.52
2.95
-1.50
2.11
-1.42
-0.14
0.16
-1.03
3.00
1.42
0.15
-1.18
1.16
-0.11
-1.17
0.79
1.70
-0.90
0.35
0.20
1.76
-0.20
-0.67
0.59
-2.13
-0.36
-0.12
0.13
1.20
-0.34
-0.27
0.20
0.07
-0.31
0.58
-0.47
0.10
1.03
0.27
-0.68
0.07
-0.56
0.50
-1.65
-0.07
0.28
-0.82
0.73
1.92
-0.25
-0.98
0.06
0.06
-0.24
-0.31
0.83
-1.65
-3.31
1.47
-0.35
-0.13
-0.17
-0.23
0.27
-1.89
0.26
-0.40
-1.04
1.38
0.38
-0.86
0.03
-1.41
-0.63
1.75
1.99
-0.53
-1.03
0.59
-0.43
0.97
0.98
0.23
1.19
-0.36
1.45
2.29
0.85
5.24
0.64
0.47
-0.34
-2.18
2.52
-1.88
-1.39
0.24
2.32
-0.94
0.46
-0.48
0.24
0.99
0.68
0.07
0.22
-0.44
0.54
0.97
1.05
0.07
-1.02
0.96
-2.61
-0.04
0.98
-0.17
-0.24
0.78
0.59
-1.05
0.22
-3.84
0.18
1.80
-1.20
-0.08
-2.80
0.05
-0.17
2.24
-0.84
0.67
-0.28
1.52
0.60
1.43
3.46
0.28
-0.02
0.58
1.14
-0.89
0.30
0.79
-0.55
-0.46
1.02
0.56
0.44
0.54
-0.32
0.08
0.73
-0.86
-0.50
-0.15
2.14
0.15
0.03
0.30
-4.44
-0.57
0.04
0.30
-0.09
-0.76
-1.47
0.18
1.57
-1.22
-0.88
-10.76
0.86
-1.66
-0.68
-16.34
-1.82
2.85
0.00
-0.44
-2.32
1.87
1.60
0.68
0.13
-0.12
-1.15
-2.27
1.50
3.00
0.73
-0.91
1.31
0.63
-0.63
-1.12
0.64
-0.84
-2.22
1.30
0.46
-0.05
-0.38
0.55
3.27
1.80
0.96
-0.77
0.04
1.08
-1.25
-0.91
1.13
-0.36
-1.44
0.60
-2.35
0.28
-0.37
1.72
2.81
-2.25
-1.58
-0.77
1.26
-0.03
-0.92
1.45
-1.11
-2.67
-0.29
0.91
0.25
1.59
-1.38
1.24
0.75
-1.82
-1.63
-0.37
-0.85
-0.54
-5.68
2.25
-1.13
-4.36
1.55
-0.98
0.51
2.62
1.85
-0.92
-1.48
0.04
-0.16
1.99
0.92
-0.74
-9.04
0.08
2.45
-0.32
0.15
1.18
1.08
1.50
-0.30
-0.78
0.05
-1.86
-0.33
-1.21
-0.29
0.05
-1.59
-2.22
2.58
-1.56
