-3.14
-8.64
-4.74
-0.94
-4.05
0.28
-2.40
2.71
-3.22
-4.18
-3.40
3.59
-1.02
-4.54
3.11
1.93
0.90
-1.09
0.80
-2.61
2.04
1.80
-2.03
-6.54
1.64
-2.25
4.35
3.31
3.80
1.80
8.42
-3.99
1.64
-4.20
-1.18
4.44
5.40
4.32
-0.58
-4.17
4.17
-4.42
6.62
-4.39
0.45
-5.03
5.95
-0.28
-5.37
1.55
2.64
-0.17
0.20
-3.22
-2.83
-3.12
-0.47
0.38
0.22
-2.00
2.52
-2.86
-3.52
-2.62
-0.44
1.99
1.28
1.29
2.23
-2.02
1.44
1.10
7.43
3.47
-1.81
-2.92
-0.21
1.57
0.30
1.57
-3.64
0.82
-5.01
1.39
-4.11
0.68
-1.90
0.30
-3.41
-5.47
-0.72
3.51
1.75
-1.85
0.56
-0.52
4.41
-7.50
6.92
-1.90
-4.35
-0.14
-0.07
1.23
2.25
8.88
2.60
-2.75
-4.15
-1.88
-2.09
-3.11
-0.18
-0.33
2.75
-1.38
-2.32
-1.06
2.29
-8.00
-7.67
2.47
1.16
-0.99
0.50
-2.81
0.89
-1.05
5.79
-0.76
5.51
3.42
3.53
-1.54
0.91
-4.12
0.23
-1.20
-4.22
0.60
1.86
-1.51
-2.95
0.08
-1.05
0.29
0.12
-12.60
3.08
4.98
-4.61
-2.49
3.20
0.40
3.80
0.00
0.47
-2.45
1.23
2.91
4.81
-3.18
0.79
-1.03
4.17
4.76
-0.65
-1.54
1.33
-1.12
-0.47
1.68
-3.70
2.04
-5.88
0.08
0.25
-0.29
-1.42
-1.60
-1.16
0.87
-2.58
0.04
1.10
4.63
1.04
0.62
-0.57
0.78
1.89
-0.80
-2.88
-0.38
-1.68
-2.30
0.52
-3.30
1.44
3.81
2.94
3.44
3.76
-2.20
0.75
0.04
-3.99
-0.04
-2.08
3.67
-0.76
-8.50
2.26
0.78
4.51
8.79
2.45
2.40
1.51
-1.42
-1.29
-1.28
6.90
3.14
-4.95
-0.04
0.60
-1.26
-2.70
5.50
-0.76
-1.18
0.70
-0.03
4.03
2.19
1.91
-6.30
-2.03
-1.06
1.92
2.90
-4.04
2.47
-0.31
4.19
1.99
4.04
-1.00
0.85
-1.32
1.24
3.67
0.03
1.27
0.90
-3.08
4.46
0.94
-1.54
-3.21
-1.73
-0.22
6.05
3.07
4.54
-0.84
-0.90
0.83
-3.07
-0.28
3.80
-2.73
0.14
-0.53
-1.69
0.14
-1.29
3.91
2.43
-1.06
-5.04
-2.81
1.76
-0.53
-2.09
-4.21
-2.11
1.09
-0.22
2.32
-1.84
-1.93
-0.39
-2.04
-1.92
-0.95
0.27
0.00
-2.52
0.59
-0.49
2.02
3.76
-2.80
-1.05
0.55
-0.71
0.21
3.42
2.05
-3.86
-1.08
-3.17
2.85
-1.47
2.99
-0.51
1.19
-0.70
-3.47
-0.70
-3.20
-1.56
-1.77
-0.08
-2.18
1.58
3.52
-0.29
0.62
-2.52
-0.04
-1.35
-3.26
6.12
4.99
-2.32
-1.22
0.73
-1.52
-1.54
3.58
1.19
-2.17
-0.18
4.20
-0.95
2.33
-1.76
-1.23
0.14
-0.78
-3.62
0.48
-2.33
-0.45
-0.68
0.46
2.10
1.79
0.40
4.09
-3.90
-2.27
3.10
2.39
-3.75
-1.77
2.40
0.40
-0.15
-1.97
1.12
0.96
1.93
4.51
-1.71
-3.97
1.12
6.56
-0.94
-1.77
2.04
-0.07
-0.75
0.55
4.69
1.04
0.03
-2.95
-0.17
-4.28
-0.24
0.62
1.24
-0.44
-1.71
6.93
4.88
-0.87
-1.38
1.24
-3.51
-0.81
-0.95
0.26
-0.30
-3.48
-0.45
0.52
0.21
-1.06
0.35
-0.17
0.17
-0.69
0.38
0.17
3.41
-3.00
7.29
1.54
1.14
0.84
-0.37
-0.28
0.81
1.64
6.72
1.25
-0.98
2.19
-2.03
1.93
-2.87
0.60
-0.71
0.92
0.68
-0.03
-0.82
-0.20
-2.37
0.70
0.12
1.25
2.66
2.68
0.24
0.30
-0.46
-1.36
1.82
-1.84
3.58
0.24
-0.66
-0.91
0.70
1.63
0.16
1.34
0.13
1.58
-5.92
0.68
0.38
0.24
-4.95
-0.56
2.41
-1.91
0.85
1.87
-0.38
-1.02
-0.06
1.48
1.10
1.68
0.32
-1.84
1.25
-2.17
4.57
2.72
0.36
3.05
1.63
-0.58
0.17
-0.39
0.66
-0.78
0.91
1.12
2.73
0.51
-1.07
-0.16
1.41
0.02
1.04
0.16
-2.18
-0.59
-0.12
3.06
-0.46
-6.46
-2.82
1.31
0.77
1.11
1.13
0.82
-2.95
4.26
-0.07
-0.24
1.05
-2.05
-3.99
-4.28
2.20
1.13
-5.12
0.43
2.18
1.46
1.69
3.10
-1.30
3.62
1.94
0.80
2.68
-3.29
-2.11
-1.27
0.99
0.53
6.42
-3.05
-2.99
-2.43
1.49
0.92
-3.58
-0.17
-3.27
-1.69
-1.67
0.69
1.87
-3.60
-0.94
1.16
0.40
