-0.50
-1.64
-0.35
-1.03
0.37
2.29
-2.29
0.88
-2.16
-0.04
-1.80
-2.40
3.67
0.03
0.80
-1.12
2.18
2.56
2.31
-2.54
1.51
-0.10
-2.10
-1.42
-0.29
0.83
0.75
0.98
2.20
1.23
0.09
0.18
0.86
-0.38
0.98
0.99
-1.12
0.47
1.95
-0.84
1.44
-0.99
-1.13
-0.36
0.82
-1.05
0.12
-0.89
0.19
0.58
-0.43
0.53
0.33
0.12
-0.19
-0.43
0.37
0.83
2.99
1.31
-0.80
-1.22
-1.10
1.79
-0.75
-0.58
-0.27
0.72
2.98
0.30
0.08
1.43
-0.87
-3.17
-2.14
-1.53
1.70
-0.60
-0.39
-1.08
0.33
-0.10
-0.76
-0.18
-0.20
0.05
0.72
0.02
-1.56
0.50
0.98
0.69
-0.57
0.84
-1.01
1.31
-0.06
3.19
-0.15
-0.14
-2.58
1.64
-0.20
1.14
-0.93
0.39
-0.62
0.97
-0.46
-0.94
0.00
-0.08
-0.06
-3.06
-0.67
0.11
0.34
-0.66
1.23
-4.65
-1.41
0.43
0.76
2.17
-0.08
0.15
2.37
0.28
1.58
-0.81
-1.25
0.58
-0.31
-0.62
1.00
-0.95
1.32
-1.11
0.47
2.34
-3.72
-3.02
-0.24
-1.32
-1.03
-1.37
0.73
0.38
-0.01
-1.03
-0.25
-0.41
0.78
-0.47
0.65
-0.27
-0.40
1.46
0.08
-0.75
1.05
-0.18
-0.14
1.83
-1.44
-0.26
0.95
0.29
1.33
-0.29
-0.14
-1.24
0.12
0.90
-0.90
-2.24
0.63
-0.68
0.04
-0.29
1.44
0.21
-0.46
-0.98
1.79
1.00
-0.43
1.15
-0.05
0.79
0.65
-1.18
0.40
-0.61
-1.24
0.18
-0.55
-0.24
0.04
1.35
-0.06
-0.10
0.74
0.91
0.18
0.42
0.25
2.44
4.42
-1.73
0.28
-0.60
-0.22
1.78
-0.86
1.65
0.44
-0.83
-0.44
-1.63
0.54
0.78
-0.47
0.66
-0.26
-0.85
0.24
-0.84
-1.14
0.91
-1.24
0.71
1.80
0.59
0.88
0.00
0.74
-0.68
-0.07
0.40
0.15
-0.07
0.46
0.61
-0.28
-0.83
-0.07
1.70
-1.33
-0.15
-0.69
0.13
0.41
2.05
0.67
-0.05
1.16
0.32
0.79
1.70
-0.35
-0.86
7.51
1.51
0.00
1.12
-2.29
1.57
1.33
-1.02
0.33
-0.87
0.53
0.99
-0.44
1.32
-0.71
0.89
0.74
-0.25
0.03
-0.12
0.15
0.21
-0.10
-0.54
-0.75
-0.36
-0.23
-0.31
0.43
-0.17
0.19
-0.40
-0.28
1.13
-1.00
1.13
0.48
-0.86
1.20
1.18
-0.49
0.27
-0.57
1.71
0.54
-0.02
0.32
0.08
-0.36
-0.29
-0.45
0.54
-0.40
0.07
-0.26
0.55
0.14
0.06
0.62
-0.45
-0.42
-0.61
0.34
-0.18
0.75
0.94
0.94
-1.08
0.16
-0.36
-0.19
0.61
-0.06
1.79
-0.24
0.30
-0.26
0.01
-0.31
1.78
2.57
0.10
-1.89
0.29
-0.25
1.06
0.05
0.30
1.32
-0.17
0.19
0.57
-0.41
1.12
0.56
0.21
1.09
0.45
-4.04
-1.04
1.29
0.03
-0.82
-0.16
1.61
-0.54
1.26
0.84
0.39
-1.21
-1.20
1.06
-2.50
-0.47
-0.90
2.07
-0.44
1.44
0.37
1.05
1.29
-0.42
0.06
0.21
0.29
0.93
-7.18
-0.95
0.33
-0.37
1.16
-1.07
0.14
-0.74
1.14
-1.54
0.71
0.05
0.69
-0.38
0.90
-2.26
0.90
2.18
-0.45
1.05
-1.90
0.44
0.14
1.37
-0.78
1.03
-0.42
0.29
0.02
1.03
1.54
-0.88
-0.78
0.91
0.36
1.09
0.06
-0.31
0.88
-0.51
0.21
-0.08
0.06
-1.51
-0.40
1.06
-0.92
0.70
0.88
-0.31
1.47
1.04
0.55
-0.07
0.21
0.65
-0.55
1.01
0.37
0.04
1.16
-0.89
-0.95
0.90
-0.09
0.51
-0.83
-0.21
-1.46
0.28
1.40
-0.86
1.05
-12.49
3.50
-0.91
-0.42
-0.21
-1.30
-1.08
0.28
-0.39
0.63
-0.04
-0.83
0.81
0.94
-0.32
0.39
0.67
-0.48
-2.07
2.18
0.01
-1.58
0.92
-0.05
-0.01
1.21
1.02
-0.40
0.95
-0.12
0.87
-1.60
-0.53
-0.54
-1.11
-1.25
0.77
0.59
0.36
-0.06
0.14
1.39
0.39
-2.08
0.17
-0.39
-0.06
-0.19
0.06
-0.50
1.05
-0.36
1.24
0.50
0.32
-0.19
-1.11
0.59
0.72
-0.93
-0.90
-0.36
-1.61
0.01
0.05
-2.38
-0.83
-0.41
1.71
1.36
0.37
1.71
0.34
-1.04
0.78
-0.40
1.67
1.46
-2.02
0.19
-1.26
1.22
0.40
-0.29
1.05
0.12
0.78
0.38
-1.07
-0.29
-0.36
-0.94
-0.21
-0.14
-0.19
-1.78
-1.82
1.50
-1.74
