-1.33
-0.49
-0.39
0.73
0.42
-0.18
-4.18
2.57
-4.20
1.39
1.87
-0.62
3.11
-1.36
-0.10
-4.00
1.22
2.43
2.56
-2.13
2.59
-3.37
-1.15
-3.53
1.51
-2.40
-0.96
5.15
0.70
1.76
0.02
0.95
2.00
-1.50
0.80
4.12
-1.00
-0.91
2.66
-1.33
0.98
0.60
0.28
-1.28
1.98
-0.83
1.41
-0.86
0.50
6.01
1.44
-0.01
0.84
0.70
-0.87
-1.97
-0.11
2.48
0.24
-0.54
0.51
0.92
-0.99
0.82
-0.52
-0.67
-1.07
-0.06
1.23
-0.94
1.12
-0.73
1.51
-3.13
0.74
-0.90
4.60
1.48
-1.73
1.61
1.19
2.02
-1.78
-0.11
-0.19
0.42
0.26
1.41
0.34
-1.50
0.29
-5.12
-0.12
11.83
0.07
2.43
-3.48
1.50
-1.22
-2.91
0.42
-0.47
3.91
0.14
-1.26
-1.45
-0.40
1.03
-0.05
0.25
-0.11
-0.47
-0.47
0.13
-0.19
0.03
0.76
-0.19
1.12
-3.59
-0.24
0.97
4.12
0.56
1.60
-0.22
0.44
0.90
0.98
1.14
-0.59
-0.43
0.71
-1.73
-0.27
-0.99
1.80
1.82
1.24
-1.14
-1.13
-0.11
0.03
-1.23
0.48
-0.09
0.56
-0.05
-0.93
0.86
8.00
-0.66
1.57
0.22
0.73
-1.29
0.11
-1.01
-0.86
0.01
-0.16
-0.20
0.13
-0.45
0.55
1.47
0.46
4.51
1.10
1.06
1.05
-3.21
-1.69
1.97
-1.61
0.65
-0.16
-0.12
-1.13
0.62
3.67
0.90
-0.23
-0.82
0.58
0.42
-1.71
-0.68
-0.67
-0.28
-0.12
0.41
-0.45
0.33
-3.73
-0.38
-0.19
0.46
-0.03
0.94
0.10
-0.80
-1.19
1.78
-0.98
-3.28
-1.83
2.11
0.26
-0.13
1.34
-2.17
1.14
2.77
1.98
2.89
0.39
0.58
-3.41
-1.12
0.69
1.33
-1.05
0.53
3.38
-0.26
1.17
-1.70
3.57
-1.85
-1.00
-2.16
1.60
1.99
2.87
-1.85
-0.07
-0.32
2.14
1.55
1.01
-0.93
0.16
0.51
0.30
-0.08
-0.20
0.47
-0.23
0.37
-1.46
-0.75
2.02
1.58
0.67
-0.64
0.65
0.45
-0.78
0.42
2.58
-0.80
0.80
0.75
0.08
-0.11
0.64
7.36
-2.88
0.39
-0.26
0.90
-0.75
1.33
-1.86
0.24
0.73
-0.20
-0.16
-0.47
-0.32
0.99
-0.22
0.64
-0.43
-0.00
-0.22
0.72
-0.01
-1.12
0.65
-0.38
-0.50
0.45
-0.16
-0.20
0.17
0.11
0.27
0.09
0.23
-0.51
0.65
-0.25
-1.33
0.17
0.75
0.53
-0.68
0.29
0.57
0.67
-0.24
0.29
0.99
0.14
1.45
-1.83
0.22
0.28
0.68
-1.37
0.11
-0.66
1.65
0.59
0.86
0.56
1.22
0.26
0.98
-1.05
-0.29
-1.87
-3.91
-0.58
3.78
-3.28
0.53
-0.04
-0.24
-0.80
-0.29
-0.33
-2.11
0.84
-0.03
0.20
0.75
3.22
1.43
1.10
0.44
1.96
0.24
1.92
-2.44
-0.46
0.89
-2.44
-1.37
1.75
0.93
-1.02
0.00
0.56
0.01
-1.95
0.08
0.07
-1.00
0.56
-0.84
3.16
-1.34
0.33
-2.43
1.96
-0.87
0.08
1.25
0.37
1.42
-1.05
1.11
-0.14
0.68
0.57
-0.38
1.38
-0.57
-0.02
0.22
5.20
0.92
5.85
-1.15
-0.49
-0.32
0.09
-0.94
2.29
2.86
-0.55
-1.05
1.67
-0.84
0.77
-1.85
-0.10
0.89
0.15
-1.69
-0.28
-0.08
0.08
-0.11
1.17
1.31
-1.52
0.21
2.33
-1.70
-0.69
-3.03
0.15
0.93
-2.37
-1.74
-0.35
-1.13
0.82
-1.62
-0.22
-0.75
0.41
1.06
-0.52
0.68
0.19
1.48
0.43
-0.37
-0.63
-0.37
-0.31
0.05
-2.58
0.48
1.45
-1.31
-1.61
-0.11
-0.26
-1.62
-1.39
1.37
-8.30
1.10
1.32
3.14
1.21
-0.17
-0.66
3.87
-1.55
-0.53
-0.81
1.56
-2.01
-0.77
1.92
0.27
-0.93
0.01
-1.23
-1.58
-2.17
1.26
1.77
-1.65
3.08
-0.68
-0.91
-2.51
0.80
-0.22
2.15
-0.45
-0.30
-0.10
-1.94
0.29
-1.94
-0.19
5.23
1.58
0.65
-2.10
1.43
-0.61
3.87
1.16
-0.92
0.31
1.62
-0.50
-1.11
1.22
-0.31
-0.30
1.39
2.07
0.22
1.15
-0.27
1.94
-0.34
0.50
-0.66
0.55
0.18
-1.61
4.33
-3.17
-1.39
-1.68
-4.15
0.09
2.61
-0.61
0.92
1.32
0.55
-1.88
0.61
-1.17
2.33
-1.93
-1.90
-2.65
-0.74
-1.96
4.16
-2.49
0.21
0.74
1.88
3.35
-2.56
-2.59
-0.41
0.77
-2.68
-1.62
-0.65
-0.77
-3.28
-0.07
-0.63
