1.44
-0.05
-1.09
0.43
1.19
0.56
-0.23
-0.62
-0.36
0.61
-1.76
0.40
1.35
-2.00
0.41
-0.72
1.12
2.40
2.14
-2.06
1.55
-4.87
-0.26
2.14
1.29
-0.60
-0.73
0.44
0.45
1.01
-1.18
0.58
-0.25
0.42
1.08
0.93
-2.76
-1.10
-0.75
0.47
-0.37
0.02
-1.71
1.63
-0.20
0.23
0.75
-0.40
0.60
0.55
0.14
-0.13
0.03
-0.89
0.60
-0.41
0.78
0.35
-0.02
-1.49
1.05
0.20
0.34
1.05
-0.58
-0.10
-0.29
0.01
-1.58
0.33
-0.11
0.07
0.05
-1.39
-2.94
1.09
0.96
0.11
0.82
-0.01
0.37
1.38
1.95
-0.14
-0.24
1.18
0.94
0.88
-0.49
0.52
-0.68
0.02
-1.95
-1.00
1.44
-0.88
0.17
0.79
-0.55
0.14
0.12
-0.89
1.05
-0.05
0.07
-0.45
0.02
0.58
0.61
0.66
-0.45
1.23
-0.48
0.73
-0.56
-0.04
0.59
0.56
0.28
0.48
1.59
-0.27
-1.06
2.35
-0.89
1.52
-0.74
-0.50
0.62
-0.48
-1.08
0.62
-0.25
-0.10
-0.34
0.17
-0.73
-0.52
0.40
-0.52
-0.44
-2.14
-0.15
0.18
0.21
-0.80
0.99
1.76
-1.26
-0.05
0.33
0.95
-0.49
0.17
-0.88
-0.88
0.32
-0.21
-0.32
0.10
-0.37
0.25
0.21
-0.32
0.64
-0.61
0.29
0.00
0.71
0.02
-1.90
-1.93
-3.23
0.94
-0.77
-0.46
0.02
0.16
-0.05
0.63
0.79
1.74
-0.03
-0.66
0.12
0.14
-1.08
0.42
-0.69
-1.82
-0.41
0.96
-0.07
-0.58
-0.86
0.86
0.48
-0.61
0.30
-0.27
-0.81
-0.91
0.28
-1.16
0.78
-0.36
-0.99
0.90
0.83
-0.44
-3.20
-0.82
-1.27
0.89
0.87
-0.13
-2.48
0.71
0.08
0.92
-0.18
-0.40
1.13
0.04
1.23
-0.67
1.51
0.16
0.24
-1.81
-1.71
0.39
-0.19
0.41
1.28
-0.90
0.52
0.64
0.95
-0.95
2.00
0.59
-0.07
0.70
-0.19
0.79
0.32
0.85
-1.32
0.86
-1.10
0.83
0.75
0.63
-0.15
-1.00
-1.58
-0.55
0.31
0.37
1.50
-0.34
-0.55
0.97
-0.35
0.51
-0.12
0.15
-0.95
-0.15
-0.26
0.61
-0.41
4.08
-1.09
1.24
1.39
0.27
-0.29
0.08
0.21
0.80
1.31
2.77
1.29
0.35
-0.07
0.40
0.05
0.27
0.26
0.17
-0.35
-0.09
0.08
-0.37
0.48
0.74
0.12
-0.43
0.74
-0.47
-0.34
-0.06
0.04
-0.25
0.28
0.19
-0.64
0.02
-0.73
-0.49
-0.34
-0.22
0.14
-0.34
-0.98
0.20
0.37
0.61
0.08
-0.58
0.90
0.39
-0.06
0.10
-1.00
0.48
0.90
-1.89
0.32
-0.23
-0.15
-2.55
0.85
0.88
0.40
-0.74
0.39
0.54
-0.40
-0.35
0.45
-1.54
0.40
-0.37
1.09
0.31
-0.67
0.84
1.77
-0.10
-0.04
0.59
0.03
0.63
0.20
0.10
0.36
-0.76
0.46
0.04
0.21
1.19
0.75
-0.47
1.18
-0.73
-0.56
0.03
-0.34
0.28
-1.69
-0.54
-2.19
0.02
0.41
0.24
-0.25
0.46
-0.65
-1.14
-0.36
-0.52
0.83
-0.33
0.04
-0.75
0.28
1.03
-0.70
1.18
0.42
0.55
-1.04
0.54
-0.27
-0.87
2.09
-0.18
0.75
-0.63
-0.33
-0.20
0.28
0.94
0.54
0.47
0.17
0.41
0.80
0.15
-0.23
-1.25
0.37
0.01
-0.09
-0.01
0.86
-0.40
0.25
-1.42
-0.25
-1.46
0.74
0.40
-1.10
0.49
1.07
0.46
0.52
-1.56
-2.98
-1.14
0.49
0.64
-1.50
0.54
1.45
-1.84
0.27
1.12
-1.77
0.14
-1.02
1.10
1.02
0.15
0.43
0.40
0.05
-0.69
-0.64
-1.81
0.63
-1.06
-0.07
0.58
-0.65
-1.35
0.97
1.18
0.98
-0.91
-0.30
1.54
0.76
1.05
2.29
0.17
-1.87
1.33
-0.77
0.81
0.42
-0.15
0.33
0.21
0.95
1.65
0.05
0.25
2.40
1.17
0.27
-0.56
0.69
-0.12
0.07
1.01
-0.24
0.94
0.32
-0.03
0.23
0.26
0.50
0.11
-0.27
-0.19
-0.17
-2.52
-1.08
1.58
0.03
0.49
-0.19
-1.18
-1.69
-0.73
1.03
1.34
-0.82
0.50
0.43
-0.66
-0.88
2.73
-2.39
-1.18
0.57
-0.05
-0.96
-6.71
-2.99
2.86
-2.15
-0.05
0.81
-0.66
0.45
0.21
1.73
0.51
-2.22
-1.93
0.80
1.67
1.61
-1.01
-0.85
0.53
0.90
1.52
-0.45
-1.35
1.86
-1.06
-0.91
0.63
-2.00
-1.11
1.06
0.02
-0.31
-2.58
0.56
-0.88
-0.14
1.74
