-1.81
-1.31
-5.06
-1.31
0.83
1.61
-3.28
1.51
-2.71
-1.05
-2.30
0.69
-0.13
-3.99
2.93
4.84
-0.49
4.18
-0.93
-2.77
-0.09
0.92
-0.58
-3.90
2.51
-0.29
-3.36
3.97
2.67
1.51
1.15
-0.30
3.09
-3.01
-0.47
1.54
1.17
-2.19
3.44
1.69
0.75
-0.10
-0.10
-1.48
0.31
0.77
2.60
-1.55
-0.87
0.09
0.17
1.54
0.34
-0.49
-0.35
-0.64
-0.80
-0.51
0.44
0.23
2.15
-1.37
-1.86
-0.38
-2.48
0.14
0.79
1.65
3.70
0.89
-0.18
0.45
1.59
3.61
-0.93
1.11
-0.75
1.29
-2.17
-1.26
-1.34
1.64
-2.19
-3.18
-0.80
0.39
0.30
2.21
-1.11
-1.41
-0.94
0.83
-0.65
3.12
-0.63
0.57
-0.39
1.37
2.30
-0.97
1.75
-0.80
-0.03
0.22
-2.43
1.75
-0.69
-0.35
-1.71
-1.17
-1.48
-6.62
0.33
-0.60
-0.09
0.14
-0.05
-0.50
2.61
-5.67
-6.03
2.60
3.79
2.57
-0.87
-3.34
0.69
1.00
4.56
2.40
2.40
0.13
1.34
-1.02
-0.04
-0.57
-0.18
0.56
-1.41
0.46
0.52
0.33
-0.63
-0.59
-0.07
-1.09
0.38
-0.53
2.87
0.10
-0.57
-1.37
1.63
0.09
0.90
0.01
-0.48
-0.12
0.51
0.18
0.16
-0.25
0.22
0.57
0.68
1.01
1.81
-0.73
0.79
-0.91
1.10
0.71
-0.87
1.19
-1.77
-0.88
0.57
-1.10
1.10
-0.59
1.59
0.64
-1.19
-0.66
1.40
-0.07
-1.94
2.09
0.42
0.87
1.29
-0.90
0.01
0.38
-1.60
-0.14
-1.37
0.65
0.35
0.29
2.26
1.21
0.51
0.68
-0.01
0.05
-0.84
-0.23
-0.79
-1.09
-0.85
-0.40
1.08
2.38
-2.67
4.75
3.84
2.22
3.42
-1.92
-2.35
1.67
0.55
1.46
-0.75
2.46
-0.06
-1.57
-0.77
1.74
3.06
-0.70
0.83
1.30
1.98
1.15
-0.18
-1.14
0.03
-0.56
1.59
-0.76
0.41
0.64
-0.20
-1.38
0.55
0.09
-1.75
-1.22
0.15
1.87
1.61
-2.13
0.25
-1.31
1.76
0.18
-1.40
1.09
-2.79
1.05
-0.64
0.71
-0.54
2.14
-0.39
1.50
-0.62
-0.38
-1.60
0.14
-1.34
1.83
-0.34
0.56
-0.65
1.14
-0.16
0.71
1.29
0.83
-0.46
1.44
1.13
0.04
0.56
-0.86
1.13
0.21
2.41
-1.86
-0.41
-1.00
-0.19
-0.45
-0.31
0.09
-0.43
-0.04
-1.99
0.32
-2.19
-1.64
-3.61
0.04
0.12
0.02
-1.99
2.48
0.61
2.91
-0.55
-0.99
-0.63
-1.33
0.12
-0.82
-0.92
0.39
-0.81
-1.70
2.44
-1.33
0.01
2.21
-1.25
2.43
1.06
-2.94
-0.90
-2.34
1.48
1.09
0.04
0.00
-0.27
-0.18
0.24
-0.79
-1.85
-0.95
2.20
-0.57
-2.75
1.02
1.26
-0.80
0.89
-0.52
-0.51
0.35
-1.89
-1.74
1.30
0.15
0.37
-0.08
0.80
0.66
0.82
0.12
0.50
-0.60
1.57
-0.05
0.52
-0.62
-0.42
-0.61
-1.08
1.35
0.98
1.97
-1.82
1.41
1.14
-1.03
-0.71
0.47
-0.55
-1.23
1.43
0.47
-0.11
-0.40
-0.73
-0.23
-0.45
8.55
-0.93
-0.03
-1.58
-1.06
0.20
1.42
-0.20
-0.35
-1.31
-0.21
0.88
0.42
-0.43
-2.44
-0.31
1.76
-0.13
-0.39
-2.18
-0.56
-0.13
0.02
-0.18
0.17
0.07
-1.15
-1.01
0.44
-0.60
0.88
-2.05
1.03
-1.56
-0.03
1.09
0.65
0.80
-1.88
1.70
0.26
0.88
1.04
-0.27
0.44
0.66
0.39
1.36
0.23
0.64
1.49
0.52
-0.03
0.87
-0.06
0.30
0.00
-0.63
-2.49
0.91
1.75
-0.90
0.69
0.95
2.50
0.06
-0.22
1.40
1.92
0.28
-0.38
-0.27
-0.30
0.60
-0.92
0.76
-2.36
-2.23
-1.09
-0.23
-1.09
1.90
-0.55
0.78
0.50
-0.36
-0.78
0.14
-0.58
3.32
1.36
1.13
0.78
2.34
-1.03
-0.04
1.28
0.76
0.19
0.25
-1.55
-0.70
2.39
3.11
-0.57
-0.15
0.94
0.98
-0.58
-0.17
0.55
-0.72
0.03
-0.17
1.99
0.01
-0.62
0.88
1.43
1.24
0.97
-0.96
-0.03
-0.94
0.94
1.06
0.21
-0.43
-0.95
0.61
-0.29
-1.08
0.47
0.73
-3.01
-4.50
1.48
-0.33
-6.44
0.24
3.44
0.13
2.17
1.32
0.87
-1.08
-1.09
-0.74
2.45
1.73
-1.49
-1.33
-1.45
0.22
1.22
0.14
-0.42
0.53
2.69
-0.33
-1.63
-1.64
0.87
1.34
-0.71
0.02
-0.50
-3.60
-2.39
2.90
-1.53
