-0.11
-8.82
3.50
3.74
-6.98
-3.25
1.42
3.89
0.61
0.12
4.38
8.75
4.77
-5.83
5.60
0.46
-0.67
7.01
-0.92
-0.83
3.83
-1.28
-1.15
1.26
-6.36
0.82
0.61
-0.60
-2.48
6.39
-4.59
1.84
8.19
-10.58
2.34
-1.52
5.31
-1.52
4.27
5.05
0.54
-3.16
4.29
-4.56
-0.56
3.11
0.23
0.64
2.17
1.59
-0.78
0.04
-4.30
-0.09
-1.38
2.33
0.41
2.63
0.31
0.00
-0.88
0.84
-1.67
0.13
4.12
0.90
-2.43
3.84
-2.48
-1.68
0.96
1.65
0.30
0.17
-2.93
1.88
-4.17
2.33
5.52
-2.04
-0.76
3.59
-1.49
-0.17
1.47
-1.57
0.84
2.54
-0.53
-0.37
-2.42
-0.17
0.42
-2.93
0.09
-0.09
0.73
-0.17
2.96
-1.25
-0.34
1.52
2.92
0.28
-2.06
1.16
3.75
-1.57
3.48
-3.28
0.16
-1.75
-0.45
-0.57
1.07
1.91
1.35
-0.94
0.08
-2.02
-2.75
8.02
-2.31
1.38
0.35
-1.78
1.85
-1.63
0.08
0.63
1.21
-0.81
-1.91
-0.60
1.16
-1.62
-1.76
-1.18
0.70
-3.32
-0.04
0.25
0.97
3.44
-3.81
1.14
1.75
0.00
0.57
1.79
-3.24
-0.74
2.29
2.12
1.32
-1.30
-0.28
4.20
-0.38
-0.85
1.05
-1.54
-0.82
-0.67
-0.28
-1.27
-0.85
-0.69
-0.20
1.47
1.94
4.95
-1.66
0.92
-4.14
-0.48
-0.20
-2.96
0.21
0.70
2.94
1.31
-0.23
-1.53
-3.11
4.72
-0.08
1.30
-0.35
-1.94
1.90
-0.66
-2.94
-2.46
-2.15
0.93
-4.65
-0.88
-2.75
0.82
-2.40
2.22
-3.13
-1.22
-2.27
1.45
3.44
-5.22
1.75
-1.63
-1.36
-0.59
-0.45
2.59
-0.78
7.59
-2.09
-0.79
2.63
1.78
-2.69
-0.23
1.48
5.24
-1.95
2.87
-1.89
-0.48
1.36
-4.08
3.21
-0.74
4.28
-0.25
0.68
3.08
-2.25
-2.76
0.82
-2.73
-0.70
-3.75
0.23
-0.09
2.84
-0.62
2.20
1.58
-0.99
-0.79
2.73
-4.37
0.13
1.21
1.10
-3.49
0.36
-0.50
0.95
-1.57
-0.96
-0.18
3.74
-1.56
0.23
3.56
-0.17
1.00
-2.63
-5.72
1.03
-3.31
3.27
-0.09
10.73
-0.67
0.13
2.67
-0.66
-0.50
1.21
-1.44
-3.22
-0.04
-0.78
-1.44
-0.31
-0.36
-1.25
-1.22
3.24
-1.11
0.00
3.53
-0.95
-1.74
1.51
-0.70
0.70
-2.45
1.57
-1.72
0.36
1.57
-0.35
-1.64
2.70
1.44
0.09
1.51
2.51
-3.73
2.88
0.42
2.37
-0.57
2.25
-2.32
0.90
-0.04
-0.69
-1.84
0.83
-0.37
-0.50
2.00
-1.59
-1.45
2.82
-0.37
-0.78
-3.65
2.41
1.39
0.50
-3.18
2.94
-1.90
0.46
4.45
-0.28
-1.89
-0.33
-1.81
-2.52
-0.65
1.78
0.00
0.30
-3.10
0.13
0.48
-2.18
-1.20
-0.18
-2.53
-0.42
2.33
0.45
1.00
2.51
-0.44
2.59
-1.16
1.04
-0.94
-2.29
-0.84
-0.22
2.28
3.85
2.36
0.82
-0.08
1.39
1.05
0.20
-0.92
-2.57
0.00
1.69
0.89
0.80
1.32
-0.28
0.32
-2.40
1.41
-0.68
-0.08
-0.80
1.37
0.16
0.08
1.27
-2.47
1.97
-3.12
0.00
0.57
-1.38
0.82
1.06
-1.01
0.12
-0.65
0.57
-0.20
-0.04
-0.57
0.45
1.96
-0.32
0.32
-0.52
-0.36
0.44
-0.32
3.07
5.17
0.33
-0.15
-1.04
-2.52
0.23
1.15
0.30
1.25
0.26
-1.08
-1.17
0.31
0.46
0.64
0.83
0.26
-0.15
-0.04
-0.26
0.07
-0.71
-0.56
-0.15
-2.58
-1.05
-0.31
0.59
1.92
0.00
-1.19
0.74
-1.00
-0.55
0.20
-1.18
-1.23
-1.97
0.90
8.52
1.64
1.88
0.76
1.25
-0.11
1.95
-3.27
2.59
1.51
0.24
-2.06
-0.04
1.02
2.26
-1.29
0.21
1.27
-0.65
-0.38
-0.14
0.24
-0.75
-0.93
-0.38
-0.84
-0.99
-0.96
-0.11
2.09
-2.58
0.58
-1.80
-2.27
1.69
-1.00
0.56
2.78
-0.47
1.85
0.11
1.46
0.21
1.05
0.45
-0.41
-0.52
0.52
0.73
-3.98
1.57
1.69
-2.94
-0.18
-1.47
-0.22
2.18
0.89
-0.88
-1.74
0.76
-2.77
-1.37
-1.27
-0.57
-3.85
-4.41
2.16
-5.00
-1.54
2.74
0.85
-0.46
1.14
0.21
-0.67
0.13
-2.80
2.71
2.43
1.96
-2.81
-0.33
3.15
1.36
0.20
-0.47
0.87
-1.81
2.28
0.00
0.47
-0.27
-2.03
-0.24
-2.32
-1.39
1.33
-1.76
-1.88
1.96
-0.75
