0.24
-0.93
-2.29
-1.75
1.72
0.86
-2.52
0.70
-1.82
0.05
-1.10
1.05
2.20
-1.89
-1.51
-0.52
1.26
1.02
0.09
-1.82
-1.21
-2.33
0.50
2.10
0.63
0.07
-0.95
1.36
0.31
1.21
-1.50
0.03
0.91
0.20
2.33
0.55
-3.26
0.23
0.33
1.51
-0.78
-0.46
-1.81
1.88
1.39
-0.12
-0.10
-0.03
0.99
-0.08
-0.14
-0.45
0.52
-1.11
0.84
-1.35
0.82
1.70
1.51
-0.01
0.43
-0.33
-1.10
0.50
-3.02
-0.25
-1.71
0.99
0.90
-0.32
1.17
0.08
0.25
-0.61
-0.86
-0.99
1.06
0.72
-0.54
-0.22
-2.19
1.89
0.32
0.07
-2.42
-0.95
1.47
0.65
-1.63
-0.27
-1.51
0.89
-1.50
-1.61
1.00
-0.01
-0.48
0.39
1.38
3.58
-0.42
-0.21
2.52
-0.66
0.13
0.35
0.25
0.49
0.44
0.53
0.05
0.59
-0.65
1.01
-0.34
0.38
0.46
0.59
-0.69
-0.94
-0.84
0.87
0.95
-0.03
-0.59
-0.55
0.49
4.93
1.06
0.77
-0.26
0.30
0.10
-0.32
0.66
0.36
-0.05
-0.59
0.25
0.30
-0.24
-0.85
0.12
0.52
0.20
-0.63
-0.23
0.26
0.69
-0.18
0.27
0.26
-0.24
0.69
-0.18
-0.19
-0.27
-0.13
0.16
-0.05
-0.35
0.13
-1.62
-0.56
0.03
-1.23
0.08
-3.63
1.13
0.05
-1.53
-1.39
-1.80
0.66
-0.63
-0.03
1.31
-0.21
-0.37
0.25
0.35
0.29
-0.40
-0.88
-0.49
-0.69
-1.29
3.40
-0.98
-0.35
-0.33
-0.34
0.35
0.19
0.49
-0.36
-0.16
-0.05
-0.97
0.28
0.23
0.39
-0.71
2.11
-0.74
-0.01
-0.08
-0.73
-1.26
-0.82
-0.27
-1.24
-1.53
0.91
1.78
0.48
-0.06
1.81
1.77
-0.56
0.65
-0.62
-0.56
0.54
0.99
-0.70
0.18
-0.41
0.15
-0.90
1.09
0.23
-0.21
-0.50
1.88
2.43
1.34
0.39
-0.35
-0.49
0.70
0.19
1.90
0.24
-0.50
-0.59
0.01
-0.02
-0.64
0.07
-0.63
-0.24
0.02
1.97
-0.05
-1.14
0.43
-0.07
0.20
-0.01
1.20
0.28
-0.35
0.33
-0.75
0.40
0.29
-0.04
-1.23
0.73
0.43
-1.27
3.89
0.10
-0.77
0.29
0.54
1.51
0.61
-0.02
0.97
0.79
0.43
0.06
0.61
-0.24
-0.37
0.97
0.03
-0.25
0.38
0.07
-4.34
-2.07
0.16
-0.46
-0.28
-0.24
-0.50
0.42
0.79
0.31
0.45
-0.22
-0.39
0.54
-0.47
-0.53
0.08
0.37
0.40
0.27
-0.12
-0.59
0.33
-0.15
1.81
0.35
0.35
-0.34
-0.27
-0.78
0.51
0.25
-0.04
0.05
0.36
0.91
0.20
2.39
0.37
0.04
0.19
0.41
0.69
1.46
-1.23
-4.21
0.04
-0.77
-0.05
-0.22
0.40
-0.33
-1.08
0.91
0.55
0.44
0.04
0.31
0.99
1.79
0.60
0.84
0.11
0.19
0.61
-0.38
0.45
-0.43
-0.57
-0.41
0.46
0.67
-0.89
-7.19
-1.66
-0.88
0.15
-2.06
-1.66
1.95
-0.59
0.57
-0.93
0.79
-0.69
-0.50
-0.59
-1.90
-2.02
0.07
0.42
1.25
-0.42
-0.10
-0.88
-0.17
-0.17
-0.36
0.37
1.44
-0.71
0.28
0.24
3.68
0.76
0.98
-2.09
-0.93
0.84
-0.56
-0.14
0.01
0.80
-0.65
1.84
-0.74
-0.94
-0.01
1.04
0.42
-5.04
0.74
0.07
0.66
0.57
1.49
0.96
0.57
-0.18
0.26
-1.24
0.03
1.70
1.84
-0.38
-0.04
-0.86
0.40
0.80
-0.84
-0.12
0.64
1.07
0.21
-0.32
0.23
0.99
-0.49
0.08
1.13
-5.97
-1.58
1.46
0.64
-0.41
1.67
-0.65
-0.27
-0.52
0.58
1.46
0.79
0.15
-0.07
0.16
-0.04
-1.32
0.53
1.00
1.39
0.90
-0.84
0.75
1.70
1.33
0.06
-0.01
-1.42
1.17
0.00
0.76
0.66
-0.54
-0.50
0.58
0.60
2.23
3.89
0.38
2.39
-0.92
-0.32
-0.54
1.00
0.42
-0.30
-0.01
-0.93
3.32
-0.22
-2.07
-0.44
-0.38
-0.09
-0.04
-0.13
0.17
-0.27
1.18
1.20
-0.78
-0.71
0.39
-1.16
-0.47
2.14
1.30
-0.16
0.40
-0.41
0.41
0.99
-0.40
0.42
1.91
0.48
-0.30
-0.21
-1.54
-0.72
-1.28
-3.81
0.71
-0.98
-2.53
1.14
0.26
1.71
1.74
2.20
0.04
-1.80
-1.26
0.45
1.73
1.58
-1.41
0.42
-0.98
0.16
1.14
-0.01
-2.14
-0.89
1.56
0.42
-1.01
-1.51
0.48
0.19
-0.91
1.72
-0.68
-1.84
-0.99
3.53
-2.17
