1.86
-0.35
-1.34
-1.73
0.54
-0.52
-1.06
-0.88
-1.26
1.48
-3.76
0.06
2.21
-0.69
2.97
-0.14
0.05
3.50
-0.08
-0.85
1.32
0.84
-4.27
-1.76
0.03
-0.04
-1.69
0.45
2.61
-0.23
0.37
0.22
0.93
-0.27
-0.67
0.58
0.03
0.62
2.70
2.18
1.01
-0.10
-0.10
-0.01
0.22
-0.59
0.56
0.21
0.49
0.54
2.17
0.55
-0.78
0.45
-0.10
-0.57
0.88
1.50
0.02
0.68
-0.31
0.29
-1.31
0.54
-0.89
0.27
-0.69
0.22
-0.74
-2.22
2.17
0.43
0.05
-1.76
-0.80
1.51
1.54
0.08
-0.73
0.28
-1.87
1.94
-0.75
1.91
0.97
1.93
0.54
0.38
-1.03
1.24
-0.78
0.99
-1.15
-0.56
-1.98
1.05
-0.40
1.03
-0.44
0.26
0.40
-0.02
-1.30
-0.13
-2.30
-2.10
0.98
-0.70
0.31
0.00
0.99
0.28
1.66
0.75
-1.04
0.59
-0.01
0.96
0.97
-0.66
0.98
0.52
1.68
1.40
0.44
1.16
0.17
-0.27
0.46
0.14
-0.42
0.26
-1.95
-0.80
0.29
0.86
0.24
0.74
0.03
-0.44
-1.36
-1.84
0.52
3.20
-0.02
-1.93
-0.97
-1.01
0.14
1.09
0.32
-0.93
-0.77
0.86
2.04
-2.12
0.45
-0.09
-0.62
0.29
0.00
-0.91
0.90
-0.48
1.18
0.07
0.58
1.33
0.73
0.50
0.70
-2.39
-3.63
1.77
-3.58
0.97
0.51
-0.22
3.15
0.33
-4.10
2.13
0.69
0.94
-0.71
-0.28
-1.86
-1.27
-2.17
-1.12
-2.75
-1.12
-0.50
0.71
-1.58
0.81
0.50
0.00
0.12
0.08
0.65
-0.05
0.38
0.61
0.01
0.45
-2.56
2.32
2.62
-1.15
0.29
0.64
0.62
-0.48
1.02
-2.59
-3.00
-0.32
1.30
-2.50
1.18
-1.11
-0.59
-0.07
2.26
0.00
0.80
0.47
0.70
-0.69
-0.29
0.37
-0.24
-0.95
0.57
1.42
0.29
1.67
0.49
-1.88
0.38
2.15
0.61
0.36
-1.50
1.70
0.50
-0.18
-0.41
0.74
0.92
-0.01
1.45
-0.09
-0.47
-0.93
-1.57
-0.57
-0.17
-0.15
0.77
0.35
-0.35
0.47
-0.16
0.47
-0.43
0.48
-0.55
-0.64
1.56
-2.39
2.99
-0.40
0.91
-0.37
-2.34
0.07
-0.11
-0.55
-0.36
-0.60
1.21
0.24
1.17
-0.31
1.28
0.49
0.83
-0.34
-1.09
-1.33
-1.09
-0.47
-0.37
-1.41
-1.05
0.43
-0.39
0.46
2.39
-0.07
0.82
-0.99
0.04
-0.06
0.74
0.17
-1.05
-0.25
-0.40
0.04
-0.07
0.09
0.51
0.30
0.12
-0.50
0.47
0.62
-0.28
-0.40
1.55
0.15
-0.40
-0.09
-0.30
0.54
2.11
-0.23
-1.43
-0.46
0.06
-0.34
-0.41
-0.01
0.75
-1.10
0.11
0.67
-0.48
0.37
-0.40
-0.66
0.42
0.92
0.09
0.29
0.50
0.80
0.33
-0.79
-0.07
0.18
-0.23
1.84
1.68
-0.85
1.12
-0.06
0.43
0.02
0.82
0.42
0.72
0.67
0.09
0.07
-1.59
-0.50
0.38
-0.24
-0.98
-0.40
-0.26
-0.47
0.84
1.21
-1.82
0.61
-1.81
-0.53
1.44
-0.29
1.43
0.61
-0.12
1.61
0.18
0.84
-0.58
-1.28
0.96
-0.95
2.22
0.35
-0.59
0.26
0.06
0.17
0.15
0.37
0.32
-0.61
-0.86
1.28
-0.77
-0.27
-0.39
-0.62
1.70
0.10
0.54
-0.13
-0.09
-0.94
-0.38
0.95
-0.45
1.04
1.22
0.51
2.51
1.50
-0.82
-1.00
-0.93
0.70
0.48
-0.16
-0.36
-0.04
-0.26
-0.46
0.01
-0.30
-1.06
-0.24
-0.09
-0.43
0.03
1.27
0.36
-0.18
1.00
-0.36
0.43
0.81
-0.04
-0.35
-0.81
-0.56
0.08
-0.33
-0.03
-1.00
-0.07
-0.78
0.78
-0.18
0.16
0.20
-0.68
1.86
1.29
0.44
-0.19
0.30
0.57
0.20
-1.60
0.99
-1.31
-0.09
0.88
-0.68
0.77
-0.95
-1.08
-0.46
-0.34
0.54
0.21
-0.95
0.38
0.55
0.24
0.22
1.23
-0.96
-0.75
1.25
1.09
-2.70
-1.32
-0.56
1.22
0.26
0.35
0.30
0.35
-0.61
0.20
-3.26
-0.35
1.17
-1.30
-1.86
-1.22
-0.91
0.87
-0.01
-0.92
0.12
1.03
1.62
-0.71
0.69
-0.65
-0.99
-0.85
1.97
-2.38
-1.30
-2.82
0.84
-1.62
-2.03
2.50
0.54
0.83
-1.18
2.27
0.76
-1.99
-2.72
1.12
1.73
-0.82
-1.78
0.08
-0.30
-1.16
1.34
-0.62
0.49
2.29
1.50
0.23
0.47
0.97
0.17
0.82
-0.35
-0.76
-0.99
-1.16
-1.15
1.12
0.37
