-1.75
-2.05
-2.60
-1.91
-2.39
1.54
-0.86
1.32
-1.67
0.62
8.32
5.32
1.15
-1.75
0.65
-2.92
0.52
3.62
0.29
-0.89
0.65
5.39
-2.27
0.17
1.49
-0.20
-2.94
2.78
4.76
0.88
-1.04
-0.88
3.93
-0.51
-2.33
1.93
1.09
0.67
2.21
0.00
-2.10
-1.16
-8.98
-0.77
2.26
1.90
1.22
-1.97
-1.19
1.48
0.95
0.34
-0.27
-0.17
-2.26
0.66
-0.03
1.06
2.31
-3.45
1.55
-1.12
-0.58
-14.60
1.09
-3.71
0.79
-0.66
1.32
-0.12
0.16
-2.00
0.71
0.74
-0.25
0.78
-1.27
1.65
5.73
-2.85
-2.97
-0.78
-3.08
-1.53
-0.86
1.00
-0.39
0.26
-1.34
-1.88
-0.18
0.53
0.89
-0.40
-0.62
3.24
0.13
2.41
1.43
-0.62
0.12
0.08
-0.54
0.96
-0.87
1.67
1.15
0.00
-1.14
-0.53
-0.33
1.90
0.20
0.32
-0.24
2.67
0.28
-1.10
0.24
-5.16
-2.97
1.25
1.45
2.60
0.29
-2.24
2.05
1.72
2.98
-2.23
0.76
-0.59
10.61
-0.43
0.76
2.08
0.21
-0.11
0.14
0.91
0.59
0.24
-1.10
-0.21
0.10
-2.72
-1.40
-0.47
2.20
-0.54
0.29
0.14
-0.25
-0.25
1.01
-2.00
-14.92
1.07
1.57
-0.13
-0.63
-1.22
1.49
0.50
0.96
-0.25
-0.66
1.54
1.11
-0.08
2.11
-1.15
-2.82
-0.62
-0.29
-0.58
0.71
-0.04
1.59
-0.25
1.24
1.87
-0.28
-0.32
1.89
0.63
-0.74
1.54
-0.74
-1.25
0.36
0.63
-0.67
0.71
-1.92
0.08
-1.44
1.14
-0.48
1.61
-11.07
-0.45
-0.85
3.30
-0.09
-0.44
-0.26
-2.12
0.50
-2.78
-1.98
-0.61
0.00
2.75
0.55
4.12
2.16
4.18
1.28
0.82
1.09
0.76
-0.80
0.76
1.07
-0.67
1.90
-0.43
0.08
-1.21
-0.55
-0.40
2.23
1.68
2.34
0.64
0.04
0.45
1.00
-1.58
0.93
0.00
1.48
0.40
-0.65
-0.58
0.81
0.95
-2.71
-0.07
-2.08
0.80
2.82
-0.77
0.52
-0.55
1.29
0.33
-0.25
0.33
-0.51
1.20
-0.58
1.54
-1.98
-0.29
5.18
-1.08
-0.70
-2.08
-0.54
0.87
0.04
1.29
-0.39
-0.50
0.04
-8.01
0.31
-0.31
-0.58
1.45
1.08
1.07
2.45
1.55
0.40
-0.94
0.44
-1.42
1.84
0.40
-2.27
-0.88
-0.30
0.41
-0.63
0.71
-0.11
-1.26
1.24
0.33
-0.56
-0.15
-2.39
0.27
1.68
1.76
-0.15
0.18
0.15
0.22
-1.87
-1.23
-7.39
-0.94
1.82
0.12
1.22
-0.20
-1.80
-1.59
0.58
0.21
1.28
0.85
-0.60
0.36
0.28
-11.08
0.36
-1.22
-0.14
0.64
0.00
0.05
0.55
0.27
3.54
-0.76
0.48
-1.79
1.16
-0.84
-3.68
-0.14
6.41
5.93
-0.94
0.37
-0.08
-1.52
1.63
-1.95
0.82
0.42
0.41
1.24
-1.10
2.60
-1.93
0.90
1.34
-0.20
-2.13
-0.90
0.79
-1.23
1.58
1.60
2.09
-0.24
-2.33
2.23
-1.82
-0.56
-0.49
1.22
0.68
2.64
1.17
0.50
0.84
-0.65
-0.04
0.15
-0.04
0.34
0.80
-0.72
-0.46
1.11
0.26
-0.83
0.46
-1.89
0.93
-6.35
-2.04
0.83
0.50
-2.43
-0.93
-2.98
0.79
2.61
0.85
-0.21
-2.87
-0.87
-1.23
2.04
-3.56
5.18
0.43
0.17
-0.89
3.39
1.04
0.33
0.74
0.37
-0.81
-2.57
1.47
1.98
-0.93
-0.82
1.40
1.18
0.36
-1.32
-0.04
1.42
4.88
0.34
5.48
1.55
0.11
1.42
2.31
1.91
-0.81
-0.37
0.10
-0.10
-0.24
-0.61
0.51
-0.27
0.20
16.43
0.06
-0.97
0.15
-0.68
-3.42
0.92
-0.55
5.15
4.02
-3.22
-1.19
-0.18
6.37
-2.29
-2.68
-0.06
1.80
1.23
-0.73
3.35
1.40
0.27
0.70
-1.82
0.44
-1.47
0.72
-5.21
2.75
0.34
-1.79
-0.69
-1.24
1.46
-0.23
-0.69
4.60
1.91
3.34
2.87
1.28
-5.05
0.27
0.05
-1.11
0.72
-0.24
-0.67
-0.32
2.69
-0.66
1.93
-0.70
0.57
-6.61
-0.61
1.84
1.04
-3.37
2.81
-1.15
0.30
1.10
-4.55
2.74
-3.50
1.38
-1.28
-1.41
0.73
-0.03
-3.59
-3.31
0.50
0.93
-0.25
0.68
2.38
3.37
3.81
1.42
0.58
1.04
2.00
-1.30
0.00
-0.21
2.82
-1.25
-1.90
0.27
2.28
9.72
2.71
-0.07
-2.12
0.43
0.09
0.76
-0.47
0.92
-0.14
1.38
-0.51
-3.86
-2.30
2.63
-3.28
