-0.31
-1.49
2.56
-1.65
-0.25
0.67
-1.07
-0.12
-2.22
-0.54
0.10
0.06
3.35
0.46
3.01
-0.21
0.08
2.00
1.22
-0.13
-1.25
-2.35
-3.57
-3.04
-3.16
-0.90
-1.03
2.93
4.65
0.25
0.28
-4.03
1.06
-0.50
0.26
12.76
1.57
0.62
0.97
0.53
-0.42
0.28
-0.80
-0.74
-0.67
-0.26
0.87
0.85
-0.10
-0.05
0.82
-0.79
0.76
-0.73
-1.13
0.26
2.10
0.22
1.07
0.63
-0.48
-1.35
-1.62
2.19
-0.18
-1.44
0.19
0.06
1.37
-0.64
0.76
0.90
-0.49
0.56
-0.11
-0.18
-0.73
-0.10
1.01
-1.01
2.65
0.74
-1.80
-0.45
-2.17
0.26
0.67
-0.19
-2.53
0.35
-1.90
0.38
-0.43
-0.89
0.86
1.72
-0.92
1.23
0.08
0.00
0.61
-1.40
1.36
0.96
0.10
0.76
0.17
0.39
-0.02
-2.51
-0.15
-0.31
2.22
0.00
0.35
1.70
0.27
-1.42
1.94
-3.05
-1.74
1.43
2.08
1.41
-0.14
-1.04
2.06
0.19
0.58
0.08
1.58
-1.15
-0.61
0.72
0.49
0.37
0.85
0.41
-0.21
0.41
0.07
-9.54
1.25
-0.83
-0.36
-2.73
0.97
-0.26
1.91
0.51
-1.22
0.98
2.07
-0.65
-0.44
-1.14
-1.80
0.27
0.45
-0.86
1.63
-1.10
-1.47
-1.19
0.72
-1.95
-0.25
0.58
-0.75
-1.56
3.79
-0.58
-1.98
2.53
-2.04
0.80
1.35
0.13
0.25
-1.57
-0.39
-1.80
0.75
-1.34
-3.75
-1.90
-0.94
-0.71
1.05
0.24
0.68
0.24
-0.37
0.12
-1.62
0.93
-0.58
-0.32
-1.39
0.14
0.55
-0.49
0.00
0.19
-1.31
-0.21
4.08
-2.38
0.19
-0.72
0.54
-1.47
1.39
1.68
-0.14
1.04
-0.75
0.48
5.24
-0.17
-0.58
1.25
-3.09
0.76
2.47
-1.32
0.30
0.10
2.46
-3.53
0.87
-0.20
1.13
-0.04
0.09
1.09
0.19
-1.19
-0.69
-0.25
0.15
-2.06
0.88
0.19
-0.93
-3.17
-0.22
2.61
-0.58
-1.30
-1.92
0.64
2.96
-3.54
-1.00
1.19
-0.61
-0.87
-0.45
0.07
3.75
-2.36
-2.52
0.91
-0.05
0.63
2.01
-1.23
-4.14
1.53
0.38
-1.25
-0.30
-3.21
-0.08
-1.78
1.79
1.71
2.41
-0.02
1.00
-0.51
-0.59
0.96
0.31
-0.48
4.16
3.42
0.06
-2.31
-0.10
0.66
-1.45
0.33
-0.78
1.19
-0.71
1.65
0.29
-0.64
1.53
1.20
0.40
-2.05
-0.04
0.00
0.57
-0.09
-0.99
1.23
1.06
-1.09
-0.04
0.30
-2.18
-0.01
1.06
-0.80
0.54
1.13
0.20
-1.91
1.30
-0.01
1.51
1.56
-0.82
0.08
1.09
-0.36
2.60
-2.65
-1.90
2.07
-0.67
0.62
1.28
-1.03
0.05
0.01
-2.20
-1.28
-0.41
-2.90
-2.08
-1.39
-0.65
-0.94
-1.98
0.95
2.38
-0.01
-1.16
0.11
2.09
0.54
0.14
0.19
-0.20
0.66
1.27
1.06
1.10
0.17
0.44
-0.31
0.56
-0.69
-2.70
0.51
2.00
0.38
0.51
-0.48
0.32
0.50
1.02
-1.08
-2.19
1.04
-1.90
-1.00
0.94
0.23
-0.49
0.34
-0.80
0.91
1.04
1.70
-0.90
0.09
0.81
-1.53
-1.16
0.53
1.95
0.83
0.58
1.59
-0.21
0.26
-0.79
-3.45
-0.57
0.06
-1.29
-0.03
-0.60
-1.08
0.07
1.93
-0.64
0.57
1.30
-1.28
-0.72
-0.13
1.78
2.44
1.26
1.48
-0.99
-0.81
1.64
0.97
0.92
-1.13
0.73
-0.43
1.08
0.87
-0.67
1.34
0.99
1.18
1.96
-0.33
0.63
-0.17
-1.21
-0.25
-1.29
-0.21
-1.81
1.32
-2.65
0.08
0.11
-1.03
0.12
1.34
0.39
0.14
-0.82
0.87
0.09
4.34
-0.13
-0.47
-0.62
1.81
-0.90
0.40
1.64
-0.40
1.64
0.39
0.68
0.40
1.80
0.15
0.73
1.22
0.67
-0.52
0.38
0.14
1.91
1.09
-1.79
-0.24
0.75
0.63
0.40
1.15
0.72
-0.62
0.88
0.31
-0.69
0.87
2.37
-2.07
1.64
-0.18
0.62
1.21
0.27
0.29
-0.09
0.31
-1.09
0.70
-0.22
0.23
-0.43
0.59
0.65
0.37
-0.93
1.08
0.24
1.01
-0.88
1.39
-1.18
1.70
-0.76
-0.01
-0.81
0.48
0.57
-0.56
-2.36
0.47
1.95
-3.20
0.73
1.36
0.58
1.37
0.40
-0.61
-1.85
1.25
0.78
-0.27
1.58
-4.72
-0.26
-0.56
0.60
-0.79
1.73
-1.39
-1.68
-0.09
-2.02
-0.04
0.70
-1.79
1.02
-1.74
-0.61
-0.41
-2.71
-1.75
1.89
-1.61
