0.10
-1.22
-1.34
-4.50
-3.18
1.58
-3.12
-3.22
3.68
-3.44
6.76
-1.78
-0.34
-0.11
1.70
-2.91
2.53
3.37
1.74
-3.31
0.77
-1.97
-3.91
7.79
-0.65
-0.65
-4.15
4.22
2.19
3.00
0.31
-3.21
0.54
-1.38
3.13
3.25
-0.91
0.20
-6.64
7.77
1.83
-1.30
0.91
-5.61
-2.12
-3.58
8.76
0.93
-1.23
-1.14
2.94
2.14
-2.09
-1.22
-3.81
-1.29
-4.13
7.70
-3.36
4.68
-2.29
-2.45
0.11
-1.85
-1.11
-1.91
-0.69
1.15
3.08
7.62
-0.82
1.76
0.61
-0.71
-1.53
1.65
-0.92
1.03
-10.77
-1.48
-3.47
0.84
-0.71
-2.63
-1.23
0.25
-4.09
32.73
-6.92
-1.99
-1.60
1.09
-2.15
-1.32
0.56
2.21
0.22
1.62
2.23
-0.42
2.71
0.00
5.18
0.29
-1.16
0.19
0.58
1.64
2.47
-0.46
-1.96
-1.33
2.31
0.28
1.97
3.13
0.89
0.62
-0.88
-3.73
-6.18
2.36
5.28
2.92
0.80
-5.01
0.65
4.51
3.26
2.47
2.25
0.16
-0.81
-0.33
-0.16
-3.62
1.62
-1.34
-1.79
-1.99
2.57
-0.60
-0.95
-0.70
0.97
-3.85
-23.27
0.00
-1.18
0.36
0.00
0.24
0.83
1.89
0.93
-1.15
-0.12
0.58
0.69
0.34
1.95
-1.69
-0.57
-1.15
5.23
-2.65
-1.93
-1.74
0.35
-1.29
2.97
-0.58
-0.81
2.11
-2.98
-4.14
2.22
-0.72
0.24
-0.48
2.80
2.37
-1.74
-2.83
0.73
0.36
-0.72
0.24
-0.60
4.36
1.51
-1.95
-0.82
2.00
-3.81
1.68
-2.00
-0.36
-2.42
0.00
0.87
-1.10
-2.48
0.25
-1.52
-1.16
0.13
1.82
-1.66
-0.52
-3.14
0.81
0.94
1.33
2.23
-2.43
-0.33
12.57
-1.05
-0.95
-2.86
0.25
1.59
-1.09
2.20
0.36
-0.12
-5.24
-6.66
-5.79
2.71
2.50
0.81
-0.27
2.83
0.52
-0.65
-4.86
1.52
-2.45
0.14
-1.25
0.85
-0.14
-0.84
-4.52
0.59
1.03
0.00
-0.29
0.15
1.31
2.73
-0.84
-1.13
0.86
1.70
-0.42
-1.40
0.28
0.71
0.84
-2.79
2.58
-1.26
1.70
1.81
-1.50
0.14
0.14
0.97
-0.14
-4.53
-2.73
0.59
-2.20
1.65
3.40
1.57
1.41
1.39
-1.50
-2.78
-0.29
-0.72
-1.01
-1.75
-1.19
0.75
-0.89
3.76
4.49
-2.08
0.99
-4.91
0.00
-1.33
0.60
-1.19
-2.56
1.23
2.59
1.04
-0.44
-3.47
-0.69
2.62
0.00
1.20
0.89
2.21
0.86
0.86
-2.12
-2.46
-2.67
-0.15
-1.07
-1.54
1.56
-2.62
-3.64
0.82
-0.65
-0.66
2.15
-1.62
0.66
0.98
0.65
2.89
-2.81
-1.28
0.41
-0.57
-0.16
-3.10
0.17
4.20
17.42
-4.67
-1.44
-4.82
0.61
-3.66
0.32
2.21
0.93
-0.15
-1.38
0.62
1.85
4.70
-1.01
2.20
-0.57
0.07
-1.58
-1.10
0.89
4.99
3.07
-0.54
1.23
-0.27
-2.29
1.66
-2.58
0.42
2.08
0.68
2.70
-0.13
1.32
0.39
-0.13
2.20
-1.40
-3.86
1.74
-0.26
-0.40
-0.66
0.53
-0.53
0.53
-0.27
1.86
1.57
0.13
-2.44
4.87
-1.38
0.76
0.38
-0.13
-0.38
-1.77
0.06
2.12
0.63
1.25
5.07
4.71
3.48
2.06
0.53
-0.21
-2.55
-3.37
-2.59
0.92
-0.57
1.96
0.68
1.01
-2.22
-0.11
1.65
0.84
-0.89
0.22
7.04
-2.19
0.64
-1.27
-0.97
-1.19
-0.11
1.21
0.22
0.22
-2.38
0.11
2.88
0.86
1.28
0.63
1.46
0.00
-0.41
0.41
-0.52
0.93
0.00
1.64
-3.33
-0.84
0.42
0.21
0.94
0.52
-0.10
8.47
-1.81
1.84
-0.10
0.48
0.76
-1.04
-2.95
0.00
-1.81
-8.74
5.36
-9.09
13.88
5.92
0.00
-0.95
0.96
1.33
0.09
-1.31
3.97
1.18
-0.81
-1.18
0.37
1.55
-1.62
-1.65
0.28
-0.83
-1.12
2.08
1.02
1.19
0.45
1.81
-3.01
14.44
3.04
0.16
-1.70
2.28
-0.08
1.31
-1.22
0.08
-2.77
2.61
-0.54
-1.55
-3.94
8.44
2.04
-0.37
1.19
0.07
-1.62
2.16
-0.73
2.72
1.79
1.34
-2.78
-1.43
0.14
-0.36
-0.29
-1.60
2.00
-2.25
-4.19
0.74
1.23
-4.03
1.98
-1.09
1.26
3.02
-0.23
-0.08
1.74
-0.37
2.38
-0.15
6.85
-4.09
-13.01
5.56
5.50
-0.81
3.18
2.65
-1.47
0.50
0.28
0.63
-0.84
0.85
3.91
0.94
2.20
1.37
-0.32
-0.58
3.31
0.00
