-0.45
-1.07
-2.31
-2.48
1.98
0.32
-2.96
0.24
-4.22
0.97
-3.98
0.00
2.05
-0.86
2.37
-1.22
-1.39
2.96
-1.30
-2.77
1.18
1.90
-2.76
0.17
-1.22
-0.62
9.64
1.74
2.91
2.40
-0.11
0.45
0.30
-1.92
0.77
1.06
-0.71
-0.87
2.48
0.26
-0.11
-0.26
1.27
-0.33
2.07
-0.83
1.75
-0.57
-0.14
0.80
1.11
0.50
-0.49
0.32
-1.59
0.47
-0.21
0.72
1.28
0.04
0.77
-1.92
-1.99
1.52
-1.43
0.33
-0.25
0.07
2.13
0.07
-1.24
1.04
0.50
0.39
-0.70
-0.32
0.28
0.78
0.67
-2.37
-1.68
-0.44
-1.86
-1.56
-0.87
1.22
-0.08
1.96
-1.22
-0.11
-0.52
1.66
-1.19
0.26
3.18
1.45
-0.11
1.90
1.58
-0.07
0.07
0.45
-0.52
0.62
0.17
-0.10
-0.10
0.24
0.00
-0.38
-0.65
0.42
-1.07
0.77
0.28
-0.52
-0.10
-0.17
1.74
-5.03
-1.59
1.76
1.69
1.52
0.38
-1.63
1.38
0.07
1.81
0.58
0.61
0.47
0.03
0.20
0.30
0.03
2.37
-0.16
0.43
0.26
0.29
-0.39
-0.78
0.03
0.66
-0.36
0.33
0.26
0.78
-0.10
-0.23
-0.29
0.32
-0.26
1.04
-0.22
-1.29
-0.78
0.13
0.36
1.14
0.26
0.74
0.19
0.73
-0.13
-0.32
0.45
0.79
0.13
-0.25
-1.01
-1.97
1.91
-1.21
-0.19
1.00
-1.50
0.58
0.26
0.84
0.96
-1.01
-0.86
1.32
0.06
-0.35
1.05
-0.69
-0.48
0.77
-0.35
-0.03
0.00
-1.37
-2.26
-0.56
0.03
0.13
0.73
-0.30
-0.63
-0.03
1.03
-0.39
0.69
-0.56
0.69
0.29
-0.65
-0.30
-0.23
-0.43
2.48
0.19
1.16
-1.15
1.16
0.03
1.05
-0.41
-4.81
0.43
-0.43
-0.53
-0.60
1.28
-0.56
-0.30
-0.03
-1.24
-0.68
0.96
-0.68
2.11
0.00
0.37
0.37
1.39
-0.42
0.56
-0.13
0.52
-0.62
-0.46
0.13
0.23
0.49
-0.85
0.13
-0.79
1.06
-1.44
0.23
0.20
-0.17
0.66
-0.76
-0.36
0.10
-0.27
0.13
-0.17
0.40
0.56
1.09
0.33
0.13
0.78
-0.48
-0.36
-0.72
2.23
0.45
-0.06
0.48
-0.57
0.74
0.03
1.46
1.06
1.58
2.38
0.42
1.16
-0.12
-0.15
0.82
-0.17
-0.23
0.76
-0.15
-0.29
-0.29
0.03
-0.53
0.15
0.56
-0.47
0.06
0.35
-0.03
0.00
0.15
-1.17
0.65
-0.41
0.35
-0.26
0.09
-0.82
0.00
0.18
-0.65
-0.51
-1.23
0.24
-0.36
0.15
-0.27
-0.91
-0.61
0.59
0.18
-0.06
0.55
-0.03
1.40
0.42
-0.06
1.05
0.92
-0.28
0.78
0.06
-0.20
0.61
-0.29
-1.14
-0.47
-0.33
-0.54
2.33
0.20
-1.37
-7.24
-0.54
1.22
0.54
-0.85
-0.16
0.19
0.57
-0.47
0.92
0.50
-0.69
-0.63
0.16
0.02
-0.77
-0.40
1.46
-0.32
-0.06
0.13
1.17
-0.44
-0.03
0.03
0.78
0.44
-1.49
1.01
-2.09
-0.35
0.10
-0.70
-1.24
0.57
0.26
0.36
0.23
0.35
0.48
0.25
0.03
1.24
-0.13
-0.06
0.06
0.82
-1.43
-0.28
-0.16
-0.22
0.64
-0.41
0.13
0.76
0.13
-0.53
-0.16
-1.96
1.52
1.18
0.79
0.78
-4.02
-2.16
1.02
1.92
-1.12
1.03
0.64
0.32
-0.19
1.62
0.69
0.34
-2.17
0.79
-0.35
-0.88
2.30
0.64
-0.71
0.03
0.78
0.25
-0.09
0.34
0.31
2.05
1.05
0.12
-0.83
-0.39
0.84
0.36
0.30
-1.21
0.45
0.48
0.03
-0.62
0.12
-0.98
0.63
0.21
0.18
-0.15
0.60
1.48
0.29
0.67
-0.81
-0.09
0.47
-1.13
0.32
1.38
-1.18
0.76
-0.17
-0.03
-1.02
-0.18
-0.12
0.27
0.21
5.19
0.06
1.67
0.41
-0.55
0.11
1.04
2.33
-0.66
-0.48
0.80
0.32
-1.09
0.27
-0.03
0.56
0.93
-0.13
0.63
-0.66
0.77
0.76
-0.47
1.15
-0.54
0.05
-0.18
0.21
0.08
-0.75
1.46
0.80
-0.46
1.38
1.04
-0.63
0.55
0.48
1.92
-0.81
1.63
0.24
-0.02
0.90
1.06
0.17
-0.64
1.58
0.68
-1.40
-1.68
0.39
-1.85
-4.50
2.76
0.42
-3.99
2.01
2.76
1.55
2.09
4.73
0.57
-0.61
-1.70
-0.85
2.47
3.09
-0.71
-0.58
-2.19
0.59
1.04
-0.52
-0.20
0.32
2.32
0.40
-0.86
0.27
0.11
-0.71
-1.64
0.23
-0.14
-2.80
-1.51
3.87
-3.13
