-0.84
0.60
-4.14
-1.76
-1.16
2.79
-4.97
0.16
-1.60
-0.35
0.65
-1.62
3.09
-2.06
3.24
-3.36
3.96
2.85
0.62
-6.53
2.75
-1.40
-4.75
-1.22
-1.33
-0.08
0.16
3.09
2.11
5.41
-0.97
1.06
0.88
-1.62
1.19
2.92
-0.10
-1.24
6.27
-1.40
-0.11
0.61
1.18
-1.75
1.49
0.84
1.03
0.47
0.17
0.14
0.14
-0.14
1.23
-0.09
-1.67
0.04
-0.10
1.83
-0.27
1.02
1.22
-0.34
-0.96
1.13
-2.70
1.60
0.06
-0.51
1.98
1.39
-0.32
1.02
-1.51
0.47
4.36
-1.34
-0.13
0.48
0.85
-2.21
-0.26
1.01
-2.40
-0.61
0.07
1.22
0.21
2.52
-0.98
0.35
-0.83
0.91
-0.83
0.53
-0.60
1.18
0.56
2.64
-3.20
2.07
0.75
-0.68
1.05
0.79
-1.39
0.96
1.37
1.02
-0.57
-1.89
-0.57
-0.22
-1.00
-0.08
-0.72
1.59
0.12
-0.15
1.46
-6.72
-4.38
2.90
1.74
-0.67
0.34
-1.37
0.39
1.41
3.53
-0.36
0.88
0.14
0.95
-0.06
-0.13
0.42
1.06
-0.90
2.18
1.38
1.19
-1.51
1.23
0.08
-2.82
-3.64
1.61
-1.00
1.24
-0.06
0.21
0.56
1.83
-0.02
0.34
-0.93
0.39
1.03
-0.33
-0.16
0.97
-0.28
0.25
-0.17
0.47
-0.75
-0.77
0.09
-0.34
0.64
-0.37
-1.12
-3.51
1.01
-0.81
-0.17
0.76
-1.06
0.48
-0.22
1.59
0.77
-0.29
-0.41
0.82
0.91
-1.27
0.33
-1.24
-0.06
1.01
-0.06
-0.72
0.47
-1.92
0.31
0.07
0.30
-0.56
2.59
1.15
0.05
-1.32
1.14
-1.47
-1.18
-0.64
1.39
0.33
0.22
-1.40
-0.42
-0.24
2.73
-0.33
0.83
0.90
-1.35
-2.35
3.00
0.72
1.51
-1.32
1.34
0.50
-0.84
0.72
-0.96
0.55
-1.38
-1.45
0.18
3.94
-1.54
1.67
1.03
-0.76
-0.50
1.78
0.00
1.45
-1.17
0.84
0.31
0.36
-1.75
0.43
0.14
-0.98
-0.07
-0.79
0.92
0.16
-0.03
0.85
-0.24
-0.15
1.01
-0.51
0.77
-0.98
2.93
-0.99
0.39
-0.58
2.08
1.45
-6.50
0.83
0.96
0.07
-21.88
5.21
2.33
-0.52
1.77
0.05
0.94
0.17
0.29
0.19
1.56
-0.27
0.70
0.34
-0.74
-0.30
0.31
-0.02
-1.51
2.31
-1.78
0.78
-0.36
0.30
0.03
-1.11
0.63
6.79
-3.43
0.60
0.07
0.18
-0.28
-1.19
0.85
1.45
-0.30
0.52
0.50
-0.48
0.62
-0.86
0.06
-0.17
-0.41
0.12
0.11
0.35
0.29
-0.81
-0.05
0.58
-0.38
0.13
0.53
-0.69
1.54
-0.38
0.08
-3.19
-0.61
1.00
-0.56
7.09
-0.57
1.07
-0.33
-0.42
0.20
0.14
-1.37
0.48
-1.74
-2.46
-0.18
0.18
0.25
-1.07
0.29
1.03
-0.79
-0.41
0.47
0.39
0.69
-0.13
-0.56
0.51
-0.07
-5.88
3.23
-0.12
-0.97
-0.89
0.83
1.86
-1.30
0.41
0.62
0.27
-0.16
-1.00
0.96
-2.12
0.09
-1.01
0.79
-0.92
0.76
0.83
-1.71
2.38
-0.10
0.80
0.54
-0.27
1.93
-0.24
-0.87
-0.34
0.26
-0.33
-2.18
-0.04
-0.92
0.80
-0.63
-2.04
0.85
0.40
-2.19
-0.69
-2.03
-0.08
1.65
-1.17
1.80
-2.33
0.25
0.51
1.23
-0.95
0.08
0.03
0.31
1.08
0.75
1.58
0.40
-1.95
-0.83
-1.30
-0.29
1.52
0.29
0.86
-0.69
-0.54
0.33
0.01
-0.01
-0.25
-0.07
-0.66
-0.24
1.22
0.29
0.16
3.49
-1.25
-0.27
1.76
-0.26
1.45
0.73
-0.79
0.91
0.21
0.17
0.47
0.34
0.57
0.91
-0.41
0.05
-0.91
-1.49
1.85
-0.37
0.27
-0.46
0.16
3.08
-0.66
0.17
-0.53
0.23
0.05
1.14
-1.29
1.81
1.02
-0.44
0.50
0.14
-0.50
-0.12
1.79
-0.79
0.72
0.82
-1.79
0.50
0.22
-0.25
0.48
-0.65
0.23
-0.08
-0.11
0.55
0.27
0.10
0.32
0.00
-0.29
0.06
0.58
0.21
-0.71
0.78
1.08
1.17
0.86
-0.56
0.24
-0.41
-1.11
0.26
-0.09
1.37
0.21
1.47
1.21
0.18
-0.24
0.23
0.74
-1.08
-1.06
0.08
0.72
-1.33
-2.86
-0.48
-1.71
-3.53
1.36
1.32
0.09
2.96
1.73
0.24
0.62
-0.44
0.25
1.31
0.15
-0.62
-0.40
-1.29
1.29
0.79
1.00
0.77
0.22
0.99
0.39
-0.29
-0.36
0.23
-0.37
-0.63
0.02
-0.11
-1.20
-1.84
2.39
-1.42
