0.29
-1.22
-1.44
-0.66
1.45
0.81
-1.65
1.49
-1.69
1.24
-0.99
0.38
1.23
-1.64
-0.03
0.32
-0.90
3.32
0.76
-2.45
0.45
-0.78
-1.62
-3.71
0.96
2.87
0.82
2.12
1.13
0.77
-0.82
0.72
-0.13
-0.73
0.13
1.57
-0.75
-0.50
1.16
0.34
0.76
-0.10
-0.87
0.63
1.49
-1.17
1.03
0.66
0.16
-0.20
0.13
0.46
0.16
0.20
-1.18
0.68
0.40
0.62
1.54
-0.31
1.05
-0.32
-1.24
0.20
-2.37
0.53
-0.69
0.46
-0.10
-0.02
1.12
0.25
0.94
-0.92
-1.26
0.22
0.50
0.88
-0.15
-1.45
-0.70
0.95
2.43
-0.02
1.20
-0.29
0.85
0.34
-1.83
0.66
-1.13
0.85
-2.33
-0.58
-0.56
-1.48
-1.40
-0.70
0.17
-0.62
-0.01
-0.51
0.13
-0.19
-0.17
0.07
0.32
1.75
-1.34
-0.33
-0.92
0.64
-0.38
-0.51
-0.72
-1.70
-0.02
0.56
0.31
-0.51
-0.32
0.49
0.76
1.41
-0.77
-0.02
1.14
-0.58
1.30
0.10
-0.39
1.21
-0.17
-0.38
-0.23
0.03
0.10
-0.05
-0.41
-2.60
-0.20
-1.19
0.71
-0.72
0.83
4.89
-0.64
-0.47
0.41
-0.20
0.28
-0.35
-0.11
0.44
0.15
-0.02
-0.01
-0.38
-0.19
1.03
-0.74
-0.10
-3.49
-0.55
-0.19
-0.31
0.66
-0.03
0.50
-0.51
0.27
-0.53
-1.71
0.57
-1.21
-1.64
0.79
-0.03
-1.05
0.92
0.30
0.34
0.03
-0.75
0.71
-0.42
-0.70
-0.63
-2.14
-1.00
-0.02
0.34
-0.10
0.50
-0.50
1.24
0.61
0.91
-2.41
0.61
-0.91
1.04
0.13
0.67
-0.67
0.18
-0.43
-4.39
0.89
-0.77
0.60
-2.84
0.91
1.31
-11.82
4.12
0.94
-2.83
1.21
-1.26
-0.64
-0.39
-0.31
0.22
-0.82
0.11
0.53
0.97
1.47
1.33
-0.17
1.12
0.48
1.83
1.40
-3.01
2.59
-0.50
0.53
-1.48
-0.85
1.62
0.47
-0.11
0.01
-1.33
0.44
0.19
-0.32
-0.05
-0.11
1.82
-0.75
2.09
0.96
-0.61
1.19
0.12
-0.21
-0.75
2.37
-0.45
-0.41
-1.97
-0.38
0.65
-2.80
-0.20
-1.99
1.20
0.17
-1.07
-4.07
0.88
0.81
0.38
0.88
0.36
1.58
0.22
-0.04
0.94
0.05
0.30
0.09
0.50
0.87
0.77
-0.09
-1.02
0.15
0.81
-0.41
-0.21
-0.05
0.28
-0.42
-0.37
0.05
-0.68
-0.20
-0.21
-0.85
-0.08
-0.27
-0.19
-0.20
0.24
0.03
0.13
0.19
0.11
-0.44
-0.57
-0.23
-1.08
-0.03
0.09
0.95
0.46
-0.27
0.00
0.99
-0.61
-0.54
2.06
-0.19
0.97
2.64
-0.20
0.96
-0.42
-0.58
-3.61
0.89
1.79
-0.09
-0.01
0.06
-0.20
1.66
-2.52
0.32
-1.68
-3.53
0.38
-0.39
0.03
1.22
-1.10
-0.62
0.91
0.17
0.08
1.90
0.97
-0.33
-1.13
0.33
0.35
1.63
-0.04
0.21
1.19
-0.88
-3.78
1.35
-0.41
0.49
-1.20
0.25
3.50
0.46
0.94
-1.21
0.24
0.20
-1.19
-1.19
-0.09
-0.64
-0.64
-0.24
0.61
0.01
0.47
-0.38
-0.78
-0.30
-0.17
0.09
2.35
-0.79
0.80
1.05
0.23
-0.29
0.06
-1.44
-0.80
1.47
-0.70
1.09
-0.37
0.34
-0.14
-0.24
0.18
-0.45
-1.56
-0.03
0.15
-0.19
-2.86
-0.05
0.15
0.83
0.38
1.26
0.75
0.99
1.51
0.66
-0.86
0.00
3.40
0.79
-0.53
0.64
0.17
-0.25
-2.89
-1.41
0.09
2.19
0.34
-0.22
-0.26
0.07
-0.68
0.17
-1.04
1.04
-4.92
-3.41
0.55
-1.08
-0.16
-1.60
-0.22
0.26
2.02
0.72
2.49
-0.76
0.13
-0.64
-2.93
-5.89
-0.78
0.12
0.69
0.55
-0.19
-3.54
3.22
0.10
2.85
0.69
-1.45
-0.91
0.66
0.60
-0.42
1.59
-0.03
-1.30
-0.21
3.27
0.96
4.36
-1.93
-4.57
-0.95
0.52
-0.41
2.81
-0.01
-0.31
-1.69
-1.14
3.22
-1.93
0.89
1.73
1.47
-1.65
0.37
-1.25
0.40
-0.75
1.41
-0.44
2.64
4.42
-0.87
-0.10
-0.32
2.04
-0.30
0.84
0.08
-0.19
0.64
1.36
-0.63
0.60
0.82
0.53
1.98
-4.11
-1.87
0.13
-2.97
-4.09
0.95
0.45
-5.11
-1.64
0.69
0.34
-0.46
1.00
2.00
-1.72
-2.69
-1.11
0.24
0.10
0.03
-0.76
-0.86
0.46
1.26
-0.97
-0.21
1.26
1.33
-0.38
-1.10
-1.76
-1.77
-0.32
-3.08
-1.08
-0.83
-1.01
-1.51
1.22
-1.62
