0.86
-3.95
-3.54
-1.07
-1.66
1.71
-1.00
5.09
-2.11
-2.58
-3.10
2.62
3.07
-3.17
3.99
-0.99
3.16
0.64
-1.36
-4.75
4.16
0.20
-2.25
3.75
-3.57
0.14
-0.06
2.94
-0.73
4.13
-1.79
-0.27
2.68
-4.40
0.42
0.04
-1.11
-1.08
3.22
1.17
0.45
0.46
3.12
-2.13
4.60
1.21
0.68
-0.34
0.01
1.20
1.56
0.83
-1.28
-0.97
-2.00
1.35
-0.18
0.68
-0.07
0.16
-1.19
-0.88
-0.81
2.34
-0.05
1.62
-1.13
2.38
0.09
0.39
-0.77
1.51
1.82
1.18
-0.29
0.60
-0.49
0.77
1.53
-1.40
-0.21
1.11
-1.93
-0.72
0.83
0.43
-1.48
0.92
-0.13
0.97
-1.35
1.54
-1.51
-0.68
-0.21
-0.06
-0.41
0.82
1.58
-0.27
0.51
-1.00
0.13
-0.59
0.13
0.51
2.13
-0.22
-0.27
-0.81
0.12
-0.80
-0.64
0.44
0.49
1.02
0.61
-0.92
2.10
-2.43
-1.51
1.27
1.76
1.36
-0.65
-0.56
0.98
-1.46
1.67
0.59
1.32
-0.12
0.05
0.31
-0.88
-0.05
-0.42
-0.19
0.26
-2.45
-0.38
-0.41
-0.46
0.68
-3.29
0.48
1.02
-0.22
0.12
0.69
0.12
-1.16
1.26
0.75
0.60
-0.15
-0.39
1.30
-1.19
-0.37
-0.26
0.51
-0.30
-0.56
0.72
-0.34
-1.10
-0.37
0.72
1.49
0.44
1.21
-2.74
0.97
-2.76
-1.02
1.10
-1.67
0.20
-0.35
1.98
0.35
-0.76
-0.44
0.20
3.20
-0.86
1.63
-0.46
-1.15
0.95
-0.05
0.09
1.67
-0.90
-0.86
-1.33
0.29
0.28
0.42
0.47
-0.39
-0.56
-0.63
0.11
0.42
-1.26
3.90
0.90
1.65
-1.02
0.00
-0.58
1.98
0.41
0.33
0.14
-1.07
-0.05
2.22
-0.56
-0.21
1.00
0.90
0.40
0.34
0.00
-0.45
-1.05
2.03
1.55
-0.26
0.22
-0.43
1.49
0.64
0.56
1.16
0.23
-1.24
0.94
0.88
-0.36
0.25
-0.03
0.73
-0.29
-0.17
-0.26
-0.08
-0.10
0.13
-0.03
-0.43
-0.40
-0.86
-0.76
0.84
0.20
0.19
-0.09
-0.29
-0.31
0.02
-0.18
0.85
0.75
-0.59
-2.37
-1.73
-0.42
-0.31
1.09
1.21
-0.52
-1.41
0.17
0.61
0.70
0.76
-1.22
0.04
-1.68
-0.32
1.26
-1.20
0.58
-0.81
1.48
0.67
1.23
-0.46
0.17
-0.33
-1.20
-1.97
0.39
0.52
-1.14
-1.82
1.42
-0.94
-0.17
-0.02
0.35
0.32
-0.48
0.11
-1.58
0.84
0.84
-0.27
-0.38
0.40
0.80
-0.02
0.60
-0.39
0.52
-0.42
0.00
-2.63
0.07
-0.46
-1.37
0.62
0.01
0.99
0.76
-0.61
-0.58
1.17
-0.73
-0.53
1.29
-1.79
0.94
0.84
-1.50
1.35
-0.27
-0.24
0.84
0.37
-2.38
0.45
1.28
-0.38
0.14
-0.05
-1.05
-0.37
-0.63
-0.56
0.76
-1.11
0.08
0.95
-0.38
0.22
2.31
1.54
0.08
-1.41
-0.25
1.90
-0.82
-0.91
-1.87
-0.04
0.53
-0.82
-0.07
0.20
-0.15
0.20
1.89
-1.58
-0.76
-0.32
-0.43
0.08
0.75
0.23
0.30
-0.22
-0.47
0.71
0.16
-1.32
-0.05
1.15
0.70
0.94
1.89
0.99
1.46
-0.29
-0.93
0.62
-0.30
0.52
0.49
-0.70
-0.80
-0.48
-0.13
-1.59
-0.86
0.53
-0.66
0.55
0.24
0.78
0.74
-0.43
0.09
-0.12
-0.10
1.06
0.63
2.15
0.01
-0.91
1.57
-0.03
1.50
0.24
0.16
0.49
1.00
0.03
0.09
0.70
0.60
-0.40
-0.06
0.14
-0.10
-0.06
0.33
-0.20
0.85
-1.31
0.58
0.93
0.45
-0.16
0.02
0.81
0.07
-1.72
0.04
0.37
0.24
0.25
-0.60
-0.06
-4.14
0.75
1.31
0.01
-0.49
-0.29
1.78
0.17
0.00
-0.05
0.04
-0.26
-0.40
-1.61
0.12
0.01
0.39
0.64
0.52
-0.79
0.74
0.63
1.54
0.44
1.11
-0.37
-0.65
0.02
0.24
0.42
-0.61
0.21
-0.33
0.17
-0.03
0.12
0.88
3.25
0.13
0.80
-0.34
0.02
-0.31
1.91
0.73
-0.31
-0.16
0.49
-0.54
0.64
3.04
0.78
-1.19
0.27
-0.58
-0.22
0.96
-1.16
0.28
-0.56
0.41
-2.07
-2.53
0.10
0.18
-5.57
-5.03
4.05
-1.61
-2.59
1.07
0.42
-0.61
0.30
-0.97
-0.35
-1.03
-1.73
0.76
2.46
1.79
-0.86
-1.49
0.11
-0.36
1.35
0.44
0.17
-0.43
3.41
-0.37
-0.28
-1.14
0.39
-0.16
-1.31
0.54
2.22
-2.85
-0.63
2.10
-0.60
