0.39
1.16
-1.19
0.82
0.38
-0.47
0.00
0.73
-2.59
1.31
0.17
0.04
2.45
-0.29
-0.46
0.17
2.99
2.62
0.36
-0.87
0.08
-3.92
-1.96
3.06
1.24
1.14
0.20
0.84
1.51
0.43
0.43
-1.28
-2.48
-0.04
0.65
0.36
-5.37
4.61
1.82
3.02
0.85
0.38
-0.76
0.77
0.65
-0.64
-1.03
-0.35
0.15
-0.93
1.91
-1.34
-0.66
0.62
-0.74
2.30
-1.14
4.48
-0.07
-1.26
0.41
0.67
-1.55
0.15
0.34
1.76
0.33
0.33
0.69
0.22
1.38
0.32
-0.53
-1.11
-1.16
0.55
0.62
1.09
0.47
-0.93
0.47
1.79
0.28
1.68
-2.62
1.88
-0.07
-0.03
0.03
-0.59
0.39
0.24
-3.86
-0.69
1.42
1.36
-0.78
2.50
-1.32
1.87
0.80
0.24
1.27
0.14
1.39
-0.47
1.11
2.69
1.58
1.43
0.03
1.16
-1.92
0.73
0.00
0.09
0.81
-0.22
1.87
2.23
1.76
0.12
-1.58
4.14
-1.29
2.78
-1.35
-3.52
1.10
-0.29
-1.53
0.51
-2.97
1.10
-0.55
0.30
0.33
0.09
1.21
0.27
-0.42
-1.08
0.27
1.75
0.71
-2.27
-1.93
-0.71
-0.46
-1.80
-0.54
0.22
0.57
0.03
-0.95
-1.53
1.16
0.93
0.29
0.28
-1.07
-0.13
0.70
-1.80
0.26
-1.16
-0.78
-0.49
2.31
0.42
2.60
0.13
-4.53
0.49
-1.89
-0.30
1.60
1.64
2.90
0.85
2.27
2.28
-1.69
-0.66
-0.73
-0.28
-1.32
-0.12
-1.03
-2.52
-0.39
-1.13
-0.69
4.85
0.66
1.31
0.46
-0.98
-0.31
1.06
0.15
0.00
-0.77
1.40
0.46
-1.28
-0.71
-5.59
1.97
0.00
-0.48
-0.49
-1.30
1.16
1.96
0.32
-0.80
4.66
1.54
1.36
2.84
-0.44
0.73
0.90
5.57
-7.07
3.51
1.69
0.28
-4.29
-0.58
0.00
1.31
-1.01
0.15
1.01
0.14
0.14
-0.57
-2.88
0.59
0.44
0.73
-0.44
-0.58
-1.47
1.79
1.03
-1.45
1.03
-1.17
-0.44
1.63
-0.87
-1.62
-2.84
1.54
1.06
-2.10
1.07
0.15
0.15
-0.45
1.37
0.45
1.49
3.08
-0.71
-0.29
-2.30
1.62
-2.46
0.74
0.29
-0.74
0.15
0.15
0.89
1.46
1.01
-1.57
0.87
-0.43
0.87
1.86
-0.14
5.92
-1.60
-0.14
-0.54
0.68
0.27
-1.62
-1.37
-0.97
-3.09
-0.72
0.44
0.29
-0.29
1.31
-1.29
0.87
0.43
0.00
0.00
-0.29
0.72
-1.00
-0.43
1.30
0.14
2.28
-2.51
1.29
1.84
-0.14
-0.28
0.70
1.24
0.55
-1.22
1.38
-0.14
-0.14
0.41
1.22
0.13
0.60
1.79
-3.00
-3.90
-0.84
1.13
-1.82
-1.71
1.01
-2.01
-2.78
2.71
0.00
-0.15
1.17
-0.43
-1.60
-0.59
1.79
-0.88
2.06
-0.87
1.60
-1.15
-0.15
0.73
2.45
0.70
-0.70
0.85
0.56
0.97
3.16
-1.47
0.81
0.94
-0.66
0.27
-1.07
-2.16
-1.24
1.40
0.41
-0.55
-0.97
0.42
0.69
1.38
0.14
-0.14
0.00
0.27
-0.27
0.82
1.62
-1.33
0.40
-0.27
1.07
1.33
1.70
1.80
-2.78
0.13
0.13
-0.65
2.35
-0.64
0.64
-2.17
0.52
0.91
-0.90
0.39
-0.65
-0.39
-0.92
1.85
-0.65
-1.04
-2.11
-0.94
0.27
-0.81
0.00
1.09
-0.95
0.14
0.82
0.00
1.22
-0.53
-0.81
-0.27
1.22
1.07
1.86
-3.65
-0.27
1.76
0.13
1.20
0.39
-0.39
-0.66
0.66
1.45
-0.13
-1.82
1.06
-0.26
3.80
0.13
1.39
0.87
0.12
0.86
0.98
0.97
0.00
-0.96
0.97
1.08
1.66
1.05
-0.23
-0.81
-2.56
-0.47
2.27
1.18
-1.63
-0.83
1.07
2.36
-1.04
1.28
-1.26
-0.23
0.00
0.23
0.93
0.00
1.27
0.34
-0.11
1.59
-0.67
-1.01
0.00
1.36
1.68
0.55
-1.32
-0.22
-2.78
0.34
0.00
-0.11
-1.03
-1.85
0.71
-1.05
3.19
0.34
-2.85
1.41
1.04
0.46
1.03
1.13
1.12
0.11
-1.43
-1.01
-0.90
-0.80
1.49
-1.13
-2.41
1.17
-0.58
1.17
-0.23
-1.16
2.46
0.23
1.82
0.89
-3.88
-3.81
-0.60
-0.97
-0.85
1.84
0.24
-3.37
-1.00
-2.01
-4.36
1.61
0.92
-0.26
0.13
1.70
1.80
-1.14
-0.38
0.77
2.42
0.75
-3.34
-2.94
0.00
-4.08
0.82
-3.54
5.37
-0.80
2.03
1.99
-2.34
-1.33
0.00
0.81
0.53
2.39
-1.04
-1.05
-4.64
2.64
-0.27
