-0.18
0.74
-3.94
-0.83
0.28
0.47
-4.30
0.89
-1.85
3.28
-0.59
1.82
0.52
-1.75
0.37
-3.01
-3.40
2.52
2.08
-3.54
0.44
0.55
-4.61
-2.95
2.97
3.07
-1.32
0.68
3.70
3.41
0.78
0.56
4.49
0.27
-0.02
0.53
-2.72
0.79
1.37
-0.72
0.49
-0.25
-0.58
-4.48
1.13
0.56
1.47
0.42
-0.27
2.11
-0.31
2.94
0.14
-1.46
-0.97
-2.19
0.75
1.93
0.41
-1.32
-3.43
0.30
0.02
0.08
-2.97
1.07
0.56
0.17
3.02
0.94
-2.04
-2.00
0.69
-0.58
-3.50
-0.78
-1.55
-0.77
0.23
-1.90
-2.78
1.20
1.78
-3.47
0.77
0.69
0.86
1.30
-1.51
-2.91
1.29
3.37
1.56
0.44
-1.73
0.00
-0.35
1.58
-0.30
-1.70
0.84
0.79
0.12
-2.44
-2.07
-0.70
1.99
-0.59
1.31
-0.85
-3.50
-3.60
-0.56
-2.24
-0.03
0.21
1.52
-0.31
-0.62
-8.17
-5.17
3.93
4.53
0.52
0.93
-3.13
-0.11
2.22
2.75
2.01
5.48
-1.62
3.59
-2.44
0.30
1.07
-0.79
-4.20
1.14
0.00
0.18
-1.26
2.13
-1.55
1.88
-7.83
0.25
0.16
3.09
-0.61
-0.77
-1.80
0.60
-0.95
1.57
0.05
1.54
-1.17
-0.81
-0.44
0.22
0.22
-0.82
-1.04
1.27
1.67
-1.10
0.19
0.95
-0.94
5.65
1.00
-3.92
1.83
-2.37
-1.09
0.46
-1.39
2.18
0.16
1.12
1.18
0.73
-1.91
3.08
0.05
-0.51
0.85
1.58
0.43
0.42
-0.94
-2.48
2.11
-2.09
0.85
1.88
0.07
-1.72
0.28
3.65
1.37
-0.70
0.49
-0.39
0.46
0.17
-0.31
1.04
0.26
0.12
-0.02
2.29
3.10
0.72
1.62
1.55
0.94
2.35
0.38
-0.57
2.38
0.80
-0.59
0.60
0.63
0.06
-1.52
0.21
-0.84
-0.85
1.13
-1.01
3.37
3.38
0.49
0.84
-3.50
-0.62
0.32
1.36
-0.67
0.52
0.67
0.32
-2.20
0.18
0.94
-1.69
-0.40
-0.24
0.59
2.47
-1.91
-0.10
0.02
2.50
1.00
-1.07
0.67
-1.76
-0.06
-1.19
1.61
-3.43
1.37
1.52
1.41
-2.36
-4.08
-0.90
0.04
0.25
0.91
0.94
-0.23
-0.10
2.56
-0.14
1.62
-0.40
2.63
-0.66
0.79
-0.04
-0.55
-0.88
-0.04
-0.04
-1.01
2.20
-2.10
0.34
-2.55
-2.48
0.06
-0.88
1.40
-1.17
-2.26
1.97
0.47
-1.90
0.73
-2.84
0.48
0.39
0.17
0.22
0.93
-1.25
0.70
-0.67
0.78
-2.61
-0.07
0.40
-0.20
-0.44
0.71
-0.53
-2.26
0.73
0.14
1.51
1.89
-0.87
2.81
-0.17
-0.77
-1.36
-0.66
-0.09
5.35
1.00
0.68
0.12
-0.37
2.14
0.83
-0.56
-1.41
1.06
0.00
-3.58
-0.17
1.13
0.60
0.21
0.58
3.13
0.79
-3.43
0.14
1.47
2.69
0.39
-0.31
2.03
1.09
0.32
-1.43
-0.73
0.08
-0.67
0.85
0.98
-1.43
0.99
1.03
0.21
-0.09
-0.06
1.89
0.06
-0.24
0.60
0.50
0.07
2.00
-1.17
-0.97
2.21
-1.77
1.16
-0.89
-1.24
-0.32
-1.78
-1.08
-1.40
-0.76
-0.02
-2.05
0.50
-1.93
1.44
-0.12
1.12
0.08
0.28
-0.87
-1.27
-1.27
0.90
1.19
-0.30
0.42
-5.19
0.00
0.59
-1.38
-2.06
-2.10
3.25
0.58
-0.70
0.45
0.77
0.70
-3.54
3.38
-0.57
0.70
2.89
0.45
-0.12
-1.45
-0.04
-0.60
-0.13
0.29
0.25
0.64
-0.31
0.37
-1.61
1.24
-0.19
-0.31
6.62
0.60
0.23
0.64
-0.52
1.86
0.70
0.08
1.60
-0.63
-1.60
0.19
-1.12
1.91
-1.86
1.72
-1.78
-2.50
-0.73
-0.45
-0.60
0.64
-0.02
0.12
0.34
-1.31
-1.44
-0.61
-0.06
0.08
0.88
2.27
-1.25
-0.06
1.77
-0.51
-0.60
-1.04
2.00
3.01
1.57
-1.63
1.63
-0.98
-0.17
2.12
0.09
1.70
-1.38
0.02
3.02
1.54
-0.05
-0.57
0.84
-0.34
0.00
0.71
-0.55
0.41
-0.62
1.32
-1.85
0.00
0.50
-2.30
-0.93
3.12
4.76
2.24
-0.80
0.62
-0.45
0.94
0.20
-0.33
-5.22
-3.50
0.82
0.90
0.65
1.16
-0.62
-3.19
-3.84
1.10
1.41
-4.87
-1.50
3.15
0.23
0.06
1.44
-0.19
-0.72
1.32
-1.15
1.73
2.30
-1.96
0.52
-1.02
-0.17
1.00
0.09
-0.58
2.07
2.65
0.12
0.77
-0.78
0.34
0.62
-1.29
0.96
-0.97
-2.29
-1.41
2.15
-1.45
