1.75
1.25
-2.52
-2.41
0.12
0.18
-0.86
-0.31
-0.31
0.62
-2.79
1.28
2.33
0.74
1.95
-1.20
-0.42
4.20
-0.35
-1.06
1.42
-0.41
-1.23
-3.68
0.19
-1.23
-0.75
-0.31
2.39
-0.98
1.99
-0.24
1.22
-0.60
-0.18
2.31
-0.71
0.18
1.97
0.94
0.93
-0.06
0.06
-1.90
0.47
-1.05
1.77
0.00
0.29
-0.06
0.81
-1.38
-1.63
-0.30
-0.95
-0.30
1.92
2.24
1.10
1.43
-0.39
-0.51
-1.36
0.46
-0.74
0.12
0.00
0.46
-0.92
-0.17
2.78
0.17
0.39
-1.91
-1.43
1.57
0.57
0.45
0.11
0.11
-1.30
1.43
-0.11
1.75
0.17
1.44
0.55
-0.38
-2.94
-0.17
-1.29
0.80
-2.60
-2.78
0.36
0.95
-0.35
1.30
-0.12
0.23
0.52
-0.23
0.70
0.63
0.57
-0.74
-1.21
1.16
0.63
-1.26
-0.93
-0.12
0.64
1.51
0.74
-0.06
-0.06
-0.23
-0.28
-0.17
0.52
2.05
0.73
0.50
1.49
2.23
-0.96
-1.93
2.19
2.94
-0.42
1.15
-0.88
-0.16
0.42
0.57
1.08
0.41
-0.46
-0.92
-0.21
-0.41
1.19
1.28
0.86
-2.31
-0.05
0.21
-0.92
-0.21
-0.31
-0.05
-2.19
0.27
-0.32
-0.85
0.05
-0.27
-0.92
1.09
-0.27
-0.11
-0.16
0.11
1.08
0.21
0.85
-1.22
1.39
1.32
0.00
-1.67
-3.13
-0.60
-2.53
-0.62
0.34
-0.40
0.28
-0.91
0.11
1.60
0.11
0.51
-1.17
1.47
-1.62
-1.25
-2.81
-0.47
-1.66
-0.84
-0.24
0.12
-0.61
1.23
-0.06
-0.42
-0.49
0.06
-0.31
0.31
-0.73
-0.12
-0.68
-1.30
-4.65
0.26
0.53
-2.29
-1.20
0.07
0.54
1.14
2.13
-2.02
-0.67
0.94
1.39
0.92
-0.65
-2.22
0.40
-0.66
1.81
-0.99
0.86
-0.26
0.73
-0.26
-0.85
0.93
-0.39
0.59
2.62
0.96
-2.09
-0.06
-0.52
-2.40
-1.46
1.62
1.13
-0.07
-1.78
-0.40
0.00
0.20
-0.60
1.76
1.33
-0.65
1.78
0.19
-1.10
-1.37
-0.33
-0.73
1.41
0.46
0.72
-0.20
-1.77
0.27
0.86
-0.39
0.33
-0.99
-0.67
-0.27
1.95
-1.05
0.67
-0.26
0.20
-0.46
0.73
1.19
0.78
-0.32
-3.64
-2.09
-0.28
0.00
0.55
-0.96
2.56
-0.95
1.09
-2.43
-2.42
-1.42
2.95
-1.75
-0.14
-3.84
-2.66
0.08
-0.91
-1.84
3.12
0.08
-0.91
-1.53
-0.16
-2.80
1.68
0.16
-1.88
-0.08
-0.16
0.24
0.24
1.68
-2.04
-1.76
0.00
-0.16
1.39
0.73
0.96
0.24
1.19
0.39
0.00
-1.17
-2.36
-1.53
1.56
-9.11
-2.13
-1.99
1.20
0.37
-3.83
-6.72
0.41
-4.65
1.38
0.63
-0.94
-0.73
-1.37
-4.61
2.47
0.22
2.08
-2.57
-0.44
2.21
-1.62
-1.54
-3.01
-1.27
1.52
-0.80
-2.43
2.97
7.60
-5.35
3.73
-0.22
0.77
0.22
1.41
-3.74
-2.22
-1.81
-3.23
0.95
2.60
3.46
-0.78
1.46
2.21
-1.84
4.52
-4.32
-0.22
0.33
-1.21
0.56
1.55
1.42
3.55
1.04
0.62
-0.20
-1.74
-0.31
-1.26
5.30
3.62
4.76
-4.91
-0.68
0.49
-2.54
-0.90
0.61
1.91
-1.28
0.90
-0.50
-0.50
0.40
-2.69
1.02
-0.20
-1.83
0.93
-0.51
1.85
-1.11
2.25
-2.90
-0.93
0.62
0.00
1.96
-1.62
0.51
2.46
-1.30
0.71
0.20
-1.00
2.84
0.00
-2.86
-3.05
-2.30
-1.29
0.87
2.15
1.37
-4.57
0.44
-0.65
-1.64
1.11
0.11
0.33
-3.28
0.45
0.34
0.22
-1.23
0.79
-2.70
1.85
-1.13
-0.92
-1.50
-0.59
-2.72
-3.65
-0.63
0.25
-1.90
-1.03
1.43
6.68
-4.58
-0.38
1.01
-0.38
1.51
-1.74
1.39
1.49
1.23
0.36
-2.42
-0.37
-0.37
-0.75
-2.26
0.00
0.51
-2.43
0.39
2.09
-2.81
-2.50
1.08
2.00
-1.70
4.93
2.41
-1.36
11.31
-0.79
-0.46
-1.83
-0.47
1.75
1.26
0.23
0.68
0.79
1.00
0.66
-2.41
-0.79
0.34
-3.28
0.12
0.00
0.23
-2.68
0.12
-0.72
0.96
2.15
0.82
-1.27
-0.82
-1.42
-1.32
-1.94
0.62
-3.20
-1.15
-2.32
-1.71
-1.74
-1.23
-2.07
1.69
-0.42
0.14
2.92
4.46
-2.07
-2.51
2.85
1.98
2.97
-4.52
2.50
0.77
0.76
-1.39
-0.90
2.07
-1.14
-3.84
0.53
-3.05
-2.32
-3.50
2.03
-1.28
-1.15
-0.44
1.75
-0.14
2.59
-1.26
