-2.02
-0.54
-0.86
-0.25
0.68
1.54
-2.94
0.64
-5.26
0.07
-1.52
1.60
3.06
-1.66
1.03
-2.03
-0.84
2.45
-0.70
-2.13
2.17
0.30
-1.60
-1.90
0.22
-3.76
1.64
0.93
1.93
2.79
-0.35
-0.17
1.43
-1.03
0.05
0.23
-0.36
0.22
2.23
-0.67
1.88
-0.34
0.92
-1.58
-0.16
-0.63
0.93
0.89
-0.58
0.20
1.18
-0.40
-0.75
-0.89
-0.77
0.40
0.89
0.07
0.76
0.40
-0.24
-0.39
-1.70
0.49
-1.35
0.27
-0.16
1.12
2.19
-0.85
-0.04
2.93
1.14
0.61
-0.35
0.84
0.77
0.31
0.37
-1.19
-0.74
1.07
-0.56
-0.11
1.22
0.58
-0.19
1.20
-4.04
-0.57
-1.17
-0.16
-0.42
-0.94
-0.60
1.39
-0.60
0.33
0.35
-0.05
0.48
-1.07
-0.71
0.20
0.03
0.03
-0.44
-0.32
-0.20
-0.51
0.24
0.85
-0.13
0.11
0.63
0.58
-0.75
-0.03
0.23
-3.33
-1.40
1.77
0.97
0.87
0.21
-0.38
0.81
-0.04
1.23
0.36
0.22
-0.32
0.09
-0.17
0.35
-0.68
-1.26
-0.21
-0.31
-0.33
-0.72
-0.37
-0.44
0.04
-0.43
-0.55
1.14
-0.97
0.70
-0.08
0.96
1.23
-0.09
-0.95
0.27
-0.23
-0.01
-0.23
-0.27
-0.54
0.10
-0.16
-0.28
-0.36
-0.36
-0.01
-0.42
-0.21
0.17
-0.66
-0.10
0.41
-1.77
1.32
-1.00
-0.47
0.26
0.06
0.08
0.35
-0.60
1.10
-0.15
-1.40
-0.26
0.52
-0.43
1.15
-0.40
0.11
-0.15
0.41
-0.37
0.00
-0.68
-0.49
-0.32
0.20
-0.51
0.37
0.83
0.11
1.09
0.37
-0.66
0.80
0.57
-0.18
-1.24
-0.32
-0.52
1.59
-0.99
2.14
-0.05
0.28
0.34
2.86
0.25
-0.22
1.45
0.25
-1.14
-0.62
0.08
0.56
0.57
0.15
0.71
-0.55
-0.18
-0.44
1.48
0.70
1.32
1.36
1.43
-0.76
-0.20
0.19
0.33
-0.46
1.34
0.15
0.09
-0.13
-0.26
0.02
-0.83
0.25
-0.33
1.78
1.28
-0.06
1.49
-0.57
0.02
0.98
-1.75
0.49
-0.08
0.18
-0.81
0.35
-0.50
0.73
0.13
0.02
1.15
1.50
-0.26
0.59
-0.62
-0.28
-0.66
-0.52
0.00
0.45
-0.21
0.36
0.62
-0.14
0.48
-0.59
-0.05
0.10
-0.35
0.54
-0.08
-0.13
0.86
-0.41
0.59
-0.51
0.17
-0.02
0.17
-0.10
0.54
0.71
-0.39
-0.14
0.04
0.85
-0.85
0.30
0.14
-0.09
0.21
0.60
-0.46
0.58
0.19
-0.17
-0.14
-0.04
0.04
-0.42
-0.13
0.57
-0.03
0.14
0.51
0.36
-0.40
0.93
-0.30
-0.65
1.28
0.36
0.22
-0.21
-0.75
-0.31
-2.40
-0.40
0.74
-0.51
0.58
-2.15
-0.07
0.10
-0.51
-1.05
-1.55
0.35
0.79
0.10
-0.57
0.64
-0.41
1.06
-0.06
-0.37
0.25
-0.95
-0.62
-0.96
0.40
-1.51
1.25
1.34
-0.45
-0.39
-0.15
-0.44
-0.13
-1.36
0.83
-0.55
0.13
1.16
-0.15
1.38
-1.08
0.51
1.14
-1.70
-2.16
-0.03
0.26
0.24
0.52
-0.09
0.77
-0.29
0.92
1.01
0.51
-0.25
-0.08
-0.54
0.49
2.86
-0.04
-0.03
0.62
-1.75
0.41
-1.31
-1.24
0.59
-3.88
-1.44
0.63
-0.58
0.11
0.68
-0.80
-0.67
0.47
1.58
-1.24
0.02
0.88
0.15
0.01
0.29
-1.62
0.30
0.10
-0.10
-4.37
0.01
0.02
0.82
0.95
-0.93
0.63
-0.43
0.34
0.79
-0.32
-0.29
0.98
-0.94
0.62
-1.20
0.53
1.31
0.93
-0.24
-0.44
-0.04
-0.50
0.01
-1.03
-1.64
0.46
0.77
0.23
-0.11
0.77
0.39
-0.70
-0.42
-0.51
0.79
-0.25
-0.27
-0.23
1.25
-0.69
0.29
2.03
0.96
1.05
2.05
-0.04
-1.50
0.50
-0.09
-0.15
-0.67
0.24
-0.25
-0.10
0.15
0.60
1.77
-0.40
0.41
4.72
-2.72
-1.64
-0.19
-0.98
2.49
0.56
0.17
2.75
0.63
-0.22
0.70
-1.90
-0.11
-0.82
-0.51
-0.44
0.12
-0.24
3.99
0.43
-0.04
-0.54
-1.43
-0.07
-0.43
1.39
1.33
-1.58
1.16
-1.38
0.15
0.46
-0.62
0.08
0.05
1.48
-0.58
-1.28
-1.31
1.67
-1.62
-3.68
1.40
-1.33
-3.26
1.72
0.29
0.71
0.46
0.55
1.28
-0.52
-0.88
0.18
1.91
2.39
-4.50
-1.63
-0.57
0.41
0.41
1.48
-1.29
0.42
0.67
0.42
-1.37
0.16
-0.64
-0.36
-1.35
-0.13
0.46
-1.20
-2.05
2.14
-1.28
