0.23
-0.72
-3.04
2.08
-0.69
1.94
-3.00
2.98
-1.56
-0.39
-1.01
1.41
3.90
-2.42
4.46
-1.17
-1.37
3.22
0.18
-4.49
3.30
1.58
-1.77
-4.37
-5.00
0.10
-1.68
2.75
2.24
4.50
-4.08
-1.05
3.31
-3.82
0.04
-1.27
0.80
-0.32
5.72
1.32
3.17
-0.11
1.67
-3.14
1.80
-0.11
2.89
-1.79
-0.97
3.22
1.93
1.10
-0.61
-1.27
-3.67
0.65
0.86
0.04
-0.53
1.92
0.94
-0.07
-0.90
1.08
-3.53
0.93
0.64
0.11
1.13
-1.11
-0.14
0.74
-0.74
-0.64
0.75
1.52
-3.02
0.97
0.85
-1.02
-2.98
2.27
-3.33
-1.52
4.32
1.95
-0.46
4.12
-1.16
-2.87
-0.57
-1.61
-0.29
-2.70
-2.28
0.27
0.27
1.11
1.77
0.26
1.77
1.09
-0.14
1.76
0.32
1.73
-3.57
0.68
-2.53
-4.32
-0.69
-1.16
-0.51
0.04
0.16
1.95
-1.26
0.89
1.46
-7.24
-2.98
0.76
1.97
3.49
0.08
-1.90
1.33
1.24
0.83
-1.44
1.15
-0.20
0.82
-2.49
0.96
-0.51
0.56
0.36
0.43
-0.20
0.71
-0.70
-0.79
-0.67
-1.28
6.66
1.55
-1.53
-0.34
-0.49
-2.10
0.43
1.32
0.96
0.87
-0.87
2.35
-0.48
-0.41
-0.64
-0.64
-1.06
-0.92
-0.54
-0.27
-0.27
-0.31
0.71
0.78
-3.09
-0.08
1.24
-3.27
2.57
-1.79
0.04
-1.33
-0.25
0.82
-1.14
1.07
4.81
1.48
0.27
0.80
1.63
0.04
0.41
1.75
0.04
1.06
0.54
-2.41
-0.48
-2.37
-0.87
-1.87
-1.32
-0.20
-0.32
1.59
0.39
3.62
-0.08
-1.65
0.99
-1.06
-1.19
1.01
-1.23
-2.29
2.30
-0.54
-0.35
1.17
0.19
0.50
1.58
7.22
-1.94
-0.61
1.45
-1.89
0.18
-0.33
-0.40
0.69
-1.16
1.58
-2.03
0.22
-2.03
2.97
1.46
3.63
2.60
-1.52
-1.79
0.66
-0.31
0.59
-1.59
-0.77
1.14
-0.18
-1.09
-0.46
0.43
-0.82
-0.72
-1.01
2.01
1.18
-3.85
1.03
-2.22
-1.97
0.65
2.60
0.74
1.50
0.72
-0.04
-0.39
1.36
0.78
-3.19
1.16
0.57
-0.29
1.32
-1.09
-0.89
1.08
-0.43
0.07
-1.64
1.56
1.86
1.93
-1.72
-0.14
0.28
0.39
3.28
-0.37
-0.03
-0.78
-0.75
-1.00
-0.83
-0.11
-2.11
-0.39
-0.11
0.83
-0.43
-0.61
-0.69
-0.15
1.97
0.54
-0.50
-1.00
-1.05
0.36
0.47
-0.47
0.33
0.18
1.37
2.28
1.36
-0.55
1.18
0.31
-0.20
-0.31
-0.07
-0.51
-1.21
-1.39
0.74
0.39
1.08
1.38
-0.55
0.82
-0.37
0.34
0.00
-2.02
-2.83
-0.07
-4.22
-0.56
1.73
0.59
-2.17
-2.06
0.84
-0.99
-0.23
-1.65
-1.84
0.28
2.74
1.31
-2.21
-0.62
0.51
1.05
1.28
1.15
0.91
-0.93
-1.06
-0.19
0.96
-1.29
0.12
1.88
-0.60
-0.61
0.53
0.42
-0.34
-3.48
0.27
-0.23
1.06
1.59
-0.27
0.04
-0.54
-0.65
1.43
-0.46
-1.15
0.16
1.67
-0.19
-0.11
-0.04
0.23
0.69
-1.33
4.34
-2.13
-0.19
-0.23
-2.11
2.51
-0.71
1.55
-8.21
-0.89
2.58
-1.08
-4.08
2.19
0.21
-2.88
-2.54
-0.39
-0.04
-0.61
-0.62
-1.68
1.12
-0.67
0.67
0.00
0.13
0.62
0.66
-1.58
-1.16
0.09
-0.23
-2.44
1.11
-2.38
-0.42
-2.12
0.96
0.95
1.32
2.14
-2.83
-0.14
-0.14
0.42
0.28
-0.28
-0.33
0.89
-0.42
-0.42
1.13
0.00
0.86
-0.90
-0.51
-2.71
-1.44
-2.58
-3.60
-0.21
-0.94
0.52
2.45
2.34
1.00
-3.30
-0.82
-1.03
0.42
-1.34
-0.52
-0.53
1.48
-9.66
-4.56
3.51
1.35
-0.92
0.12
-1.16
-4.18
2.70
0.24
4.71
-1.08
-0.63
3.13
-1.63
-0.17
2.86
5.01
0.79
2.31
7.14
-4.75
-2.11
0.46
0.67
0.56
-0.61
0.71
1.26
4.99
2.85
1.71
1.64
4.43
1.58
-0.67
-2.21
-2.17
-0.75
3.26
-2.12
-2.17
-0.59
1.68
-3.22
5.45
5.17
1.33
0.82
0.69
3.60
0.47
2.41
-2.39
1.21
-1.08
1.20
-0.50
-3.63
0.40
0.84
-5.81
-3.99
4.29
-3.02
-1.08
-1.14
2.12
1.91
1.27
0.88
-0.75
1.89
-0.90
-1.20
0.88
4.83
3.46
-6.61
-1.07
2.54
-0.53
-0.49
-1.99
0.10
0.96
0.95
-0.70
-0.74
-2.78
-0.81
-1.12
-4.18
0.77
-2.89
-2.04
3.13
-0.28
