0.10
-2.25
-2.14
-1.91
-1.06
1.31
-3.47
-0.65
-3.46
-2.08
-1.10
-1.43
3.00
-4.15
2.76
-2.63
-0.19
2.70
-0.81
-2.34
1.97
0.23
-4.67
-7.22
-3.76
-2.38
4.63
4.24
1.94
4.35
-6.29
2.41
5.09
-0.86
0.78
0.19
0.41
0.92
3.42
0.21
0.92
1.30
-0.16
-1.91
0.10
-0.49
1.70
-1.01
-0.94
0.80
0.61
-0.28
-1.71
-0.37
-0.60
0.19
-0.79
-0.21
-0.13
-2.34
0.06
-0.82
-2.64
0.20
-2.63
-0.37
-0.12
0.78
2.15
-0.58
0.47
4.19
1.76
0.21
1.43
3.45
3.01
-1.27
-1.24
1.64
-2.97
-0.75
-3.13
-2.85
-4.24
5.92
2.08
-0.27
-0.17
-4.28
0.95
-1.26
0.80
-1.62
-1.14
4.73
-0.73
1.21
2.35
0.23
2.15
1.94
1.66
5.82
1.15
0.96
2.26
-0.46
-0.79
-3.41
-2.04
0.11
0.38
0.70
-0.02
0.68
-0.51
-0.83
1.61
-5.44
-1.96
1.47
3.18
0.91
0.32
-3.35
1.02
-0.14
1.15
0.79
1.13
-0.61
0.72
-1.38
0.27
-0.44
-0.23
3.35
-0.43
-2.30
-0.10
-0.31
2.75
-0.09
0.11
-8.02
4.33
0.92
-0.71
-0.25
1.85
-2.62
0.28
0.02
2.41
-0.17
-1.88
0.68
-2.19
-1.01
0.18
-0.78
-0.58
-0.93
2.09
-0.06
0.80
0.86
2.21
-2.57
0.67
1.59
-3.70
2.62
-2.45
1.11
3.50
0.04
0.42
0.08
1.76
1.15
0.09
0.11
0.70
1.07
0.20
-0.47
1.59
0.45
0.34
-0.89
-0.25
0.99
-1.20
0.49
2.48
-0.02
-0.49
-0.12
1.45
3.03
-3.01
2.02
0.34
-0.90
-0.09
-1.38
2.06
-2.34
-3.65
-0.33
0.02
2.40
0.76
2.21
-2.68
-1.47
-2.84
1.54
-0.18
1.76
0.34
0.57
-0.18
-0.68
0.43
0.39
2.74
-0.42
-2.14
-1.19
2.00
3.27
0.22
2.20
-1.55
-2.07
1.30
2.00
-2.08
-0.10
-0.57
0.48
2.11
-0.86
-0.30
1.12
-1.01
-0.93
-0.80
3.04
1.17
0.61
0.99
0.46
0.16
0.24
0.63
-0.02
-0.18
-1.30
0.54
-2.50
2.19
1.58
-0.32
-6.77
2.17
0.10
-0.29
3.33
0.25
0.91
-1.41
-0.92
0.73
0.35
0.13
1.31
0.00
1.52
-0.27
0.27
-0.11
-0.67
-0.79
1.02
-0.02
-0.85
-0.02
-1.89
0.59
0.08
4.52
-0.02
-0.75
-2.30
-0.11
0.77
1.09
0.13
1.01
-1.25
-1.89
-0.36
0.37
0.18
0.29
1.21
0.11
0.33
0.46
-0.66
0.65
-0.96
0.45
-0.95
1.69
-0.09
0.69
-2.52
-5.76
-1.28
2.65
0.44
-0.38
1.22
3.65
1.22
2.69
-0.88
-2.33
0.38
-4.42
-0.53
2.56
-0.55
-0.03
0.70
-0.06
-0.42
0.23
1.24
0.80
-0.35
1.57
0.42
0.09
-0.83
0.90
0.34
-0.76
0.22
2.26
1.33
0.17
-2.43
0.46
-1.40
1.64
-0.05
1.55
-1.70
0.62
-1.19
0.74
-2.68
0.00
-0.35
1.38
-0.06
-0.03
1.43
-3.17
0.11
0.19
-0.17
1.00
0.77
0.64
0.75
0.63
-0.81
2.07
-0.20
-0.52
-0.67
0.00
-0.57
-0.60
0.17
-0.26
-0.61
0.09
0.14
2.28
-2.28
-4.52
-0.80
-0.96
-0.55
0.07
-2.63
0.48
0.44
-0.97
0.53
-2.60
-0.18
-0.33
1.41
-0.30
0.05
-1.17
0.04
1.96
-0.99
0.18
2.03
-2.26
0.79
-3.68
-1.59
-0.07
0.05
-1.19
-1.61
-0.23
-0.19
1.00
0.34
-0.58
0.02
1.39
-3.43
2.22
-0.56
2.30
-0.74
0.91
-0.42
-0.11
-1.30
-3.09
0.04
-0.10
-5.07
-1.33
1.34
-0.37
1.76
-0.78
-0.04
-0.65
0.04
0.00
-2.20
-2.98
4.09
0.31
0.47
-1.03
-0.41
5.72
-1.48
0.46
1.01
0.10
-0.69
0.20
-0.22
0.32
-1.28
0.06
0.78
-1.11
-0.44
1.53
1.73
-1.23
-0.65
2.54
0.83
-5.23
-0.73
-0.74
1.73
0.40
-1.29
-0.96
0.10
2.64
-2.77
0.47
0.86
-1.20
-0.39
-1.39
0.38
-0.21
5.13
-1.67
0.04
-0.32
-0.65
-0.67
-0.33
1.74
0.47
-3.01
-5.29
-0.64
0.22
2.21
0.15
3.02
-1.47
0.34
0.23
-0.08
-0.76
0.55
-0.78
-4.10
-3.45
4.11
-2.93
-0.89
1.41
0.75
1.35
1.69
0.00
-2.45
-3.12
1.60
1.39
1.06
-2.91
-4.47
-2.33
0.64
1.15
-0.55
0.49
-0.10
-1.50
1.45
-0.87
-1.20
-1.04
1.70
-2.72
-2.14
0.67
-3.30
-2.97
1.20
0.43
