1.48
0.68
-2.57
-0.84
-0.55
1.73
-4.09
0.29
-0.53
2.11
-1.12
1.32
0.30
-0.85
1.42
0.36
1.21
3.05
0.81
-0.35
-2.57
-3.67
-0.14
-1.61
-0.12
-0.12
-2.29
2.45
4.41
2.97
-1.97
0.19
2.81
0.02
-0.05
0.80
-0.81
-1.69
2.22
-3.97
-1.68
1.21
-2.00
-1.12
1.01
4.03
0.25
1.17
0.27
0.31
-1.24
-0.50
0.55
-1.80
-0.06
-0.56
2.95
0.63
2.27
-0.89
1.03
-0.92
-2.59
0.70
-0.40
-1.22
-0.94
1.58
0.34
-0.22
1.87
0.99
0.19
-1.09
0.10
-1.16
-0.04
1.40
0.02
-2.44
-0.45
1.47
-0.33
0.00
0.01
0.71
1.13
-0.51
-3.26
1.59
-3.31
3.09
-3.15
-2.81
2.10
-0.03
-1.73
2.61
1.07
12.77
0.65
1.80
0.30
0.26
0.03
-0.51
0.70
0.35
0.44
-0.69
-1.28
-0.13
1.11
0.87
-0.28
0.98
0.16
-0.77
0.50
-0.53
0.73
-0.27
2.29
-0.19
-0.49
1.28
-0.13
-0.24
0.48
-0.22
-0.45
-0.08
0.68
-0.69
1.47
-0.39
0.09
-0.83
1.55
0.27
0.27
-0.96
0.42
0.18
0.84
-0.90
0.56
-0.72
0.99
-1.15
0.05
2.26
-0.76
-1.12
-0.02
-0.78
-0.02
0.39
-0.30
0.20
-0.26
-0.61
-9.93
0.00
0.04
-1.66
-1.68
0.58
-0.08
0.20
-0.94
-0.80
-0.26
0.92
-2.67
1.58
0.66
-1.09
-1.09
-0.65
0.24
0.23
0.02
-0.11
0.57
-1.32
-2.57
2.03
0.76
-3.90
-1.71
3.95
-0.15
-0.06
-0.87
0.30
0.98
-1.46
-0.84
-0.25
0.67
-1.16
-0.21
0.34
-0.20
1.29
-3.06
1.02
0.45
-0.89
0.64
-1.71
-0.61
2.61
0.36
0.30
1.53
0.79
0.68
1.06
1.73
1.38
0.32
0.10
8.16
0.20
0.36
0.45
0.10
-1.68
-1.80
1.37
0.50
-0.31
-0.10
-0.82
0.73
-1.90
0.08
-1.67
1.16
-1.75
0.08
0.97
-1.21
-5.65
-0.77
-0.74
-0.58
-0.42
-0.21
0.35
2.58
-1.75
-1.24
0.06
1.06
-0.19
-0.36
-0.52
3.09
-2.77
-1.36
0.39
-1.32
1.76
0.01
-0.94
-2.78
1.62
2.58
-1.04
1.06
-0.66
-2.05
0.12
1.93
3.56
-1.73
-0.41
2.70
-1.33
-0.94
2.56
-0.30
-1.53
-1.24
2.37
0.19
-3.62
0.21
1.17
-0.78
-1.56
-0.94
0.51
-0.09
-0.62
-0.64
-0.52
0.50
1.30
0.23
-1.85
-1.16
0.74
0.54
0.73
1.62
0.55
2.56
1.18
-1.23
-0.94
-0.06
-0.80
1.30
-0.56
0.17
-0.85
0.08
-0.88
0.48
0.78
0.76
1.99
-0.96
1.24
1.13
1.29
1.71
-0.41
-2.46
1.18
0.27
0.05
0.05
0.35
0.60
0.29
-1.84
-0.25
-0.43
-2.27
-1.29
1.18
0.86
1.56
-2.56
-0.98
0.92
-0.66
-0.14
-0.60
3.68
-0.16
-1.43
-3.03
-1.91
-0.76
0.72
-0.04
0.20
-0.30
-3.37
-3.66
0.69
-2.28
-1.29
-0.54
-1.60
2.84
1.07
1.08
-0.34
0.27
-0.04
-2.40
-0.41
0.07
-2.34
0.72
0.79
1.74
0.79
1.10
-0.84
1.54
0.60
0.17
-2.27
1.91
0.45
1.86
-0.61
0.39
1.29
-0.05
0.77
0.79
1.92
0.29
-1.12
-2.43
0.57
1.52
-1.58
1.36
-0.13
-0.12
0.00
0.94
-0.84
5.62
2.41
-0.01
-0.85
0.01
-0.09
1.81
1.74
0.27
0.63
-0.48
0.69
0.70
0.51
-1.13
0.02
-0.35
0.29
-0.01
-0.34
1.78
0.44
-0.12
0.92
0.01
1.33
-0.40
0.40
2.57
0.11
0.30
-1.17
1.05
2.16
0.15
0.14
0.49
-0.46
-0.07
-0.07
1.05
-0.70
0.07
-0.19
1.77
-0.02
-1.90
-0.21
-0.14
1.57
1.30
-0.38
0.25
0.81
0.72
-1.44
-0.26
-0.39
1.65
-0.02
2.64
2.42
0.31
-1.39
-0.18
2.79
3.17
-1.33
0.24
3.26
-0.45
-0.35
1.70
1.27
-1.47
-0.79
-0.59
-0.89
1.57
2.64
0.06
-0.23
-0.41
0.91
-0.88
-0.93
0.54
-0.70
1.29
-0.62
0.78
2.09
-1.84
0.54
-0.05
1.57
3.13
-1.71
-0.10
0.12
1.62
0.25
-0.28
-0.31
0.64
0.31
0.80
-1.50
0.35
-0.98
-4.43
-2.73
1.88
-1.64
-4.28
5.91
-2.60
0.10
0.98
2.55
-0.56
-1.07
-1.05
1.24
-0.36
-0.37
-2.16
-1.24
1.41
0.31
-1.70
1.68
-14.48
2.32
1.51
1.72
0.14
-1.71
1.45
1.69
-1.23
0.39
-0.23
-1.25
-1.70
3.55
-1.66
