-4.81
-8.75
-3.00
-0.43
-0.87
-1.27
-2.40
3.77
-6.93
-4.55
-3.66
3.41
2.80
-3.81
6.79
0.41
4.75
4.09
-1.24
-5.12
2.76
6.26
-0.89
1.54
-9.25
-3.97
3.30
-1.80
2.54
7.78
1.87
2.99
5.10
-4.17
-1.87
-0.67
4.26
-0.35
3.05
2.67
7.42
4.27
-2.66
-6.24
-1.43
2.34
4.40
-2.90
0.54
3.33
4.78
-1.95
-1.35
-0.64
-5.40
0.27
2.91
-5.04
-0.37
1.64
-3.50
0.10
-0.14
0.29
-3.52
4.19
0.62
4.66
1.35
-1.24
-0.63
0.99
6.31
0.51
-2.85
3.02
-3.18
2.20
4.14
-1.38
-0.12
1.15
-2.61
-1.21
0.25
4.77
-6.45
1.72
1.61
0.83
-2.81
1.62
2.14
-3.44
0.08
2.59
-1.78
1.85
5.21
-0.59
-0.71
2.79
-1.98
-3.99
-1.73
7.12
1.80
-1.73
-0.43
-4.55
-0.16
1.65
-0.49
-2.93
3.82
-0.85
2.69
1.27
1.33
-4.87
-4.76
2.35
1.21
0.25
4.48
-3.34
-1.75
-0.50
2.00
-0.37
6.96
-4.10
3.08
0.12
-2.21
-3.76
-0.53
-1.20
-1.59
-2.08
-1.61
-3.13
-0.73
4.27
-7.66
-0.95
2.17
0.61
0.47
2.80
-2.90
-3.69
0.58
-2.84
2.18
-1.84
-2.18
2.68
-2.56
-2.58
0.31
-2.28
-0.21
-0.32
-0.11
-1.17
-0.48
-10.61
-1.39
0.74
-2.62
8.95
-10.34
1.22
-3.99
-2.37
5.54
-1.92
-2.48
2.14
3.54
2.72
-3.70
2.75
-0.31
7.31
3.73
-1.18
-1.19
-4.60
1.51
-0.53
1.91
3.16
-0.74
-0.29
-1.72
0.12
1.57
-2.64
4.83
0.62
-2.79
-1.38
-1.05
2.47
-0.23
-1.15
-3.90
1.33
-1.38
1.76
-6.26
-1.91
0.52
4.52
2.10
-5.32
4.47
1.59
0.96
0.18
0.00
0.59
0.71
2.06
-2.93
-0.18
-6.71
14.96
6.92
-1.97
1.48
-0.21
-2.09
3.20
8.83
-1.09
-2.25
-4.81
-0.26
-0.88
0.21
0.57
-0.72
-2.76
-1.13
0.43
-3.67
0.17
-1.01
2.54
1.65
2.93
1.05
-0.05
-1.51
3.07
0.10
-4.26
0.11
-2.25
-1.64
1.00
-3.47
1.20
2.60
-1.98
-2.97
-6.54
1.36
0.00
-0.92
5.11
-4.75
0.43
1.96
0.18
4.26
2.01
2.88
-3.34
-1.25
-2.41
2.18
-3.34
4.23
-3.32
2.54
-2.88
2.73
-0.92
-2.98
-1.86
-2.63
-4.03
-0.13
-0.26
-0.13
-3.10
4.63
1.17
0.06
-1.09
1.23
0.64
-0.38
0.51
-1.08
3.35
1.68
1.29
1.03
-2.45
-0.12
-1.35
1.56
-3.19
3.04
-0.25
-3.70
-2.56
0.33
-2.75
0.07
0.20
-0.40
-0.61
1.46
0.37
-3.53
-0.48
-2.91
-3.43
2.14
-3.33
12.13
-1.87
0.00
2.52
-0.73
-4.41
-1.68
-1.42
-3.90
-0.30
1.21
1.56
-1.61
-1.27
-7.25
-1.14
-4.77
-0.17
2.77
-2.86
1.30
1.54
-8.01
0.46
3.65
5.55
0.83
-5.54
1.05
1.39
-1.79
-4.09
-6.72
-0.19
0.78
1.84
0.38
1.61
3.63
-2.70
5.91
-4.71
-3.48
-3.13
3.82
2.07
-1.20
3.46
2.08
1.15
1.66
5.68
-3.58
-2.45
1.30
3.50
-2.48
1.61
0.00
3.50
-3.06
0.42
3.97
-1.11
-1.85
-1.80
-4.59
-2.45
2.06
-1.05
-3.29
-3.76
-0.95
2.22
-2.54
2.13
3.13
2.20
2.25
0.26
1.49
-1.30
-0.61
6.25
3.98
1.99
-0.08
-0.86
1.66
3.80
1.87
-2.05
-0.82
0.68
-0.45
4.14
-5.28
1.38
9.04
2.63
-1.14
-2.52
1.33
-1.17
-0.14
1.19
2.76
-0.27
0.13
1.88
-0.92
-3.53
4.28
2.39
-1.23
-1.83
2.40
-0.39
-1.11
3.11
-0.06
1.22
0.32
9.49
-3.35
0.06
-2.09
0.24
2.74
-1.01
4.97
-0.91
-4.37
-4.99
0.19
-0.38
1.90
0.62
-0.50
0.12
-0.87
-1.57
-0.13
-0.89
3.15
3.99
-0.24
0.36
-3.53
0.43
1.55
1.89
1.97
-1.41
-1.19
-0.36
2.41
1.53
2.26
4.14
1.36
1.83
-1.21
-1.34
0.70
3.87
2.38
-1.47
-2.21
4.15
-0.81
0.10
1.32
0.85
-4.27
2.54
-2.48
1.87
1.48
-0.85
-3.80
1.26
-0.94
-4.41
-2.41
-0.56
1.92
-6.71
-4.40
1.87
-4.89
-4.17
-0.20
1.68
-6.94
0.85
-2.67
-0.65
1.24
0.36
4.66
5.07
1.17
-0.97
-5.72
-0.14
1.38
2.79
-1.19
-2.48
1.10
3.47
0.13
-1.64
1.34
-1.78
3.62
-3.82
0.07
8.47
-3.97
0.32
-1.16
-4.30
