-1.90
-2.12
-1.44
-0.86
-1.50
-0.88
-2.04
0.70
-5.04
0.64
-1.11
0.38
0.83
-0.43
5.65
-1.34
2.37
3.23
-1.08
-1.73
2.50
2.46
0.45
-0.45
-2.58
-1.93
0.42
3.39
1.86
2.26
0.00
-1.67
1.37
-1.74
-0.99
1.27
0.94
-0.54
2.45
0.47
-0.18
1.20
3.20
-3.22
-1.60
-1.77
2.90
-0.70
-1.36
3.63
2.93
0.66
0.20
0.23
-2.35
-0.20
-0.57
0.62
-0.48
0.00
-0.30
-1.87
-1.00
1.17
-0.51
0.30
1.32
2.42
1.29
-0.09
-0.12
1.05
1.95
-0.25
-1.65
1.00
-0.83
-0.13
0.07
-1.06
-0.51
-0.30
-1.11
-1.96
-0.14
0.80
-1.27
4.47
0.18
0.12
-1.81
2.42
0.20
-1.67
-2.15
0.84
-0.12
1.83
1.40
0.03
0.07
0.01
0.34
0.03
-0.36
4.55
1.00
1.62
0.61
-1.96
-0.68
-0.84
0.10
0.16
0.70
1.39
-0.60
-0.27
1.46
-5.86
-4.24
2.49
2.64
2.00
-0.23
-2.98
0.19
2.23
2.34
1.04
1.35
0.40
0.35
0.74
0.12
-0.31
0.11
-1.56
-0.89
-0.41
1.93
-0.70
-0.18
-0.39
-2.10
-0.37
1.42
0.69
1.90
1.71
-0.20
-0.29
1.57
-1.15
1.05
-0.28
-0.47
0.41
0.27
-0.09
-0.20
-0.74
0.11
-0.23
0.23
-0.38
-1.24
0.06
0.29
-0.77
-0.65
1.14
-4.81
1.35
-2.29
-1.16
1.49
-0.96
1.09
0.44
2.26
1.43
-2.75
-1.01
0.83
2.91
0.56
2.46
-0.16
-1.24
1.47
0.01
-1.97
-7.68
0.33
0.57
-0.97
1.71
-0.24
-0.12
2.78
-1.76
0.65
0.45
-1.42
0.90
-1.59
0.41
-1.30
-0.55
-0.33
0.09
-1.25
1.80
0.10
5.20
1.94
-0.94
0.13
0.75
-1.24
-0.75
0.03
2.75
-0.69
0.91
0.06
-2.14
-1.34
4.06
4.02
-1.51
0.34
0.11
2.65
-0.57
0.73
-0.09
0.50
-1.93
0.52
-0.59
0.12
0.44
-0.14
-0.38
0.00
0.95
-1.32
-0.16
-0.35
1.99
0.47
-0.33
1.55
-1.29
0.39
2.78
-1.00
1.63
-1.85
0.28
-0.19
0.98
-0.70
2.60
1.18
-1.39
-0.67
-1.70
-0.87
0.60
-0.54
1.34
-1.05
-0.46
0.14
1.40
0.55
0.40
0.19
0.50
-0.21
-0.05
1.18
0.05
-0.78
-0.29
0.26
-0.21
2.15
-1.59
-0.16
0.06
-1.31
-2.70
-1.18
0.62
1.07
-0.73
2.95
0.01
0.45
0.15
-1.92
-0.41
0.27
-0.05
-0.29
1.82
0.79
0.14
0.35
1.26
-0.17
-1.27
0.60
-0.67
0.85
0.37
-2.19
-1.02
1.71
0.30
-1.05
0.57
-0.49
1.69
0.76
-0.32
-1.69
-0.95
-0.41
-0.93
-0.51
-0.48
2.21
0.09
0.76
0.78
-0.20
-0.36
2.16
-0.16
-1.08
0.65
2.86
0.01
0.42
-0.31
-1.14
0.26
1.08
-1.01
1.21
-0.48
0.34
0.34
-2.50
0.93
0.78
-0.20
0.75
-2.00
0.71
0.68
0.13
-2.53
-4.08
0.12
0.99
0.24
-0.71
1.48
-0.66
1.83
2.22
-0.46
0.72
1.17
0.19
-0.14
1.43
-0.79
0.70
0.18
-0.01
0.88
-2.38
-0.36
1.30
0.39
-1.09
0.60
0.12
0.05
-0.45
0.81
2.56
0.09
0.82
-0.44
-0.05
-1.52
-0.54
0.62
-0.53
0.27
-1.55
-0.21
-0.19
1.30
-0.35
-0.34
1.27
-0.93
-0.75
1.06
0.17
0.60
-0.46
1.13
0.40
1.16
0.73
0.11
0.61
1.65
-0.26
0.27
1.01
1.45
-0.26
0.42
-0.21
-0.40
-0.47
0.08
-0.13
1.20
0.59
0.70
0.07
0.33
-0.26
-0.23
0.22
0.27
0.44
0.31
-0.76
-0.51
-4.35
6.09
0.62
0.37
-0.90
1.52
-0.49
-0.16
-0.38
-0.99
0.53
0.93
0.21
0.04
-2.24
-0.23
0.00
-0.19
-0.97
1.41
0.22
0.45
0.16
-0.08
-0.17
-0.16
2.25
-0.68
1.93
-0.85
0.68
-1.63
0.34
0.45
1.95
-1.85
0.42
-1.04
-0.45
1.81
1.84
0.27
-0.03
1.36
-0.40
0.66
0.02
0.30
-0.44
0.69
0.81
0.58
-0.70
0.06
1.57
-1.30
0.79
0.61
-0.75
0.95
-0.34
0.40
0.41
0.69
-0.74
-0.33
0.58
-1.29
3.25
-0.78
-0.82
-2.01
-4.50
1.28
0.09
-3.72
1.20
0.95
-0.15
1.60
1.91
-0.37
-0.99
-0.23
2.08
0.66
1.62
-2.35
-1.80
-2.20
0.07
0.61
1.46
-0.50
0.68
2.50
-1.16
-0.87
-1.61
0.12
0.97
-0.18
4.01
-0.81
-3.97
-0.64
1.48
-1.70
