-3.27
-0.17
-0.29
0.26
3.08
2.50
1.43
0.75
-0.23
-0.13
0.40
0.51
-0.13
-0.51
0.54
-1.41
-0.79
0.38
0.25
1.72
-0.09
0.13
0.74
0.35
0.65
-0.15
0.07
-0.31
0.04
-0.70
-0.07
-0.14
0.16
0.41
0.52
0.43
-1.04
2.73
-0.70
-1.19
0.88
1.40
-1.75
-1.22
-1.29
1.28
-1.28
-0.37
0.70
-2.68
0.58
2.48
0.08
0.16
0.58
-0.93
0.79
-1.45
1.37
0.97
0.25
-1.32
1.58
-0.82
-0.64
0.41
-0.90
0.11
-0.03
-0.32
-0.34
-0.46
1.99
0.04
-0.21
0.52
0.66
-0.93
0.00
0.10
-0.41
0.95
1.60
1.92
1.30
-0.34
0.24
-1.51
1.37
0.25
-0.61
1.09
0.34
-0.03
0.22
-0.05
-0.17
0.84
0.48
-1.49
-0.98
0.60
-2.75
-3.55
-4.30
5.97
-1.79
-3.39
1.86
3.40
-1.52
0.82
0.73
0.14
-0.46
-0.92
1.37
1.85
1.09
-2.30
-2.85
-2.19
-0.48
1.80
1.62
-0.88
0.58
2.34
-1.23
-1.08
-2.24
-1.61
0.12
-2.06
-0.26
1.57
-2.68
-3.90
2.25
-1.30
