-1.17
1.11
-2.73
0.23
1.36
0.42
-3.05
1.77
-2.32
2.02
0.19
1.05
1.30
-1.12
1.97
-0.86
-12.45
1.43
2.05
-2.72
0.90
-0.04
-1.23
-3.10
-2.09
1.41
-1.08
1.86
2.05
1.18
1.34
1.19
1.81
-2.56
1.44
0.92
0.00
-1.57
1.89
-2.19
0.93
1.96
-0.61
-0.78
-0.50
-1.09
1.39
1.08
-2.88
0.42
0.34
0.04
2.40
-0.86
0.17
0.66
-0.86
-0.08
-0.25
-0.75
0.08
0.63
1.50
4.26
-5.23
-0.12
-0.04
1.50
2.70
0.52
0.04
0.36
-3.99
1.48
0.12
-1.17
-0.74
1.11
3.18
-2.57
-0.77
-0.70
-1.15
-0.75
0.04
0.04
0.84
0.58
-1.74
-0.67
0.85
0.08
-2.23
1.80
-1.14
0.98
-0.80
2.51
-0.06
0.35
1.00
0.41
-1.59
0.75
-1.11
0.04
1.21
-0.21
0.41
-1.07
-0.75
-0.04
0.34
-0.46
-0.25
3.28
0.53
-1.46
2.10
-6.92
-1.77
1.19
1.39
0.43
1.58
-0.08
0.29
0.42
2.84
1.02
1.09
-0.04
3.82
1.00
0.57
0.04
1.85
10.89
1.87
0.62
2.35
-0.29
-0.45
-0.03
0.29
-1.47
0.52
0.36
1.06
-0.76
-0.13
0.03
0.26
-0.99
0.52
-0.71
-0.71
-0.29
0.36
-0.03
0.16
1.89
0.29
-0.10
0.29
1.18
1.23
-0.09
0.47
0.40
0.31
0.58
-2.48
1.88
-1.79
-0.34
0.57
-0.66
-0.63
-0.67
1.95
0.97
-0.65
-1.25
0.85
-0.28
1.41
1.86
-1.06
0.03
-1.26
-0.06
-1.59
1.04
-1.53
0.13
0.03
1.21
-0.25
-0.53
2.78
-10.76
0.14
0.55
-0.58
-0.79
-0.03
-0.73
-0.31
-0.46
-0.42
-0.71
-0.39
1.04
-0.74
0.93
-0.46
1.70
-2.62
2.15
-0.56
1.91
-0.62
1.08
0.21
-0.55
0.17
-1.31
-0.21
-2.46
-1.51
3.76
-0.25
-0.49
2.48
1.76
1.87
0.80
-1.29
0.00
-0.30
-0.40
-0.78
-0.41
0.34
0.61
0.85
1.51
-0.76
-0.10
-0.97
0.51
-0.27
0.84
3.47
-0.97
-1.63
0.53
-0.20
-0.20
0.00
0.33
1.09
-0.26
-1.21
-0.93
0.80
5.00
2.43
-1.05
-1.06
1.10
-0.65
0.31
-0.12
1.25
2.53
-0.39
1.54
0.48
-0.47
1.13
-1.38
0.66
0.47
-0.29
-0.65
1.37
0.65
-1.11
1.09
-1.05
-0.50
-0.30
-0.51
-0.45
-0.42
-0.15
-0.97
0.15
0.09
0.64
1.81
0.33
-1.83
1.02
-0.03
-0.36
0.09
0.30
0.36
0.15
-0.39
0.57
1.13
-0.97
1.04
-0.73
0.44
-0.21
0.82
0.18
0.32
-1.22
-0.49
-3.91
-1.08
-0.40
2.37
0.61
0.15
1.03
-0.27
0.57
-0.72
0.75
-0.03
-0.78
1.44
0.47
0.71
-0.15
0.32
1.84
-3.53
0.45
0.30
0.09
2.22
0.61
1.15
-0.91
-0.80
-0.92
1.43
1.52
0.65
-0.23
0.85
1.03
-3.32
-2.26
0.94
0.09
-1.19
-0.38
2.77
0.09
0.09
0.46
1.31
-1.38
-0.51
1.15
-2.27
1.19
-0.92
0.35
-1.99
0.59
2.37
0.43
2.39
1.30
1.59
-0.08
-0.67
0.76
0.27
-1.53
-0.60
-0.19
1.98
-2.35
-0.64
-0.58
0.50
-0.03
-0.53
-0.25
1.38
0.69
-0.77
-2.99
0.14
0.43
0.14
0.31
-1.44
-0.17
-1.58
1.66
0.23
-0.03
-0.57
0.37
1.12
1.39
1.23
0.61
-0.72
1.86
3.40
-0.58
0.79
0.24
0.24
0.10
0.23
-0.03
0.52
-0.13
-0.75
0.10
-1.33
0.19
0.53
-0.84
1.93
0.70
-0.05
-0.13
0.85
-0.46
0.46
-0.38
-1.36
-0.57
0.68
-1.51
-0.74
1.28
-1.79
0.86
-2.07
-0.24
-0.16
0.60
-0.27
0.54
1.73
-0.27
-0.37
0.27
-0.35
0.11
-4.60
0.78
-0.33
-1.76
0.23
0.91
-0.11
-0.14
1.21
-0.06
-0.28
0.42
-1.36
-3.15
0.84
1.53
1.42
3.11
0.05
0.05
2.17
-0.35
-0.21
-0.11
0.53
2.05
-0.50
-0.94
0.29
-0.32
-0.13
0.48
-0.87
0.82
-0.47
0.85
3.05
-1.66
2.90
0.28
-0.68
-4.63
0.29
0.56
-0.89
0.82
1.97
-0.80
2.99
0.48
0.13
0.50
2.17
-0.22
-0.98
0.45
13.82
-4.09
-3.84
0.45
-1.08
-3.09
1.51
1.63
-0.40
0.69
1.34
0.77
0.12
-0.62
-0.67
1.98
0.34
-1.55
-0.67
-1.38
1.61
0.56
-0.12
1.83
-0.57
0.30
0.21
-2.46
0.02
-0.56
-0.31
-0.87
-0.31
-0.69
-2.62
-2.14
3.27
-1.93
