2.00
-0.94
-0.31
-2.06
1.22
0.20
-0.96
-0.76
0.01
0.76
-3.51
0.05
1.67
0.62
1.97
-1.84
-3.17
1.72
-0.47
-1.47
0.11
0.78
-3.51
-1.85
-1.23
0.60
-1.46
0.81
1.25
0.36
0.73
0.21
1.48
-0.53
-0.79
1.73
0.07
-0.08
-7.88
2.04
1.36
0.70
0.27
-0.96
1.00
-0.86
2.59
-0.43
0.14
0.92
1.49
-0.26
-1.67
-0.38
-0.27
-0.07
1.67
2.05
-0.48
0.24
0.19
-0.67
-0.87
0.77
-0.93
0.01
-2.21
0.11
-2.49
-1.69
2.19
0.51
0.70
-2.24
-0.46
1.20
0.85
-1.02
-2.52
0.28
-1.26
1.59
0.12
1.75
0.41
0.64
0.98
0.65
-3.44
0.03
-0.97
0.79
-2.28
-0.67
-1.30
0.97
0.10
0.65
1.27
-0.15
-0.03
0.71
-4.10
0.20
-2.30
-2.08
0.85
0.19
0.28
-0.06
-0.28
0.48
1.53
1.08
-0.66
0.05
0.24
0.56
-0.42
-0.89
0.72
2.76
0.32
1.28
0.17
1.13
-0.80
0.12
1.73
0.38
0.35
-0.15
-0.65
-1.25
0.36
1.27
-0.88
-0.20
0.53
-0.23
-0.48
-5.53
1.35
1.71
0.54
-1.59
-1.87
0.53
1.31
1.59
0.50
-2.01
-1.37
0.03
0.27
-0.83
0.41
-0.94
-0.40
-0.06
-0.44
-0.37
1.23
-1.62
0.71
-0.51
0.29
-0.71
0.28
0.63
1.11
-1.99
-2.50
1.61
-1.69
1.40
1.18
0.09
1.10
0.12
1.23
-2.50
0.12
0.08
0.14
1.44
-1.65
-0.16
-1.93
-0.92
-1.76
-0.08
-0.91
0.07
-0.56
1.07
0.00
0.41
-0.10
-0.42
0.26
-0.34
0.00
-0.52
-0.56
1.29
-2.13
0.55
2.61
-1.51
0.08
0.71
0.47
0.03
1.56
-2.06
-2.12
0.12
1.58
-2.79
1.06
-1.57
-0.02
-0.29
2.13
-1.42
0.37
0.93
0.85
-0.79
-0.52
1.34
0.98
1.15
1.36
0.43
-0.05
0.24
0.21
-0.57
0.33
1.67
0.14
0.42
-1.47
-0.77
-0.03
0.38
-0.43
1.21
1.07
-1.13
1.02
1.35
0.35
-1.39
-0.92
-0.89
1.26
-1.12
0.14
0.19
-0.94
0.57
-0.54
-1.16
-0.95
-0.29
-0.81
-0.52
0.12
-1.43
1.44
-0.63
0.30
0.17
1.25
-0.02
0.85
0.34
-0.23
-0.55
0.36
-0.48
1.36
-0.79
1.34
0.03
0.76
-0.30
-0.08
0.38
-1.49
0.16
0.21
0.19
-0.86
-0.27
0.98
-0.38
1.75
-0.05
0.06
-0.38
-0.32
0.60
-0.35
-0.33
-1.18
0.34
-0.19
-0.16
0.05
-0.13
0.31
1.09
-0.17
0.22
0.71
0.68
-0.75
-0.32
1.38
0.44
-0.08
0.09
-0.19
-0.12
1.12
0.55
-1.15
0.08
0.39
-0.15
-1.25
0.77
1.68
-0.72
-0.28
0.48
-0.52
0.14
-0.09
-0.49
-0.28
1.66
0.21
-0.29
-0.66
0.42
-0.20
0.15
0.21
-0.34
-0.25
2.76
1.05
-0.77
0.28
0.52
0.28
-1.01
0.24
0.12
0.86
1.18
-0.64
0.04
-0.22
-1.43
0.25
-0.10
-1.09
-0.06
-0.11
-0.71
1.12
0.32
-2.83
0.14
-0.38
-0.49
0.99
-0.06
0.69
1.21
-0.30
1.68
0.00
0.00
-0.76
-0.87
1.95
0.21
0.31
0.52
-0.32
-0.12
-0.68
0.03
-0.12
-0.13
0.30
-0.40
-0.15
1.49
0.49
-0.59
-0.38
-0.71
0.89
-0.04
0.35
-0.01
-0.04
-0.84
-0.33
0.24
-0.24
-0.24
0.22
0.12
0.74
0.55
0.76
-1.46
-0.44
0.12
0.73
-0.80
-0.76
-0.16
-0.37
-0.89
0.30
-0.08
-0.62
0.34
0.14
-0.50
-0.08
1.48
0.08
-0.23
0.03
-0.06
0.11
1.14
0.39
-0.33
-0.58
-0.24
-0.99
0.12
0.80
-1.32
1.69
0.37
0.74
-0.93
0.36
0.82
-1.42
2.03
1.47
0.51
0.46
-0.90
1.30
-0.24
-1.36
0.28
-1.30
-0.59
0.27
0.06
0.10
-0.85
-1.08
-0.24
0.12
-0.43
-0.35
-1.19
-0.17
-0.38
1.01
0.17
0.58
-1.01
-0.35
0.40
-0.09
-1.98
-0.76
-0.66
0.65
0.47
-0.03
0.27
-0.75
-0.41
0.52
-1.72
-0.08
0.67
-1.20
-1.43
-0.81
-0.89
0.41
0.30
-0.66
0.03
1.17
1.00
-0.57
-0.37
0.54
-0.54
-1.05
1.72
-2.08
-0.63
-3.17
-0.59
-1.47
-2.81
2.52
-0.07
0.67
-0.56
2.19
0.10
-0.57
-3.07
0.54
1.46
0.25
-2.28
0.72
0.16
-0.64
0.91
0.74
1.65
0.76
2.13
-0.02
-0.22
0.29
0.30
0.85
0.15
-0.08
-0.23
-0.63
-2.33
1.06
0.63
