1.12
-0.58
-1.44
-0.12
0.27
-0.46
-6.88
-2.74
-3.77
-2.96
-0.94
0.29
0.45
0.11
0.93
-1.32
-3.00
2.88
0.57
-2.99
-1.85
-0.97
-0.45
-1.65
0.66
-0.07
-1.10
1.46
1.95
1.08
-1.59
-0.41
1.38
-0.58
0.95
0.71
2.35
-1.33
1.75
-0.59
1.70
-0.98
-1.17
-3.71
1.98
-1.75
2.82
0.94
-1.90
0.69
-3.54
2.78
-0.19
-2.62
-0.28
0.07
0.43
1.51
0.52
-0.52
0.61
-1.14
-1.58
2.80
1.35
0.06
-0.54
0.79
1.21
0.08
-0.27
1.47
0.46
1.13
0.22
0.30
0.23
0.73
2.42
-1.49
-1.60
-0.15
-1.13
-0.07
0.29
0.25
0.88
1.13
-1.31
-1.37
-0.83
1.04
-0.74
0.40
-0.22
0.72
0.05
1.98
0.50
-0.01
0.35
0.77
0.38
0.55
-0.85
0.52
-0.21
1.34
0.09
-1.33
-0.49
-0.50
-0.48
-0.08
-0.21
-0.59
0.82
1.12
1.80
-2.01
-2.90
1.09
2.28
0.13
0.63
-0.88
0.79
0.45
1.79
0.01
0.45
0.41
1.08
-0.15
0.44
-0.85
0.23
-0.75
0.34
-1.86
1.42
-1.63
-0.16
-1.32
0.13
-0.97
0.73
-0.12
0.65
-0.62
0.70
-0.85
0.50
0.03
1.23
-0.21
-0.44
-0.01
-0.31
0.17
0.84
-1.05
-6.03
0.79
1.12
0.31
-0.89
-0.66
0.44
0.25
-0.07
-0.77
-1.36
1.36
-1.66
-0.75
0.10
-0.33
-0.78
-0.59
0.58
1.98
0.44
-1.00
0.23
0.20
-1.54
0.99
-0.81
-0.07
0.62
0.01
-0.41
0.73
-2.18
0.19
-0.17
1.04
-0.77
1.57
0.17
0.87
-2.01
0.27
0.39
0.46
-1.65
-5.98
3.55
-0.22
3.82
-3.70
0.92
3.71
-0.75
7.06
0.82
-1.06
2.49
0.90
-1.28
0.38
-0.88
0.44
-0.22
1.16
0.12
-0.20
0.14
-1.28
-0.07
-0.22
1.39
0.03
-1.15
-6.72
2.45
-0.52
1.48
-3.62
-1.90
1.07
-0.97
-0.85
-0.22
-0.10
0.83
0.87
-0.14
-0.16
-0.86
0.89
2.51
-0.38
-0.17
1.14
1.31
-0.57
-0.32
-0.08
1.89
-0.67
-0.30
-0.97
-1.59
1.12
-2.49
-0.57
-2.35
0.77
1.13
0.33
-3.50
0.60
0.46
0.50
-0.18
-0.21
1.38
1.30
0.48
-0.24
-0.33
1.07
2.00
-0.90
0.28
0.87
0.28
-1.53
1.50
0.35
-0.53
-2.14
-3.80
0.34
-1.12
1.17
-0.25
-0.93
-1.17
-1.86
0.40
-1.11
-0.82
0.23
0.05
0.14
0.76
0.37
0.31
2.34
-0.98
-0.08
0.05
0.27
-0.42
1.09
0.59
-0.19
-0.34
-0.11
0.30
-0.87
0.41
1.04
-0.88
1.19
-10.77
2.12
0.20
-0.10
-0.68
1.28
0.91
-0.75
-0.34
0.03
0.78
-1.71
-0.57
-1.71
1.14
-0.25
-0.71
-0.79
1.43
0.33
-0.27
-0.48
0.38
-0.55
-0.27
0.25
1.09
0.48
0.97
-1.68
0.20
-0.02
1.74
1.81
0.18
0.78
-0.05
-0.13
1.94
-1.26
0.87
1.47
0.46
0.48
-1.37
0.91
-2.02
-0.08
0.13
-0.38
-1.81
-0.05
-1.07
-0.44
0.91
-0.64
0.68
0.93
-0.11
-0.96
0.95
-0.22
0.18
-0.08
1.45
-1.80
0.91
-0.41
-0.45
-0.61
1.00
-0.11
-0.34
-0.13
-1.67
-1.45
0.85
0.81
0.69
0.44
-1.55
-0.79
-0.38
2.14
-1.12
-0.69
0.46
0.63
0.34
0.24
2.10
-1.03
-0.68
1.52
-0.56
0.90
1.22
-1.62
0.96
-1.42
0.50
-1.02
-1.63
1.34
-0.16
0.92
0.29
0.93
-0.14
0.17
0.40
0.49
0.03
0.52
0.05
-2.58
-5.04
-1.76
-0.81
-0.07
-0.92
-0.58
0.70
0.98
1.70
1.29
-1.45
0.34
3.93
-3.65
5.53
-1.35
-0.10
1.68
-3.21
0.36
0.13
-0.03
0.25
-1.15
1.38
-1.03
-0.33
4.00
-0.82
-0.84
-0.37
1.52
-1.51
0.47
-0.05
2.31
3.69
-1.18
5.82
-0.47
1.08
-1.69
1.10
0.35
0.25
0.01
0.66
3.67
2.56
0.38
0.45
0.64
0.09
0.62
-0.15
0.15
-0.47
0.79
0.57
0.56
-0.09
0.72
4.38
0.55
-0.32
0.97
-0.57
0.46
-0.97
0.27
1.12
0.04
-0.23
-0.20
0.64
0.74
-3.19
-0.16
-1.36
-2.05
-2.09
1.39
-1.30
-2.15
-2.25
1.67
0.96
1.82
-1.15
1.57
1.09
-0.29
-1.46
3.05
0.83
1.29
-4.06
-1.83
0.95
-0.01
-0.24
-1.56
8.58
1.29
-3.10
-1.60
-0.39
-0.48
-0.41
-3.99
-0.78
-1.02
-1.69
-0.44
2.19
-1.85
