-0.72
-0.74
-3.55
-2.96
-0.19
0.63
-4.94
1.22
-4.56
2.49
0.91
0.11
0.68
-1.78
-0.27
-5.15
-0.84
2.38
1.10
-3.37
-2.44
3.74
-6.37
-2.15
1.21
1.85
9.56
-1.08
3.12
5.16
-3.08
1.12
-1.57
-2.62
0.23
0.70
0.30
-1.27
3.92
-1.35
1.67
0.02
-2.89
-0.50
0.79
3.49
5.07
1.27
-0.10
-1.69
-2.47
-1.16
0.63
-1.77
0.06
-1.19
-1.01
0.60
0.52
0.02
0.35
-2.83
-1.04
1.62
-2.05
-0.58
-0.98
2.56
2.25
1.78
0.31
1.71
-3.13
0.68
0.05
-0.77
-1.00
0.20
1.06
-0.72
8.21
0.65
-0.47
-1.60
-1.37
0.54
-0.49
2.15
-2.06
0.26
-0.90
0.00
-0.27
-0.76
-2.00
1.78
-0.26
2.70
-0.14
-1.05
0.42
-0.94
-0.58
0.45
-1.00
-0.21
0.82
-0.57
-0.84
-2.12
-2.31
0.64
-0.63
0.01
-0.20
2.93
0.17
0.57
1.78
-7.41
-3.26
2.79
2.95
2.03
1.33
-1.65
0.25
1.29
1.73
1.69
1.91
0.76
0.76
-0.44
0.79
0.52
0.91
-0.52
0.53
0.35
0.03
-0.37
1.77
-2.20
0.62
-3.25
-0.87
0.84
-0.25
0.76
-0.27
0.53
0.37
1.11
0.71
-0.53
-0.74
0.02
-0.38
-0.88
-0.34
-1.51
0.32
-0.79
-1.40
-0.65
0.03
3.67
-0.95
1.66
-0.23
0.37
-2.60
2.22
-1.77
-0.22
0.53
-3.64
-1.59
1.44
0.34
0.71
1.03
-0.75
3.68
2.56
2.08
-1.42
0.26
1.79
0.01
-0.51
-0.64
0.85
-0.88
0.91
-0.08
1.78
0.81
0.86
1.51
-0.02
2.34
0.09
0.23
-1.91
0.70
4.13
-1.83
-2.51
-2.37
1.86
-0.06
1.02
0.41
-1.78
-0.90
-1.97
-1.68
3.68
1.34
1.10
-0.72
0.63
0.88
-0.94
0.72
-1.07
-0.65
-0.84
-1.64
-0.83
2.22
0.06
-0.18
-0.45
0.86
-3.07
-0.18
-3.03
0.49
-0.26
-0.38
0.75
-1.90
-0.40
-0.47
-0.20
-0.14
0.44
-0.61
-0.74
1.16
0.84
1.53
0.73
0.27
-0.36
0.69
0.68
-0.19
0.64
-0.42
0.91
0.06
0.19
0.53
0.31
0.64
-0.39
0.05
-0.67
-0.15
0.78
0.43
0.24
0.41
0.33
-0.49
-2.57
0.14
1.01
-0.85
-0.37
-0.01
0.97
-0.77
-0.39
-0.39
0.29
1.18
-1.27
1.01
1.14
0.74
1.75
0.14
0.84
1.26
0.24
1.43
0.97
0.36
-1.01
-1.75
0.06
-0.50
0.57
0.03
0.96
0.49
-0.15
-2.54
-0.02
-0.89
-0.04
0.56
0.65
1.56
0.51
0.12
-0.89
1.72
0.10
0.37
0.75
0.04
1.64
0.96
0.24
0.33
-1.82
2.15
1.76
0.09
1.42
-0.51
-0.58
-0.12
0.31
0.02
-0.04
2.30
1.64
-3.41
0.61
0.23
0.65
0.04
0.79
1.29
-0.66
-0.30
-0.26
2.09
-0.29
1.02
-0.68
-0.35
1.95
-3.77
0.48
1.14
0.87
-1.02
0.36
1.49
-0.47
1.20
1.70
1.60
-1.59
-2.69
1.47
-1.31
0.57
-0.82
1.64
-0.99
0.75
0.13
-0.03
1.60
0.37
0.83
-0.93
0.55
1.24
-0.54
-0.45
0.44
-0.03
1.53
-1.71
3.40
-1.90
-2.42
0.29
0.36
-1.52
-1.47
-2.12
1.33
-2.94
0.67
2.12
-0.35
1.17
-3.12
-0.30
0.92
1.78
0.33
1.25
-0.47
-4.49
1.02
-0.38
3.43
-0.08
-0.42
-2.18
-0.29
-1.78
1.92
0.86
0.21
-1.57
-0.87
0.02
-0.49
1.09
0.08
1.85
-2.09
0.47
1.52
-1.88
0.77
2.01
-0.43
0.95
0.55
-0.28
-1.03
-0.02
0.51
0.55
1.44
-1.08
0.44
2.11
0.74
-0.39
-1.39
0.03
-1.88
-0.37
-15.99
-2.89
3.70
-2.09
1.20
-0.37
-0.06
-2.74
-1.91
2.92
-0.38
1.50
-0.75
0.72
1.57
-0.37
1.13
1.68
-0.13
-0.10
-0.79
-2.91
0.39
0.17
-0.38
-1.20
-1.32
0.03
-1.40
0.25
0.73
-0.12
1.14
0.82
0.89
-0.41
-1.19
0.05
0.09
-0.62
0.74
0.77
-1.22
1.38
3.09
0.77
0.78
0.86
-0.73
-0.08
1.75
2.26
-1.31
0.03
-2.87
-0.49
1.39
0.70
1.16
0.52
0.50
-1.03
-1.16
-0.68
0.86
-1.91
-0.73
1.25
1.61
-5.28
-15.77
-0.35
-1.03
-1.63
2.13
1.58
0.24
-1.07
1.57
1.69
0.23
-2.73
1.41
-1.15
0.52
3.02
0.88
2.52
-0.92
1.71
1.98
-4.29
3.42
-0.73
0.67
-1.86
-0.70
-0.97
-2.07
-0.81
0.69
-1.17
