0.41
-2.87
-2.75
-12.17
-9.65
-7.12
-3.83
3.68
0.59
-9.71
2.93
4.11
1.52
-5.69
4.76
-1.52
-7.69
1.33
2.63
-4.49
-0.67
3.72
1.63
-7.37
-8.30
-1.51
-4.60
-0.40
6.85
8.68
-2.08
3.55
1.37
-3.38
-2.10
-0.71
3.24
1.05
-3.79
8.24
3.64
0.00
2.88
-7.45
1.34
-5.96
1.76
1.73
-6.46
1.82
2.86
4.51
-1.66
0.34
-5.05
5.67
2.01
-1.64
1.00
-1.66
0.34
7.38
-1.88
8.28
18.53
-4.71
-3.65
-0.54
8.70
0.75
2.48
3.63
2.80
3.41
-0.88
6.87
-3.32
0.21
2.57
1.67
1.64
0.61
-2.21
-0.62
-4.13
4.74
-2.06
14.08
7.73
-4.96
2.34
2.11
1.72
0.17
1.86
3.98
4.78
1.98
0.45
-2.23
1.06
1.95
0.00
1.03
-1.17
5.32
-0.84
-1.56
-3.88
-1.49
-1.21
-2.61
0.79
2.97
4.10
4.53
0.70
-3.05
7.01
0.27
-8.67
2.34
4.71
3.00
0.53
-2.63
3.24
16.49
0.79
3.01
4.55
-2.28
0.64
3.16
-1.63
-0.73
-2.61
-1.82
1.31
-2.37
1.10
1.09
-1.41
-0.66
-0.22
0.55
2.20
-0.22
0.00
0.97
-0.64
-1.51
0.44
-1.52
6.40
-3.53
7.10
1.20
0.69
1.58
0.29
-4.06
1.81
-1.29
1.91
1.18
0.68
-1.74
3.64
-0.47
-0.19
-0.86
-5.11
4.26
-2.92
-1.00
3.44
-1.47
-0.40
-0.40
0.10
-0.90
2.22
-1.78
-1.11
5.29
4.35
2.41
0.72
-3.59
1.02
-2.67
-0.95
1.82
-0.38
3.02
0.00
-0.27
-0.92
0.83
0.28
0.27
-0.82
-0.37
-1.57
-2.07
-2.01
-2.25
-2.40
0.00
-1.03
-1.04
0.52
2.08
-2.04
4.17
5.50
3.79
1.37
0.45
-0.45
-0.90
2.27
0.89
2.20
0.43
-1.72
-1.75
-0.44
4.02
-0.43
-2.59
0.44
3.52
0.43
-0.42
0.00
-6.81
-3.65
-0.47
-0.95
0.00
-0.96
2.91
0.47
-1.41
0.95
2.83
-1.38
1.40
-2.29
0.00
2.82
-2.28
-0.93
-2.36
2.90
-0.47
-7.55
0.00
-2.04
2.08
-3.06
1.58
0.52
2.58
1.01
-2.49
-1.02
-1.03
3.13
0.51
-0.50
-1.52
-2.56
-2.11
-0.54
0.00
3.24
-3.66
-1.09
0.55
-1.09
1.10
-1.09
-0.55
0.00
-0.56
1.12
-2.76
3.98
-1.64
0.00
-2.78
-2.29
-1.17
-0.59
-0.60
-1.20
-0.61
-2.44
1.88
-0.61
1.23
-1.83
-1.86
3.16
-2.45
0.63
0.63
3.73
-3.59
1.24
0.00
-0.61
-3.09
0.00
6.37
3.59
0.58
-1.72
-1.17
0.00
2.96
0.00
1.72
-0.56
4.55
2.72
-1.06
-0.53
-2.69
-1.66
0.56
-3.35
1.73
2.27
-1.11
-0.56
-0.56
-0.57
-0.57
-1.72
1.17
-2.89
0.60
0.59
0.00
1.76
-2.31
2.37
0.58
-2.30
0.00
1.76
3.47
-3.35
-0.58
1.16
4.02
2.76
-1.08
-1.63
0.00
-1.10
1.12
-0.55
-0.56
-2.23
2.86
1.11
0.55
-0.55
-15.38
-0.65
0.65
0.00
0.00
1.95
0.00
-1.27
-1.29
-0.65
0.66
0.65
-1.30
3.29
1.91
-1.25
1.27
-1.25
0.63
0.63
-0.62
0.63
-2.50
7.69
0.60
-0.59
4.17
1.14
2.26
-2.76
1.14
1.12
1.11
-1.10
-0.56
-2.23
0.57
0.00
0.57
0.56
1.12
0.56
-0.55
0.56
0.00
0.00
1.66
-1.09
-0.55
1.10
0.55
-0.54
1.09
1.62
-0.53
0.53
0.00
0.53
2.65
0.00
1.55
1.52
-1.50
1.52
2.50
-7.32
2.11
-2.58
-1.06
1.60
-1.05
6.12
-0.75
0.00
-2.53
-0.52
1.56
1.03
1.02
-1.51
1.53
1.01
0.50
-0.50
1.99
1.95
-1.44
-0.49
-0.98
0.74
-1.22
0.50
-2.96
1.52
-1.00
-1.52
0.51
2.04
10.00
1.36
2.24
1.32
3.46
-1.26
0.42
0.42
1.26
0.00
0.41
0.41
-0.82
2.49
-2.43
1.24
0.41
0.41
-0.41
-2.86
2.94
0.82
-1.62
0.82
0.41
-0.41
0.41
-0.81
-1.64
1.67
-0.82
0.83
-1.23
0.41
-1.65
0.84
-0.42
1.26
-0.41
0.41
1.65
-3.66
2.11
-2.48
0.42
0.00
1.27
0.00
-1.67
0.00
0.00
14.41
-3.70
-0.58
1.35
0.76
0.00
-0.38
-3.42
0.39
0.78
0.00
1.56
-1.92
2.73
-0.38
0.38
0.00
-2.28
1.17
-1.54
3.12
3.03
0.00
-0.37
0.00
0.00
2.21
-1.08
-2.55
-1.87
1.15
-0.38
-0.38
1.90
-2.05
-1.33
4.63
-4.43
