-1.79
-4.45
-3.13
-1.26
1.83
0.63
-5.06
-0.08
-1.80
-0.17
-0.42
0.92
1.08
-1.32
2.34
-3.34
-1.18
1.96
1.09
-4.64
-0.43
0.61
-0.69
1.22
-2.07
-0.09
-1.50
3.40
2.77
3.37
-0.08
-1.31
3.80
-1.11
-2.74
2.57
0.65
0.32
4.64
0.99
2.42
0.37
0.22
-2.86
-0.30
-0.30
1.06
-0.15
-0.30
2.04
-0.22
1.26
0.15
-0.51
-2.43
-1.51
0.23
0.84
1.14
1.12
-2.96
-2.29
-0.23
0.39
-2.34
0.24
0.88
1.18
1.95
0.23
-1.15
2.40
1.43
1.49
0.07
-0.29
-0.22
1.25
-0.65
3.15
-3.76
0.44
-1.40
-0.89
0.08
0.90
-0.89
1.28
-1.26
0.23
-0.97
0.76
-1.35
0.15
-0.53
0.76
-0.45
1.22
1.73
-0.44
-0.07
0.30
-2.82
0.76
-1.29
1.07
1.52
-0.15
-0.75
-1.21
-0.92
-1.08
1.32
0.85
1.07
1.21
-1.49
-0.30
1.67
-6.57
-2.88
1.89
1.29
0.16
1.19
-2.52
1.37
1.43
2.67
1.38
1.36
0.22
0.82
-0.15
0.59
0.00
0.66
1.31
-0.57
-0.07
0.22
-0.14
-8.16
-0.39
-1.42
-4.33
1.59
-0.41
0.91
-0.08
1.07
-0.49
0.49
0.16
0.81
-0.72
0.41
-0.48
0.49
-0.24
0.49
-0.97
1.38
-0.72
0.73
0.64
0.40
-1.27
0.48
1.36
0.24
0.24
-2.75
2.58
-2.52
-1.94
-0.25
0.00
0.00
-0.91
0.75
0.74
-0.08
-1.31
-0.25
0.92
-0.99
0.84
0.25
0.83
2.30
-0.72
-0.81
-1.38
-1.07
-0.25
-0.42
0.00
-0.25
0.08
1.01
-0.33
0.42
1.41
-2.79
0.25
-1.18
-0.17
0.17
-1.11
-1.81
-0.44
-0.09
2.12
-0.86
0.87
3.11
2.85
-1.79
-0.17
-0.33
-1.08
-0.93
0.26
0.85
0.08
1.18
-1.00
0.00
0.34
3.93
-1.53
1.63
0.96
3.98
-0.23
1.07
-2.66
-0.39
-1.88
0.40
0.40
0.24
0.95
-1.10
-1.90
0.48
-0.56
-1.13
-0.16
-0.82
3.79
4.61
-3.04
-0.08
-1.02
1.74
-1.40
-0.63
0.32
-0.16
-1.59
0.16
-0.56
-0.40
2.44
1.43
-3.28
0.97
-0.96
-0.08
-0.32
-0.32
2.28
-0.32
-1.44
0.32
0.00
1.05
0.40
0.72
-0.16
-0.71
0.32
0.87
-0.16
-0.87
-0.72
1.52
-1.03
1.28
-0.24
-0.08
-1.03
-0.48
0.56
-0.24
0.24
0.08
0.08
0.80
0.40
-1.73
-1.60
-4.56
0.43
-0.85
-0.43
-1.38
1.66
0.26
0.00
-0.34
-1.72
-0.61
-0.97
0.09
-0.35
0.18
0.27
-0.44
-1.07
1.53
-1.24
0.45
2.50
-1.13
0.79
0.44
1.05
-1.12
0.00
-0.44
-4.38
1.37
-0.63
1.27
-0.09
0.27
-1.08
-0.27
-0.82
0.18
0.00
-1.65
0.28
0.74
2.12
-0.45
-0.81
-0.91
0.64
1.37
0.36
2.61
-0.53
-0.88
-1.16
-0.45
0.27
0.27
1.35
-0.09
-0.44
0.18
-0.18
0.18
-1.07
-0.72
0.82
-0.81
1.27
-0.89
0.09
0.72
0.18
3.31
-2.25
-1.06
0.72
0.71
0.35
0.79
1.13
0.69
0.51
0.09
0.68
-1.10
-1.45
-2.08
-0.18
-1.86
1.08
-0.09
0.45
-2.41
0.46
-0.64
0.18
-0.27
-0.27
0.28
-1.37
0.00
1.30
-0.64
-0.37
-1.48
-0.75
0.09
0.76
0.56
0.00
1.03
-0.28
0.46
0.92
0.82
2.90
0.09
1.23
-0.87
-0.35
0.44
1.58
0.26
-0.52
0.52
0.09
0.77
-0.09
0.09
1.02
0.84
-0.08
0.17
0.08
0.08
1.00
2.07
-0.32
-0.41
0.49
0.24
0.41
-0.08
-2.10
-0.58
0.58
1.24
-0.65
0.33
-1.06
-0.50
1.25
-0.98
1.66
-1.71
0.33
1.40
0.65
0.57
-0.48
-0.24
-1.38
-0.99
-0.25
1.25
-1.15
-0.17
0.33
-0.25
1.00
-0.08
-0.41
0.25
0.08
0.83
2.87
-0.32
0.48
0.40
-1.58
-0.40
1.21
0.64
-0.24
0.16
0.24
-1.35
0.96
0.64
0.24
0.24
-0.71
-0.40
0.16
-0.79
0.64
-0.72
1.36
0.79
1.72
1.69
-0.38
-0.53
-0.38
1.00
0.53
-0.98
-7.02
-0.90
-0.58
0.17
-0.50
0.75
-3.98
0.69
-4.55
-0.54
-0.81
-0.46
-1.92
-4.39
5.08
0.00
-3.07
0.96
1.61
-1.03
1.42
0.19
-1.39
0.19
-0.28
0.28
0.66
1.78
-2.57
0.00
-3.02
1.07
1.73
0.47
0.00
-0.19
1.13
0.75
-0.28
2.23
0.45
0.72
-1.26
-0.18
1.00
-3.15
-1.77
2.56
0.00
