-1.09
0.28
-2.03
-0.64
0.23
1.39
-1.67
1.24
-4.03
-2.39
-0.65
1.67
2.26
-3.05
3.26
0.05
3.42
3.10
-0.30
-3.24
1.28
9.84
-0.62
0.92
-0.69
-2.51
-0.62
2.45
1.49
1.69
0.32
0.20
1.59
-1.81
-0.09
1.28
0.33
0.15
3.11
-0.43
1.08
-1.66
0.22
0.54
0.90
0.00
-0.28
0.17
0.23
0.79
3.21
0.22
1.67
-1.88
-0.20
0.14
-0.82
1.07
-0.18
0.14
-0.14
-3.19
0.02
-0.57
-0.83
0.88
-0.40
-3.41
1.06
-0.11
0.09
-0.17
0.02
0.15
-0.50
0.11
-0.07
1.93
2.07
-0.36
-1.02
0.49
-1.38
-1.73
2.15
-0.13
-0.71
1.10
-0.79
-1.43
-0.35
0.53
-1.14
0.42
-1.94
0.79
0.02
1.85
0.53
0.30
-0.17
0.07
0.46
0.58
-0.67
-0.80
-0.20
0.55
-1.39
-1.72
-1.32
0.59
-0.63
0.77
0.38
1.28
-0.18
-0.02
1.36
-3.97
-2.40
0.26
1.47
2.19
2.03
-2.01
-0.09
0.86
1.14
0.29
-3.46
-1.12
0.00
0.35
-1.08
-1.26
0.26
-1.67
0.67
-0.47
0.14
-0.19
1.43
0.59
-0.61
-1.60
0.60
0.81
1.11
-0.05
-0.86
-0.02
2.28
0.00
0.78
-0.69
0.30
0.64
0.25
0.36
-0.29
-0.75
0.07
0.05
0.57
-0.57
-1.46
-0.67
1.17
-0.95
-1.51
-0.21
-3.79
0.35
-0.66
-0.40
1.32
-1.81
1.25
-1.60
0.80
0.77
-0.27
-0.59
0.47
1.19
-0.07
2.30
0.91
-1.68
1.11
1.96
-1.01
-0.43
-5.13
-2.25
-1.84
0.00
-0.18
-0.29
1.99
-0.28
-1.13
1.49
-0.77
0.98
-1.46
0.81
0.57
-1.49
-0.39
0.92
2.18
2.97
0.02
7.31
3.05
-1.42
1.85
-0.02
0.00
-0.29
-0.36
1.03
1.46
0.70
0.28
-0.02
1.40
0.83
0.19
0.72
1.57
-0.58
1.80
-0.08
-0.24
-0.22
-0.61
-0.58
0.23
-0.78
-0.06
1.06
-0.80
-0.23
0.23
0.39
-1.97
-0.36
-0.49
-0.06
0.47
-1.17
-0.24
-0.73
0.74
1.98
1.20
0.10
0.43
5.81
-1.00
1.36
-0.51
-0.33
-0.04
-0.83
-0.40
0.06
-1.04
-0.12
-1.25
0.08
2.75
-1.15
0.02
0.86
0.18
-0.42
0.52
0.14
0.30
0.20
0.32
0.00
-2.12
0.62
0.50
-0.64
1.90
-0.69
2.31
0.81
-1.63
0.14
-2.45
1.24
1.18
-1.38
1.81
-0.70
1.21
-0.13
-1.24
1.09
-1.37
-0.49
-1.42
1.68
0.67
0.20
0.35
-0.33
0.84
-0.10
-1.47
-1.41
0.40
-0.18
-8.05
-1.62
0.00
0.57
-3.36
2.69
0.04
0.59
-0.72
0.68
0.20
-0.94
-1.54
-0.34
1.24
0.38
0.62
0.33
0.26
-0.66
-0.02
-1.12
-0.53
-1.21
-0.54
-3.78
1.51
1.49
1.81
-0.29
-1.36
-0.80
0.42
-0.46
-0.23
1.02
1.51
0.86
-5.71
0.14
0.62
2.59
1.08
-1.30
-0.53
1.07
1.74
0.47
-3.16
-1.16
0.19
0.19
-0.51
-1.27
0.81
0.19
2.35
1.19
0.27
-0.23
-0.41
-0.32
-0.37
-2.00
1.05
-0.67
-0.89
2.16
-1.70
0.91
-1.53
1.46
2.44
-0.43
-0.21
-0.57
-1.35
0.07
-0.02
-0.98
3.05
-1.80
-1.35
1.44
-1.72
0.59
1.34
-0.97
0.77
-3.43
-2.24
-1.75
3.58
-0.58
-0.02
0.75
0.29
-0.41
1.57
1.45
-0.45
-1.04
0.78
-1.04
1.81
0.63
1.37
0.00
0.02
0.85
0.39
0.23
0.81
-0.16
-0.54
0.63
1.59
0.64
0.44
-0.33
0.39
0.09
-0.33
0.85
-0.02
-0.52
-2.03
-0.78
3.22
1.38
1.46
1.44
1.06
-0.39
0.27
1.10
-4.25
-0.43
1.82
-0.63
-0.85
0.38
-0.40
1.71
0.69
0.31
-0.04
-1.04
0.11
-0.76
0.51
0.21
1.89
0.00
-0.74
0.71
0.62
0.66
-0.24
2.96
1.67
2.24
-0.40
5.17
-1.80
-0.85
0.77
-0.11
0.07
-1.60
0.28
-1.07
1.41
0.81
-0.71
0.41
1.05
-0.11
0.15
1.07
0.79
-0.82
-0.27
0.04
0.40
0.20
1.06
-0.20
-1.72
1.25
0.91
-0.27
-5.84
2.09
0.85
1.09
0.15
4.50
0.42
1.03
-2.11
-1.13
-1.56
-0.84
-1.72
-2.52
1.55
0.41
-2.03
2.47
-1.14
1.38
2.02
1.87
-1.65
-0.93
0.26
-0.35
1.86
1.56
-1.27
-1.14
-1.70
1.15
1.58
2.17
0.30
-0.21
2.57
-0.28
-0.09
-0.68
0.42
1.30
-1.88
-1.64
0.89
-2.71
-2.59
2.01
-3.80
