0.50
0.23
-4.90
-0.60
0.18
1.91
-3.95
3.07
-3.46
0.31
-0.96
-0.20
4.01
-0.95
0.34
-2.97
15.52
2.84
2.57
-0.42
-1.68
-1.95
-5.81
-4.15
-0.21
1.47
0.90
0.10
-0.39
3.53
-1.64
1.06
2.48
-1.59
1.35
1.11
-0.14
-0.93
2.71
0.12
-0.34
-1.09
-2.45
0.19
1.49
-0.18
1.95
0.44
0.71
1.36
-1.03
0.39
0.36
0.36
0.26
0.45
0.57
2.15
-1.24
-0.52
1.72
-3.02
-0.29
1.33
-0.06
-2.65
-1.48
1.49
-0.09
0.30
-1.08
0.74
1.67
0.12
0.91
-2.54
-0.42
-1.22
0.12
7.20
0.73
0.84
-0.96
0.54
-0.21
1.43
-0.21
1.06
-0.81
0.64
-0.39
-0.95
-1.11
0.26
-0.71
0.46
-1.18
1.49
0.16
1.34
-0.08
-0.48
-0.03
0.13
-0.39
0.27
-0.87
0.53
0.14
-1.64
-2.29
0.87
-0.30
-0.18
-1.20
0.31
0.89
-0.41
1.03
-2.61
-2.77
3.42
1.30
0.11
-0.08
-0.17
2.37
-0.73
1.20
0.54
0.05
-0.98
0.44
-0.37
2.15
1.04
1.09
-1.07
0.32
0.52
-0.34
1.75
1.35
-0.85
0.30
-0.98
-0.47
1.51
0.64
0.09
-0.16
-0.14
0.02
-0.02
-0.78
-0.48
0.87
-0.37
-0.28
0.48
0.18
-0.72
0.33
0.86
1.26
-0.55
0.22
0.04
0.27
2.55
1.02
-0.60
-2.43
1.25
-1.15
0.44
0.45
0.56
-0.33
-0.01
1.01
0.11
-1.63
-0.51
1.08
0.42
-0.88
0.14
0.39
-0.45
0.22
0.21
0.19
0.97
-1.04
0.13
-0.95
0.05
-0.27
0.81
1.20
-0.08
1.59
0.92
-0.74
-0.94
-1.03
1.23
-0.23
-1.14
-1.80
-5.64
0.62
1.16
1.69
-0.84
-1.93
-1.47
-3.31
1.84
-0.73
1.25
-0.65
4.06
-0.25
-0.52
-0.38
0.02
0.38
-2.03
-2.80
0.26
1.76
-0.10
0.55
0.81
0.65
-1.60
2.16
-0.08
0.30
-0.58
-0.53
-0.13
-0.04
-1.38
-0.11
0.63
-0.92
-0.49
-1.12
1.57
1.57
1.67
2.27
1.21
-0.44
1.40
0.42
1.36
-0.37
0.04
-0.29
-0.40
1.49
0.34
1.63
0.99
-0.45
-0.91
-0.50
2.23
-1.79
0.11
0.82
-0.17
1.79
-0.04
0.04
-0.10
-0.15
-0.31
0.30
-0.23
0.14
1.79
-0.56
0.06
0.72
-0.64
1.39
-0.48
0.30
0.18
-0.09
0.31
0.38
0.40
0.58
-0.20
0.29
0.19
-0.11
0.07
-1.02
0.78
-0.04
0.58
-0.01
1.03
0.63
-0.17
-0.25
0.16
-0.39
0.08
-0.48
-0.28
0.18
-0.79
-0.24
-0.14
1.46
-0.33
0.93
1.08
-0.08
1.25
0.70
0.05
0.78
1.73
1.47
0.21
-0.64
-0.63
-0.40
0.55
-0.38
-0.13
-0.17
0.19
-0.09
-0.27
-3.29
1.94
0.27
0.12
-0.11
1.33
1.28
0.11
0.16
-0.60
0.05
1.37
0.01
-0.53
0.20
1.04
-3.28
-0.80
1.51
-0.29
-0.30
0.56
1.48
-0.41
1.09
-0.33
1.09
-0.95
-1.96
1.77
-1.44
-0.04
-1.69
1.29
-1.01
1.76
1.36
1.15
2.34
0.23
0.45
-0.15
1.96
0.79
0.24
-0.06
0.95
-0.43
0.20
2.92
1.18
-1.86
0.36
-0.36
-0.39
0.61
1.39
-0.44
-0.03
-2.21
0.41
1.59
0.15
-0.58
-1.82
0.30
0.22
1.11
-0.55
-0.57
-0.85
0.55
0.48
1.11
1.22
0.01
-0.76
0.80
0.65
-1.30
1.50
-0.32
0.05
-1.21
0.36
-0.92
1.48
-0.20
-0.62
-0.33
-4.50
0.82
2.11
0.63
1.23
-0.78
0.29
-0.91
1.67
0.58
0.16
-0.53
0.67
-0.11
0.69
0.45
0.91
-0.05
-0.84
0.24
-2.12
0.31
-0.70
0.02
4.25
1.12
0.11
1.44
-2.05
0.00
0.70
0.04
-0.53
-0.47
0.17
-0.39
-0.07
0.92
-0.33
-0.15
1.75
-0.54
1.06
0.14
-0.33
-4.00
1.17
-1.17
-2.07
0.79
1.87
2.32
-0.63
0.02
-1.16
0.76
0.05
1.00
0.36
-0.72
-0.90
-0.25
-0.14
-0.68
0.93
0.17
-0.82
2.81
1.79
-0.18
1.37
0.77
-0.22
-0.02
-0.04
-4.47
-0.55
-0.44
1.24
0.83
2.25
2.15
-1.48
0.50
1.34
-2.12
0.61
-0.12
3.32
-1.46
-4.01
1.46
-2.77
-4.79
2.58
0.24
-1.85
3.68
0.25
-1.44
-0.76
1.08
0.61
2.40
0.89
-1.88
-1.73
-1.33
0.39
2.14
-0.34
2.19
-0.75
1.58
-0.25
-1.56
1.27
-0.18
0.67
-6.77
-2.56
0.74
-2.66
-3.34
0.42
-4.92
