0.85
-2.68
-4.39
0.09
-1.29
1.31
-3.28
1.08
-3.63
0.22
-3.16
0.32
3.23
-1.19
0.98
0.76
-0.02
3.63
-0.43
-1.63
0.64
2.47
-1.71
-1.20
-0.43
-1.64
-2.52
3.36
2.73
0.74
-1.32
-1.20
4.34
-1.17
-0.24
1.87
1.03
-0.36
3.29
0.63
1.12
0.03
0.81
-1.76
-0.39
-0.26
1.98
-0.40
-0.54
0.84
11.83
1.47
0.51
-0.68
-0.48
0.01
-0.28
0.49
-0.87
0.71
0.58
0.08
-1.14
0.51
-0.92
1.33
-0.23
1.26
1.28
-0.91
0.12
0.74
0.68
-0.52
-1.09
0.45
-0.46
0.94
0.27
-1.13
-0.33
1.50
-1.67
0.28
-2.95
0.41
0.78
0.59
-1.20
-1.19
-1.01
0.53
0.06
0.50
-0.24
1.58
0.25
1.44
-0.10
-0.50
0.65
0.30
-0.16
0.06
-0.59
-0.34
0.96
-0.05
-0.39
-1.97
-0.27
-0.42
-0.06
1.38
0.23
1.37
-0.32
-4.54
0.88
-4.64
-2.95
1.35
1.46
1.01
1.36
-1.09
-0.47
0.76
2.37
0.57
1.81
0.29
0.67
-0.56
0.11
-0.67
0.24
-1.04
1.49
-0.34
0.79
-0.37
0.34
0.28
-0.15
-1.53
0.90
-0.49
1.93
0.48
0.38
0.19
0.69
-0.17
0.54
0.20
-0.17
0.44
0.86
-0.44
0.42
-0.21
-1.60
-0.35
0.13
-0.15
0.00
0.43
-0.09
-0.40
0.22
0.12
-2.75
1.50
-1.78
-0.56
0.39
-0.74
1.49
0.86
6.89
-0.12
0.42
0.54
1.12
-1.04
-0.19
-0.25
-0.22
-0.40
0.38
-0.67
-0.05
0.69
-0.07
-0.31
-1.49
0.02
-0.08
-0.06
-0.16
-0.45
0.29
1.10
-0.09
0.97
0.47
-0.09
0.04
-1.60
0.50
0.74
0.66
2.99
0.72
-0.08
1.32
0.07
1.34
-0.41
-0.85
0.69
1.19
0.46
-0.04
1.08
0.74
-0.78
0.15
0.71
0.27
0.32
0.88
-0.60
1.65
0.28
-0.24
0.53
1.71
-1.54
0.00
-0.73
0.58
0.57
-3.33
-0.64
0.51
-0.68
-1.10
-0.80
-0.40
0.81
0.54
-0.16
0.98
-0.29
-0.67
0.44
-0.98
-0.20
-0.51
0.63
-0.57
-0.24
-0.15
3.32
0.70
-0.19
1.73
-1.36
-2.14
-1.50
-0.89
1.95
-0.01
-0.10
-0.03
0.32
1.21
0.90
-0.06
1.15
-0.68
0.18
0.86
-0.78
-1.37
1.01
0.65
-0.72
2.30
-1.37
-0.18
-0.21
-0.54
0.01
-0.83
0.44
0.50
-0.90
0.98
-0.08
0.77
-1.19
-0.22
2.13
-3.44
-0.57
-0.57
1.52
0.54
1.70
0.50
0.11
0.47
-0.21
0.07
-0.17
0.06
-1.41
-3.46
-1.38
0.99
-1.04
-0.03
1.59
-0.64
1.77
0.23
0.31
1.12
-1.05
-0.77
0.43
0.47
0.67
0.64
-0.68
-0.17
-0.55
0.57
0.43
1.62
-0.32
-3.43
0.66
0.34
1.20
0.74
0.11
0.80
-0.28
-0.20
-0.02
2.33
2.39
-0.42
0.45
1.47
-0.15
0.27
1.32
0.14
-0.25
0.74
0.02
0.21
-0.95
1.60
-0.32
1.76
0.00
-0.48
1.32
-0.88
0.98
0.02
0.43
-1.50
1.62
0.16
-0.61
0.36
-0.16
0.50
-1.63
-2.06
0.87
-0.47
0.30
0.08
0.79
-0.35
-2.85
0.24
-0.00
-0.63
1.35
-0.07
-0.02
-0.45
-0.66
-0.40
-1.28
0.65
1.46
0.58
0.27
-2.03
0.31
0.16
1.43
-1.06
-0.19
0.53
0.52
1.18
1.17
0.28
0.31
-0.83
-0.63
0.83
-1.49
0.91
1.48
-0.25
-0.22
0.14
0.12
0.43
2.08
-0.76
0.53
-0.36
0.28
0.09
1.94
0.59
0.33
-1.47
-0.75
0.13
-0.37
-0.07
0.06
0.86
1.07
-1.26
-0.39
-0.56
1.00
0.75
0.49
0.12
0.22
-0.15
1.57
0.62
-1.19
-0.84
-0.15
-0.07
-0.47
-1.47
0.10
-1.68
0.33
1.50
-0.67
-2.50
1.61
-0.88
0.58
0.03
0.23
-0.38
0.40
0.29
3.40
2.45
-0.27
3.56
-1.53
0.42
1.23
0.60
-0.88
0.37
1.05
-1.45
0.65
0.77
0.26
3.52
-0.36
-0.06
-0.15
0.16
-0.68
0.49
3.23
1.25
1.56
0.39
1.03
-0.34
0.10
1.19
0.24
-0.84
0.71
0.25
0.79
-0.16
-0.68
-0.59
-0.88
0.30
-0.43
-2.33
0.39
-0.25
-2.28
-2.88
0.68
0.39
-4.73
-1.65
1.96
0.16
0.21
1.75
-0.34
-1.31
0.96
0.88
2.77
0.91
-2.27
-0.94
-1.10
-0.98
0.26
0.45
-0.56
-0.50
2.77
-0.23
1.72
-1.54
0.20
1.87
-0.96
0.95
-1.18
-5.12
-2.87
4.52
-2.17
