1.36
-1.49
-1.72
-2.31
0.55
-0.05
-2.76
1.52
0.07
-1.36
0.45
-1.84
3.49
-1.57
0.63
0.28
2.12
3.05
-1.18
-2.20
-0.47
-0.09
0.39
1.12
0.03
-0.99
-4.92
1.14
0.07
4.12
-0.37
-0.51
0.90
-1.86
0.74
-0.03
0.39
-1.98
2.49
-0.61
0.00
3.60
0.41
-0.36
-1.09
-0.97
-2.27
-0.26
-0.22
0.54
1.43
0.66
-1.72
0.29
-0.51
-0.27
2.15
1.23
1.25
1.18
-0.83
-2.25
-1.07
0.88
-2.72
0.69
-0.53
2.16
1.92
-0.53
0.25
-0.10
0.62
0.91
-1.08
1.64
-1.22
1.55
-0.96
-1.25
0.38
-0.35
-1.73
-0.10
0.17
-0.15
0.35
3.05
-0.95
0.18
-1.38
0.90
-1.27
2.97
-2.07
1.11
-0.44
2.86
-0.58
0.58
1.08
-0.06
0.11
0.10
-1.19
1.32
-0.14
0.51
-1.25
-0.74
-2.16
-0.84
-1.01
0.64
-3.03
3.21
1.67
-1.51
3.18
-7.19
-1.61
1.29
2.44
3.20
-1.66
-1.64
0.03
0.03
2.52
1.59
1.21
0.08
0.29
-0.08
-0.50
-0.10
0.79
-0.45
0.61
-0.51
0.44
0.16
-0.43
0.47
-2.10
-0.07
1.87
-1.62
3.47
0.68
0.08
-0.66
-0.25
0.19
0.92
-0.11
-0.13
0.20
0.02
-0.08
0.11
0.97
1.01
0.02
1.80
0.02
-0.33
-0.57
0.84
-0.57
-0.02
-0.24
-1.29
0.45
-3.07
-0.85
0.72
0.86
0.09
1.04
0.87
1.77
-2.18
-2.12
0.87
0.64
-1.93
1.59
-1.83
-0.10
2.69
-1.55
0.27
0.09
-0.64
1.06
-1.03
1.87
-1.13
0.61
0.62
-1.60
-0.98
1.40
-0.31
-0.22
0.76
-1.46
0.57
-1.66
0.48
-1.76
5.86
5.84
-1.23
4.12
2.26
5.46
0.79
-2.53
-0.60
1.27
0.99
2.36
1.28
-0.38
0.57
-2.46
0.19
-1.10
0.72
-1.82
1.39
0.46
2.27
2.41
1.42
-0.73
-0.18
-3.02
1.59
-2.06
2.11
0.69
-1.12
-1.82
1.79
-0.63
-1.08
0.19
-0.26
-0.64
0.52
-2.18
0.72
-3.45
1.08
0.00
-2.00
0.68
-1.42
0.27
-3.21
-1.20
-1.71
2.47
0.85
0.07
0.28
-2.52
0.36
-1.00
-0.58
1.46
-2.15
1.17
-1.81
1.70
0.36
0.43
0.29
-0.36
1.73
0.42
-2.12
0.22
0.00
-0.36
0.14
-1.51
2.85
-1.99
1.16
0.79
-0.71
-1.51
-1.09
0.59
-3.80
-0.15
1.75
1.05
-0.74
-1.57
-2.81
-1.72
0.56
-0.71
1.27
0.47
-1.48
2.38
1.39
-0.69
1.23
-2.81
0.94
0.23
0.39
1.92
-2.11
-1.85
2.04
0.31
-0.92
2.25
0.68
1.81
1.41
-0.22
-0.80
-1.99
1.20
0.00
-0.52
0.60
-1.41
-0.83
-0.30
-0.61
-1.46
-1.94
0.32
0.24
-3.47
0.41
0.49
1.13
0.80
-0.95
0.40
0.88
-0.79
0.48
1.99
1.64
-2.99
-2.21
-0.24
2.67
2.05
0.39
-2.39
0.47
-0.31
1.02
-0.94
-1.97
-1.20
-0.73
-1.23
-0.33
0.17
2.41
0.08
-0.40
0.98
-0.40
1.78
2.70
0.62
-0.92
1.40
0.61
-1.06
1.38
0.38
0.23
-0.75
0.30
3.03
0.88
-3.28
0.98
0.67
0.59
0.00
-0.52
-0.96
7.03
-2.93
6.47
3.38
-2.42
-6.56
2.37
-0.98
0.42
-3.10
-0.15
-0.95
1.84
-0.79
0.29
0.00
-1.74
-0.96
1.12
0.22
1.32
-3.34
2.10
-2.57
2.49
1.77
-0.43
3.27
-1.97
0.29
0.14
0.07
0.57
0.14
1.35
2.03
-0.55
1.10
2.25
-0.60
1.54
0.13
-1.52
1.14
1.26
-1.37
1.79
0.91
-1.03
0.85
0.97
-1.99
1.50
1.22
0.00
-0.06
-0.57
0.32
0.26
0.70
-2.53
0.39
-0.90
0.98
-5.94
0.07
-0.21
-0.41
-0.76
-0.90
0.07
1.05
1.53
1.78
0.67
1.07
-1.85
-0.54
0.34
3.17
-0.26
-1.18
-0.66
-0.47
0.40
-3.01
0.41
-1.71
-1.12
-0.42
1.84
-2.23
1.92
1.26
-0.83
-0.14
0.63
-0.62
-0.07
-0.84
-0.84
-1.28
0.86
-0.07
0.85
1.06
-1.05
-0.99
1.14
3.53
0.82
-3.04
2.37
-1.43
1.66
-1.29
1.17
-1.77
-0.42
0.00
-1.39
-1.48
-0.36
2.30
-1.69
-3.50
-0.15
2.67
-4.33
-2.26
2.70
1.05
2.38
0.80
1.95
-0.78
0.86
-0.78
1.92
-0.35
-1.82
-7.29
0.46
6.37
1.51
0.78
1.48
0.56
0.55
1.30
-0.61
-4.09
-0.07
-0.36
0.07
-0.29
0.57
-2.35
2.99
-2.05
-2.10
