-0.04
-0.38
-2.19
0.04
0.27
1.77
-2.46
3.74
-2.26
1.57
-3.12
-0.50
3.08
-1.55
3.69
-1.41
-1.32
3.32
0.04
-3.87
1.69
-1.02
-4.54
-2.00
-1.34
1.03
1.02
-0.16
3.89
3.28
-0.19
1.02
2.32
-1.06
1.15
0.18
-0.66
-0.15
3.20
-1.25
1.16
-0.04
0.50
-1.07
0.90
-0.36
0.75
-0.18
-0.09
0.34
0.00
-0.07
-0.53
-0.14
-0.04
0.11
-0.11
0.64
0.11
0.00
3.26
-0.38
-0.72
1.94
-1.84
-0.14
-0.35
2.58
1.56
-0.30
0.17
0.80
-0.13
-0.23
0.40
2.19
0.59
-0.19
-0.29
-0.68
-1.47
0.40
-1.82
-0.37
0.81
-1.01
-0.41
2.11
-1.43
-0.81
-0.37
-0.38
-1.03
-1.21
-0.81
0.74
-0.07
1.41
1.25
-0.79
1.00
-0.07
1.57
0.54
-0.87
0.44
-0.17
0.03
-0.94
-1.43
0.31
-0.34
-0.03
0.17
-1.10
0.84
-1.21
0.28
1.08
-7.66
-1.87
1.37
1.69
0.66
0.95
-2.29
0.89
0.52
2.71
0.32
-0.04
1.18
0.74
-0.10
-0.03
-0.45
-2.28
-0.29
0.18
-1.15
-0.18
0.11
-1.31
-0.15
0.41
-0.37
1.41
-4.41
0.88
-0.79
-0.19
0.00
1.76
-0.26
-1.02
-0.65
0.23
-1.41
-0.04
-0.39
-1.01
-0.43
-0.95
-0.40
0.20
-0.80
0.00
-0.40
0.00
-0.16
-0.61
1.95
-3.67
2.24
-1.87
-0.04
0.54
-0.16
0.04
-0.21
0.25
1.81
-1.01
-0.73
2.02
0.36
-1.08
0.49
1.74
-0.08
-0.56
-0.42
-0.90
1.34
-0.72
-0.28
0.00
0.40
-0.28
1.13
1.00
0.16
2.17
-0.93
0.16
3.15
-1.06
0.00
0.57
-0.76
-1.68
6.91
-3.05
1.87
-0.40
0.92
-0.62
-0.59
1.22
0.26
0.33
1.16
-0.43
0.14
1.48
0.50
-0.07
-0.25
0.60
-1.06
0.07
-2.53
0.58
-0.58
2.12
1.90
-1.97
-6.20
2.71
2.57
-0.72
1.24
-0.36
-0.14
0.54
0.04
-0.18
0.51
-0.65
-0.65
-0.84
2.75
0.89
0.32
1.80
-0.28
0.52
1.80
-1.22
0.58
0.00
0.92
-1.05
1.16
-0.14
0.95
0.03
2.65
0.85
0.42
0.10
0.74
-0.26
-0.22
-1.19
-1.82
-1.13
-0.37
-0.20
-0.57
1.83
1.03
-0.82
-0.53
0.47
0.30
-0.50
0.77
-0.73
-2.20
1.74
-0.50
0.81
0.83
-0.30
-0.43
0.93
-0.99
-0.03
-0.10
1.34
-0.40
0.23
-0.59
0.00
1.10
1.08
0.42
1.20
1.82
-0.97
0.51
0.35
-0.66
-1.14
-1.22
-0.91
-0.03
0.20
-0.42
-1.08
-0.93
1.00
-0.36
-0.80
2.48
-1.08
-1.56
0.47
0.54
-0.40
-0.23
-0.57
0.54
-5.03
0.53
0.28
-1.92
-0.25
-1.00
2.31
-1.48
-0.82
-2.02
-1.25
0.04
0.90
-0.07
-1.74
0.53
2.10
-1.03
0.04
-0.22
2.34
0.25
-0.87
-0.55
-0.07
-0.70
2.59
1.70
-1.81
-1.92
1.03
-1.06
1.14
-2.52
0.45
-0.86
1.13
2.56
-1.45
2.02
-0.11
0.47
0.93
-0.68
-1.50
0.15
1.02
-0.43
2.13
-3.21
0.51
-1.13
-0.11
0.96
0.55
0.14
-0.54
0.76
0.76
4.66
-1.06
-0.76
0.80
-2.21
0.85
-1.61
-0.78
-0.47
-0.72
-0.15
1.35
-0.25
-1.19
0.44
-2.43
-0.37
0.37
0.33
-1.19
-0.19
0.41
0.15
0.56
0.37
0.33
-0.44
-3.30
-0.46
-2.27
0.00
1.14
-0.82
2.71
-0.57
2.50
-2.33
0.92
0.42
-0.19
0.38
0.68
-0.71
1.32
-2.84
-0.85
1.01
-0.12
1.69
-0.53
0.57
-1.89
0.69
-2.56
0.04
1.33
1.05
0.46
1.41
0.41
0.52
-3.09
-1.73
-0.51
1.06
0.19
0.00
-1.17
-0.28
-0.91
-2.86
8.96
1.58
4.03
-0.21
-0.89
-1.83
2.34
2.33
6.57
-1.90
0.67
-0.53
-0.53
-0.27
1.58
3.75
-0.48
1.03
2.67
0.53
0.68
3.27
-2.37
0.91
0.99
-3.75
5.81
0.00
0.82
-0.38
-1.48
1.98
0.55
-1.58
-0.09
-0.18
0.12
3.63
1.61
0.67
0.50
-1.38
0.92
-2.38
1.36
1.59
-1.59
1.96
-2.08
1.48
1.93
0.62
0.83
0.61
1.56
-0.47
-0.68
-3.67
0.60
-1.33
-1.63
2.22
-1.98
-4.57
3.23
2.22
0.67
-0.03
1.30
1.06
-1.16
-0.14
0.46
2.42
2.07
-3.28
-1.94
-2.44
1.13
0.61
2.41
-1.38
0.77
1.14
0.78
-1.73
1.03
-1.42
-0.22
-1.01
-0.19
0.33
-0.33
-2.02
3.19
-1.37
