-5.80
-6.52
-8.91
4.26
-4.90
-7.73
0.47
-0.93
-5.14
2.96
-3.35
7.92
-0.46
-5.07
4.37
-1.40
2.83
0.00
-4.59
-7.21
418.13
-0.60
-7.24
-8.68
-3.21
0.61
0.49
4.25
1.98
5.37
-5.31
3.89
3.96
-3.92
1.43
-0.87
-1.10
-1.88
1.24
-2.34
2.29
10.17
-1.62
-8.97
-2.38
-1.39
12.35
-0.42
-3.47
2.72
-0.53
-4.69
-5.03
-2.59
-6.05
0.64
-2.43
4.59
1.50
3.33
0.12
-5.85
-3.17
3.14
-5.71
3.50
1.43
1.28
4.18
-2.07
-3.85
1.16
8.93
-1.64
0.71
1.54
-3.03
3.12
3.14
-4.51
-2.60
0.85
-5.66
-3.32
-1.72
4.70
-0.26
4.37
-1.85
-1.25
-0.51
3.58
0.37
-2.09
-6.27
0.80
2.39
0.78
0.90
0.77
1.52
10.72
-2.70
4.17
-0.44
5.02
3.93
4.91
-3.70
-8.10
-2.31
-4.96
-2.49
-1.95
1.36
2.08
-2.28
-1.23
4.84
-5.45
-5.51
5.57
1.76
-2.84
0.00
-4.19
0.40
-4.10
3.72
3.32
1.16
-2.03
1.56
0.26
0.64
-1.14
4.10
1.85
-1.21
-1.34
0.87
-1.35
-2.24
1.15
-3.27
-3.39
3.64
-0.13
3.39
2.77
-0.98
-0.99
1.88
1.35
2.42
-0.71
-0.60
0.00
-0.24
1.32
3.79
-5.37
-1.09
0.61
-1.58
0.00
-5.79
-6.54
1.12
4.43
0.40
-2.51
-4.06
1.27
-2.09
-1.85
-0.72
4.38
-1.68
1.00
2.96
0.00
-2.74
-0.28
-0.56
2.84
-3.03
1.99
-0.84
0.84
2.51
4.22
-1.96
5.06
0.00
-3.55
-2.10
0.40
-0.13
1.20
2.78
1.16
-1.91
-1.95
-1.85
0.00
-0.81
0.68
-3.24
0.70
-2.35
-1.28
0.86
2.28
0.28
2.22
2.31
0.66
-1.98
0.27
5.37
-2.55
-0.52
1.84
-2.19
0.66
-0.79
-1.72
-2.02
-3.57
0.14
0.00
2.56
0.42
1.24
5.04
-2.59
-2.26
5.86
-5.15
1.36
-0.54
-4.85
0.71
0.70
-0.56
0.00
-0.70
-0.14
-0.28
0.85
4.78
-0.27
0.40
-0.94
-2.30
-0.42
1.39
-1.23
-1.39
-0.42
0.14
0.14
2.82
-2.19
0.98
0.42
-0.69
-2.23
0.57
-1.70
-1.30
-1.31
1.48
-1.17
0.15
-1.03
0.45
4.89
0.71
-0.56
-1.13
-1.14
0.87
-0.43
-1.58
-0.29
-1.02
-0.44
2.67
3.33
-0.84
-1.69
0.57
-1.57
-0.73
-2.05
1.04
0.89
-1.90
1.94
3.81
-0.42
0.14
-3.25
-0.88
0.74
-0.15
-0.44
0.44
1.47
-1.30
-1.32
0.00
-0.59
-1.04
0.90
0.00
3.14
0.72
-2.59
-1.77
1.35
-0.59
-0.60
0.00
-0.45
0.60
0.90
-0.89
-0.15
-0.15
-0.30
-0.75
-0.76
-2.91
-0.16
-0.47
-0.16
1.43
-0.63
-0.16
0.79
-0.31
-0.94
-2.38
1.95
0.80
-1.58
-1.61
-1.63
-6.48
-3.91
7.02
0.35
-0.86
-1.04
-0.53
-1.76
-1.80
1.46
1.98
-1.24
-0.36
-2.87
0.18
0.74
-0.37
0.18
1.10
1.45
-1.25
0.00
1.09
0.36
2.32
2.09
-0.51
-0.86
-1.91
1.94
0.69
-0.34
3.11
3.69
1.29
0.16
1.75
-0.94
-6.79
-1.53
-0.17
-1.38
0.17
1.57
-1.55
-1.05
0.00
-1.59
-0.72
0.00
-0.72
0.36
-1.09
-0.37
-1.47
-2.80
-1.92
-0.98
-0.79
1.79
1.76
4.42
-1.10
4.66
1.60
-1.23
-9.57
-4.31
2.46
2.00
6.86
5.69
-1.22
-1.76
0.00
0.54
-0.71
0.00
1.61
-0.18
2.12
0.87
1.37
-3.05
1.40
2.07
-1.18
3.07
-1.49
2.02
-1.15
0.67
-3.81
0.17
1.89
1.01
0.00
1.34
3.79
-0.63
0.64
-1.90
-0.97
-0.16
-0.98
0.33
-0.16
1.32
-0.81
0.00
2.79
2.24
-1.09
-0.95
-0.80
-1.61
-2.12
-2.67
-1.54
0.52
0.69
0.00
0.34
0.51
-2.39
-2.27
-2.50
-0.92
-2.96
0.19
0.57
-1.70
-3.08
-3.38
-0.62
-0.62
3.54
-1.21
-2.65
-2.72
1.29
-1.27
-1.08
-0.87
1.54
-0.43
0.22
0.65
0.00
-1.29
1.96
2.99
6.22
-1.56
-3.37
-1.44
0.21
1.87
3.27
0.59
-0.79
-1.58
-0.20
-0.60
0.81
-1.41
0.20
-0.81
-0.62
-4.13
-0.86
0.00
-5.00
-5.49
0.24
-1.69
-2.21
-0.75
2.78
-1.23
1.75
-1.72
-0.50
1.75
0.25
1.47
4.12
-3.26
-3.12
-3.97
0.00
4.13
0.25
9.90
0.90
-3.79
1.16
0.69
2.96
-0.88
0.45
-1.33
-1.13
0.91
3.16
-1.75
-0.89
3.15
0.00
