7.96
-3.48
-4.75
-0.91
-0.30
-0.31
-5.90
0.67
-0.74
0.28
-0.36
3.20
5.08
-3.46
5.08
-2.61
0.37
4.22
0.68
-4.34
0.54
1.07
-3.17
-1.37
3.58
-3.11
-4.74
-0.60
3.38
0.67
0.11
-1.23
2.34
-3.80
12.40
4.03
-2.77
2.31
-3.97
0.17
0.82
-0.27
-0.49
-3.34
2.42
1.11
1.55
0.81
-0.16
1.81
1.60
-1.05
-1.66
0.07
-4.29
0.34
-0.09
1.32
-0.48
-0.72
-1.45
-0.36
-7.17
0.54
-2.39
-1.03
-1.11
0.63
2.17
-2.00
-1.37
1.29
0.27
1.98
0.36
-0.65
-1.87
1.41
1.29
-8.08
-2.07
-1.77
-3.65
-2.02
0.35
-0.31
-2.32
1.32
-1.03
-3.25
-1.08
1.05
-1.14
0.41
-3.33
1.97
2.12
2.90
0.20
-1.64
0.34
-0.50
0.85
-0.46
-1.18
1.83
0.80
0.75
-0.94
-3.85
-1.48
0.21
0.65
0.39
0.27
1.65
-0.83
-0.59
0.06
-5.41
-3.89
4.84
3.71
0.81
0.02
-1.48
2.85
-9.75
2.84
1.95
1.08
-1.68
2.49
0.80
0.46
-0.44
1.45
-0.21
-0.43
-0.27
1.23
-0.06
-2.92
-0.95
1.50
0.80
3.10
-11.21
0.89
-0.68
-4.91
-7.20
0.91
-0.56
-1.19
-1.54
-2.25
1.71
0.75
-0.32
-0.61
-0.35
-0.75
1.32
0.16
1.76
-1.12
1.64
-0.68
2.08
-1.24
-0.05
-3.48
0.81
-2.70
-3.82
0.91
-1.50
-1.15
-1.22
0.09
4.08
4.63
0.51
4.94
-0.03
0.00
1.05
-2.33
-0.93
4.00
0.03
-5.46
2.66
-0.78
-0.10
1.15
2.04
-0.43
0.69
5.94
0.38
0.40
-3.27
-0.46
1.06
-0.12
-1.00
-0.39
1.38
-1.14
-14.96
-5.88
3.94
-0.80
-4.15
-0.47
0.34
3.18
0.33
-1.11
-5.06
-6.26
0.58
0.95
0.40
2.75
1.67
-3.73
1.24
-0.59
0.03
7.30
-0.93
4.80
-1.25
1.12
0.48
-0.24
-3.21
0.22
7.67
-0.37
-1.46
-3.68
-1.57
-0.18
4.20
-3.50
-0.70
-1.47
4.52
1.88
-0.85
-1.65
0.75
-0.54
4.82
-0.37
2.52
-1.62
-2.16
0.03
0.96
-3.14
-3.36
1.14
-1.88
-2.48
-1.46
0.55
1.92
-0.63
1.77
-0.06
-1.06
-0.75
2.16
1.92
1.46
1.77
2.39
-1.79
2.14
5.11
-8.33
10.78
1.91
-0.18
-4.34
-3.23
1.43
-2.56
-3.70
-2.10
0.09
-0.55
-0.25
1.34
-2.33
2.90
-0.06
-3.49
-4.68
-4.28
-0.59
-1.00
-0.94
-0.28
0.18
-0.88
-2.00
-1.35
-2.84
1.86
-0.89
0.15
0.71
4.33
0.46
-0.68
-1.76
-0.29
-1.65
-1.30
0.75
0.22
1.04
1.70
125.45
3.61
2.67
2.12
0.74
