0.42
-1.01
-3.30
-0.47
0.84
0.91
-2.60
-0.01
-2.36
1.10
-2.51
0.11
1.65
-1.40
2.23
1.27
-0.27
3.98
-0.11
-0.07
0.19
1.17
-0.85
-1.45
-0.10
0.71
-3.37
1.24
1.02
2.68
0.01
0.16
1.01
-0.52
-0.56
1.55
-0.09
-0.61
1.45
-1.90
0.10
-0.34
-2.18
-0.70
0.39
1.26
1.46
-0.97
-0.69
0.53
0.10
0.99
-0.49
0.34
-0.68
-3.90
1.35
0.79
-0.10
-0.27
0.74
-0.49
-0.65
0.67
-0.25
1.16
-0.76
1.25
0.58
-0.56
0.93
1.10
0.29
0.01
0.74
0.13
-0.80
1.40
3.53
-1.71
-0.45
0.93
0.36
-0.64
0.54
0.87
-0.33
1.92
-0.51
0.24
-0.65
0.69
-0.25
-0.48
-0.50
0.72
-1.64
0.50
0.01
-0.10
0.21
-0.88
-0.28
-0.95
0.07
0.08
0.51
0.30
0.35
-0.32
-1.71
0.23
0.49
-0.25
-0.55
1.39
-1.07
-0.44
0.71
-2.60
-2.26
0.66
1.26
2.66
1.51
-2.07
1.07
-0.86
1.29
0.51
0.25
0.13
0.59
-0.33
-0.77
1.64
0.86
-1.16
0.64
-0.03
0.55
1.47
0.32
-0.14
1.50
-0.58
-0.28
-0.30
1.03
-0.52
0.31
1.95
-0.11
0.11
1.27
-0.65
0.37
-0.35
-0.03
-0.11
-0.05
0.09
0.26
-0.72
0.82
-0.17
-0.22
0.41
0.63
0.53
-0.98
-0.46
-1.63
1.27
-0.80
-0.51
1.56
-0.93
0.94
-0.20
0.82
1.15
-0.68
0.04
0.92
0.47
-0.26
-0.29
-0.29
-0.75
0.11
0.27
-0.77
-0.05
-2.15
0.27
0.67
0.22
-0.57
0.93
-0.30
-0.47
-0.35
0.84
0.76
-0.95
-0.67
0.91
-0.50
-0.50
-0.21
0.24
-0.15
1.72
0.91
5.40
2.73
1.23
0.97
-1.28
-1.30
-0.13
0.60
1.09
1.04
0.22
0.90
0.34
1.42
0.13
0.60
1.29
-0.08
-0.24
0.19
-2.67
0.99
-0.94
0.33
-0.33
0.22
0.17
0.13
0.36
-0.66
0.25
0.41
-0.38
-0.88
0.09
-0.32
1.62
0.05
0.34
0.75
-0.78
0.16
0.40
-0.31
0.78
-1.08
0.01
1.03
0.26
-0.59
0.01
-1.09
1.13
4.42
-1.44
-0.76
-0.03
-0.37
1.53
-0.04
0.09
-0.04
-0.30
0.99
1.19
0.34
0.41
0.40
0.17
0.28
0.16
-0.84
0.71
0.41
-0.31
1.37
-0.71
-0.73
0.68
0.28
-0.57
-0.02
0.26
0.38
-0.94
1.01
-0.53
1.37
-0.67
-1.71
0.48
-0.02
-1.08
-1.08
1.59
-0.08
0.26
-0.84
0.29
-0.01
-1.00
0.24
0.93
-0.20
0.38
-1.08
0.21
1.16
-0.80
0.20
0.20
0.43
1.57
0.66
0.87
0.09
-0.64
-0.33
0.48
0.06
0.19
0.73
0.18
0.13
-1.12
0.30
0.31
-0.21
0.06
-1.68
0.33
1.68
0.96
0.79
0.33
0.56
0.57
-0.11
0.61
-0.36
0.58
-1.09
-1.50
0.22
0.39
-0.09
-0.54
1.08
0.36
0.37
0.32
0.91
-0.32
0.01
-1.29
0.03
-0.56
-0.68
1.00
-1.93
0.58
0.79
0.54
-0.86
1.13
-0.09
-0.58
0.60
-0.48
0.50
-0.50
0.64
0.46
0.03
1.06
0.19
-0.67
-4.37
-0.42
2.12
-0.81
0.10
0.77
0.65
0.37
0.53
-1.16
1.11
-1.35
-0.20
1.22
-0.40
0.56
-1.31
0.37
0.00
1.26
-0.74
-0.14
-0.21
-0.59
1.56
0.13
0.06
-0.67
-0.64
-1.00
0.15
0.42
1.24
-0.66
-1.08
0.40
0.32
1.97
0.46
0.57
0.71
-0.15
-0.26
0.22
0.72
-0.86
0.27
1.53
0.87
0.37
1.02
-0.40
0.44
-0.46
0.13
0.42
-0.18
0.05
-0.89
-0.54
0.59
1.05
-0.63
-0.20
-2.24
-1.65
0.53
0.58
-1.55
-0.67
1.09
0.12
-0.83
0.69
-2.40
0.45
0.18
0.04
-0.61
0.12
-0.73
0.49
0.68
-0.03
-0.02
0.53
1.55
-0.01
1.46
-2.18
-0.47
-0.88
0.15
-0.02
0.45
-0.71
-1.73
0.23
-0.21
1.34
-0.20
0.70
0.74
0.59
0.08
-0.33
0.37
0.56
-0.20
-1.45
0.62
1.72
-0.25
0.00
0.58
-0.55
0.37
2.47
-2.02
1.06
-0.35
0.63
-0.43
-0.35
5.68
3.31
-0.13
-0.33
-0.54
-0.80
1.23
-1.55
-4.74
0.59
1.17
-4.14
2.94
-1.21
1.09
3.04
3.28
-0.54
-1.05
-0.49
-0.28
0.39
2.62
-1.27
-0.64
-1.48
1.91
0.58
0.08
0.65
0.16
1.46
-2.31
-0.57
-0.74
0.41
0.06
0.52
0.66
-0.72
-2.40
0.20
2.13
-1.07
