0.10
-1.59
-4.23
-1.79
0.46
0.21
-1.40
2.90
-1.96
0.00
-1.72
2.11
-1.22
-0.71
0.96
-1.10
0.75
3.15
-1.58
-1.40
1.52
1.78
-2.19
-1.30
0.39
0.07
-3.00
2.95
2.12
1.66
-0.89
-0.21
1.34
-0.65
-0.89
0.93
0.58
-0.88
2.54
1.00
0.13
0.79
-0.56
-0.76
-0.03
-0.37
1.34
-0.23
0.03
-0.36
2.62
-0.13
0.55
-0.10
0.03
0.13
1.22
-0.03
1.11
-0.13
0.44
-2.19
-0.80
-0.26
-0.87
0.52
-0.26
0.33
0.55
0.13
0.03
0.10
0.29
0.00
-0.55
-0.71
-0.26
0.72
0.10
-0.10
-0.49
0.46
-0.84
-1.83
-0.60
0.77
-0.83
2.04
-0.46
-0.82
-1.50
1.08
-0.83
-0.34
-0.84
0.68
-0.24
1.22
0.80
-0.23
0.33
0.37
-0.40
-0.20
-0.37
0.60
0.07
0.56
-0.23
-0.66
-0.70
2.04
0.49
0.16
-0.13
0.75
0.36
-0.52
1.33
-4.39
-1.68
2.11
2.04
3.04
0.03
-0.13
0.92
0.25
1.19
0.03
0.16
0.31
0.83
0.77
0.09
0.06
-0.46
-0.58
-1.63
-1.31
-0.54
-0.60
-0.10
-0.35
0.03
-0.32
0.26
0.13
0.35
-0.03
0.10
-0.10
0.06
-0.16
0.00
-0.16
0.32
0.45
-0.57
0.22
-0.29
-0.03
-0.03
0.06
0.42
0.03
-0.41
-0.13
0.29
-0.77
0.03
-0.06
-3.00
1.26
-2.10
-0.50
0.17
-0.24
-0.84
0.82
0.61
0.64
-0.50
-1.17
1.15
0.07
-1.24
0.30
0.07
-0.47
0.00
-0.78
-0.65
-0.76
0.21
-0.07
-0.45
0.42
-0.14
0.45
0.28
0.03
-0.31
-0.21
-0.93
0.77
-0.83
2.06
-0.41
-0.76
-1.35
-0.74
0.57
3.06
0.38
0.71
2.63
0.99
-0.65
0.79
-0.03
0.16
-0.39
0.65
1.00
0.51
0.32
-0.60
-0.64
-0.93
2.05
-0.16
-0.73
0.19
1.38
-0.22
0.79
0.25
-0.38
-0.76
-0.76
1.57
0.54
1.03
-0.37
-0.96
0.19
0.06
-0.63
0.03
-0.35
0.28
0.03
-0.57
0.29
-0.47
-0.29
0.32
-0.25
-0.10
-0.29
-0.13
-0.06
-2.18
-2.55
0.84
1.23
-0.16
-1.02
-0.17
-0.87
-0.03
-0.03
0.07
-0.13
-0.34
-0.44
0.54
0.44
1.08
0.80
0.23
0.33
-0.26
0.49
-0.62
-1.02
0.57
-0.83
-0.43
1.27
0.00
-0.23
-0.40
-0.47
-0.20
-0.47
2.09
-1.39
-1.07
0.74
-0.03
0.44
-0.47
-1.18
0.48
0.30
0.34
-0.94
0.61
0.20
0.64
-0.23
0.27
0.47
-0.17
-0.13
0.20
0.07
0.10
-0.90
-0.71
0.27
0.67
0.54
0.90
-2.38
0.00
-0.34
-0.65
-0.62
-0.31
-0.17
0.17
0.83
-0.10
0.07
-0.51
-0.48
-0.80
0.59
-2.08
-0.32
-0.50
-2.25
0.26
2.07
0.46
0.35
-1.59
-1.22
-0.15
-0.33
0.07
1.24
0.58
0.36
-0.18
-0.90
-0.33
1.27
3.58
-1.69
0.84
0.87
0.21
-0.69
-2.33
-1.24
-0.83
0.07
0.15
-1.45
-0.48
-0.22
-0.04
1.63
-0.36
-3.80
-0.61
-0.42
1.31
0.76
0.79
-0.04
0.15
0.26
0.19
-0.93
-2.92
-1.85
0.04
0.59
0.78
-1.01
0.31
-0.66
0.31
0.94
0.08
-0.58
-0.27
0.59
-1.59
-0.40
0.63
-0.87
-0.16
-1.39
-0.81
-0.24
0.45
-0.85
-0.37
0.78
-0.08
-0.12
-0.65
1.11
2.40
-1.51
0.65
-3.61
-0.83
-0.42
0.80
0.84
0.62
-1.36
2.21
-1.06
0.50
1.77
0.48
0.97
-0.72
-2.25
-0.53
-0.25
1.61
0.94
-1.29
0.25
-0.61
-3.94
-0.30
-1.24
-0.09
-0.30
1.65
-0.73
-0.30
1.99
1.06
-6.34
-1.93
-1.67
-0.95
-2.49
-1.83
-1.22
-0.69
-0.40
1.00
-0.05
0.40
-1.09
2.50
-7.17
-5.89
2.01
-0.05
-0.22
-1.26
-0.83
1.79
0.22
-0.38
1.60
0.38
-1.03
-2.24
0.39
-1.06
-0.56
0.28
0.00
-0.34
1.47
-0.84
-0.68
1.02
-0.34
-0.96
-0.80
0.11
0.17
-0.40
-0.29
-0.12
0.52
3.04
0.95
2.09
0.05
-1.40
1.53
1.99
0.48
-1.37
-2.93
-4.72
-3.34
-3.04
-0.55
4.45
-2.66
-1.58
-0.31
0.93
-2.03
1.38
-0.93
-2.37
-4.67
2.41
-0.13
-5.25
3.39
-0.80
-1.01
1.57
-0.34
1.35
-2.06
-1.70
0.90
-0.89
1.10
-1.02
-2.69
-0.64
0.71
2.12
1.53
-0.89
0.07
2.89
1.07
-4.44
-1.11
0.63
-0.35
-1.68
-3.06
1.76
-3.82
-2.10
-1.38
4.27
