-0.26
-1.38
-0.70
-0.65
-0.49
-0.11
-3.29
0.79
-1.86
-1.38
1.05
0.00
0.86
-1.14
1.73
-0.96
0.52
5.58
-2.64
2.22
-0.43
-0.44
-2.13
0.45
0.17
-1.05
-1.46
1.82
5.65
3.02
1.34
-0.66
1.38
0.91
1.30
3.05
-0.24
2.30
-1.73
1.10
4.95
-0.18
1.26
-0.36
-1.25
0.99
0.13
-1.47
-1.54
-1.84
-14.35
2.57
2.83
0.05
-2.75
-0.53
-1.56
2.40
0.16
-0.27
0.11
-2.82
-2.35
0.00
-2.69
-2.77
-1.01
2.10
3.40
-1.13
0.46
0.00
2.51
0.45
0.39
0.50
-1.04
2.33
0.38
-0.97
0.22
-0.38
-3.34
0.28
-5.14
0.54
2.60
-0.69
-6.56
1.18
-1.72
0.63
-1.06
0.13
0.31
2.69
-0.24
-0.79
1.17
-4.98
1.41
-0.50
-0.82
3.01
-2.05
-0.82
1.28
-0.50
-2.60
-0.39
-0.33
-0.13
2.76
-2.68
1.31
1.62
0.19
-2.61
0.00
-3.46
-3.66
0.42
2.52
2.73
0.07
-3.72
1.52
-0.07
3.26
1.45
1.56
-0.83
-0.97
-0.52
0.59
-7.09
0.84
0.07
-0.42
0.42
2.22
0.41
-0.47
-0.07
0.27
-3.93
-0.07
-0.64
3.91
0.07
-2.80
0.56
4.12
1.68
0.99
-1.31
-1.32
3.69
2.52
-1.64
1.99
-6.23
22.15
-1.48
-0.22
-4.36
-2.81
-3.49
-0.87
-1.63
0.51
-1.97
-2.59
1.60
-0.66
-0.20
0.86
-2.03
0.20
-2.07
0.27
1.84
-0.33
-4.49
-0.07
-0.49
1.27
1.74
-1.64
0.28
1.46
-1.71
0.07
1.53
-0.89
0.90
-2.40
-0.42
-2.26
-1.08
1.38
0.29
-0.57
0.43
-1.44
0.44
-2.97
1.12
-0.22
0.30
2.22
-0.72
-0.22
2.84
-1.49
4.18
4.84
4.48
1.77
-3.04
2.56
2.18
-4.76
-0.32
3.28
-0.37
-0.87
-1.45
-0.51
-1.54
-10.18
-6.18
1.78
2.05
1.57
2.13
-0.14
-4.10
-0.90
-1.06
-2.14
-1.33
1.03
0.08
1.33
-6.04
-1.57
2.51
0.24
-1.06
-0.41
1.65
2.36
-3.34
-1.48
-0.33
2.01
-0.16
0.99
1.06
3.38
-1.32
-2.53
1.30
0.40
1.27
3.07
-3.81
-2.46
0.16
3.65
-2.35
2.73
0.23
-0.39
-1.88
4.22
1.83
1.43
-0.67
1.79
-0.88
-4.87
1.09
0.08
-0.08
-4.07
1.52
1.58
-1.40
-2.36
4.27
-3.17
-0.16
-0.96
0.89
-4.80
1.51
-1.24
1.51
1.07
-11.28
4.15
-1.50
-2.25
-2.02
2.53
-0.18
-0.82
0.28
3.41
-0.80
0.18
-1.26
-2.82
-1.87
1.52
0.66
0.93
2.95
-0.45
-1.98
0.83
-0.82
1.10
4.82
-1.99
0.80
-0.18
1.41
-0.87
-2.36
-0.81
2.35
-0.18
-1.86
1.98
0.09
0.71
2.28
-6.34
-4.12
-1.91
-2.53
-2.10
-1.12
1.44
2.95
-0.69
-0.80
14.33
2.28
0.26
2.91
3.57
-2.57
-1.15
-6.16
0.35
-0.53
3.47
-1.20
-0.09
2.00
-0.43
0.34
-0.17
-1.88
-2.96
2.52
2.02
1.80
2.11
1.65
4.07
-0.16
1.33
-1.93
-3.54
1.88
-5.13
-1.35
0.34
6.31
-0.08
2.97
-1.09
0.39
0.63
-1.56
-3.81
2.89
-0.72
3.63
2.18
-0.46
1.61
0.38
1.58
1.03
1.54
1.66
-1.35
-4.02
-0.22
-0.45
-3.01
1.09
-2.54
0.95
-4.53
1.23
0.89
19.07
5.38
3.83
-0.98
0.12
-3.35
2.63
-0.06
1.00
0.12
-2.91
0.70
-0.32
-0.57
-0.89
0.77
0.83
-0.38
1.15
-0.44
1.52
2.68
2.79
2.89
-0.46
-1.90
1.94
-0.81
-1.51
0.12
-0.71
-3.02
0.00
-2.69
-1.07
-0.51
1.72
1.51
0.87
-0.31
0.49
2.94
-0.36
1.43
0.06
-1.82
-3.89
1.00
1.30
2.13
-0.83
0.18
-5.22
1.14
3.19
-1.58
0.12
1.54
2.06
4.93
0.68
0.96
-12.98
-1.86
-1.63
6.03
4.82
-1.55
-0.79
0.92
-3.27
-0.13
2.69
1.95
1.32
-5.20
1.68
-2.39
2.01
6.22
1.62
1.08
1.02
-2.12
1.08
-2.20
-1.10
-1.52
1.54
-3.21
-0.54
-0.12
-0.06
-2.31
3.23
4.33
1.10
-2.91
2.94
0.23
3.82
3.40
-0.32
-0.91
-0.27
2.96
1.47
-2.11
-3.21
-17.75
-3.31
3.22
4.05
5.93
-7.22
1.23
-5.25
1.89
5.31
-2.52
0.45
-6.18
1.37
0.27
1.35
5.66
-0.82
0.32
1.20
2.88
-2.62
0.56
-1.80
-5.12
-0.13
-0.47
2.82
-1.24
-0.86
-0.80
-1.34
1.97
3.60
28.29
2.26
5.94
-3.15
