2.47
0.91
-2.50
-2.78
-1.18
-0.43
0.16
0.00
4.77
-2.26
-2.91
2.69
1.78
0.41
1.60
-0.77
1.55
1.74
0.14
2.07
-1.99
0.07
-3.84
-4.55
-3.10
-0.12
-1.00
3.40
0.47
0.16
1.36
0.61
1.56
0.38
0.07
2.24
1.06
-0.47
3.82
-0.25
0.42
-0.70
-0.25
-0.88
0.43
0.32
2.15
0.35
-0.17
1.66
2.44
-2.09
-1.49
-0.17
-0.38
-0.69
0.49
1.28
0.89
0.75
-0.77
-0.61
-1.06
-0.21
-0.66
0.52
-0.55
1.29
-0.96
0.10
0.31
1.31
0.20
-2.04
-2.19
1.46
0.31
0.80
0.14
-0.66
-2.50
2.14
1.26
0.72
0.68
0.03
0.78
-0.61
-5.91
1.48
-1.64
0.72
-2.69
-1.92
-1.50
1.64
-0.79
1.74
-0.71
0.34
0.63
-0.30
-0.07
-0.45
0.19
-0.04
-0.11
2.92
0.25
-0.47
0.55
0.54
0.83
0.93
-0.14
0.89
0.98
0.03
0.87
-1.55
0.28
2.65
1.63
-0.17
0.10
0.87
0.37
-0.60
3.13
0.39
-0.13
0.32
-0.55
0.06
0.16
0.13
0.64
0.64
0.54
0.41
0.53
-1.85
0.89
0.92
-0.28
-2.04
-0.42
-0.55
0.49
-0.26
-0.13
-0.71
-3.45
0.98
0.17
-1.43
0.74
-0.20
-1.92
0.24
-0.10
-0.51
1.14
-0.88
1.06
-0.58
-0.41
-0.48
1.00
0.44
0.07
-0.71
-3.83
1.42
-3.58
0.91
1.05
0.46
0.64
-0.35
0.18
1.38
0.28
-0.35
-1.26
-0.46
-2.13
0.11
-1.96
-1.96
-1.62
-0.11
-0.38
0.65
-1.64
1.36
-0.23
0.65
0.11
0.11
0.30
-0.72
-0.46
0.31
-0.12
-2.26
-3.26
-0.12
1.42
-1.00
-1.82
0.78
0.98
2.03
0.16
-1.55
1.69
0.24
3.67
-0.15
-1.91
-0.97
-1.02
-0.64
1.04
0.47
0.08
1.02
-0.12
-1.25
-1.97
2.50
0.51
0.12
1.83
0.92
-0.49
1.45
-1.17
-1.56
-0.39
1.28
0.23
-0.27
-2.68
-3.31
0.08
0.04
-0.65
0.41
1.92
1.56
2.40
0.08
0.00
-1.73
-2.00
-0.44
-0.12
-0.32
0.44
0.68
-1.87
1.46
2.52
-1.44
-1.86
-0.40
-1.86
-1.07
3.67
-0.52
0.16
0.77
0.48
-1.00
0.97
1.32
0.39
-0.71
-1.07
-0.08
-0.04
0.08
2.28
-0.31
-0.27
-1.53
0.64
-1.39
-0.32
-0.81
-0.73
-0.53
-1.44
-1.42
-2.80
0.57
1.00
-1.20
2.70
-0.64
-0.64
-0.56
0.09
-2.37
1.54
0.43
-1.69
-0.18
1.41
-0.26
1.05
1.77
-1.48
-1.12
0.26
0.09
1.69
-0.72
-0.30
-0.26
1.25
0.60
0.30
-0.47
-0.98
-3.26
0.27
-2.83
0.77
-2.39
4.63
1.90
-2.65
-0.58
-0.13
-0.36
0.50
1.61
-1.02
-2.63
1.51
-0.72
-0.27
2.00
2.28
-0.44
0.04
2.28
1.54
-4.39
-1.99
0.36
1.44
-0.49
-0.71
1.30
3.05
-1.07
1.13
3.04
0.04
0.00
0.92
-0.45
-0.29
-1.25
-0.71
-0.55
0.81
1.27
0.08
0.38
-1.12
-1.05
2.16
-3.91
-2.33
0.75
-0.70
-0.88
0.58
1.78
2.88
0.42
-1.22
1.20
-0.21
-1.48
-0.77
1.56
1.24
1.35
-5.36
-0.75
1.90
-4.90
-0.59
1.88
2.66
-1.19
-2.09
-2.18
-1.67
2.50
-2.90
1.18
-1.78
-2.24
1.37
-1.01
2.82
-1.89
1.35
-1.43
-0.10
0.87
-0.67
2.17
-1.23
0.86
1.14
-0.37
1.46
-1.95
1.70
0.79
0.55
-2.11
-1.92
-0.95
-0.05
-1.16
1.22
1.40
-1.62
2.80
-2.40
-0.87
0.78
1.93
1.84
-1.53
0.38
1.64
0.18
-1.01
0.93
-0.97
0.56
-1.81
0.38
-0.42
0.66
-2.02
-1.36
-0.70
-2.44
0.00
-2.46
-0.10
1.18
-2.90
-0.47
16.78
-0.90
0.91
8.33
-0.42
-0.42
0.29
-1.09
-0.97
-0.34
-0.04
0.04
-0.47
0.47
0.21
0.43
0.38
0.17
-0.38
-0.59
0.00
0.13
-0.17
1.62
-0.34
-1.14
-0.47
-0.13
0.39
-1.16
-0.13
1.43
0.34
-0.04
-0.21
-0.13
1.50
-0.67
-1.36
2.11
-0.80
-1.36
0.34
-0.39
-0.17
-0.47
0.56
-0.95
0.26
0.52
1.86
0.21
-0.21
1.06
-1.72
-1.41
-0.35
-0.83
-1.40
-3.95
-0.18
1.76
-1.59
2.73
1.31
-0.67
-2.64
1.47
-0.36
-1.73
-2.41
0.85
1.13
1.72
-3.79
0.52
0.09
-0.61
1.38
0.05
-0.51
-0.66
0.09
1.09
0.33
1.21
-0.28
0.42
-0.92
-1.30
-0.85
0.28
0.14
0.28
-5.33
