1.28
1.05
-4.04
0.21
0.05
0.62
-4.70
0.52
-1.27
-2.11
0.72
-1.86
3.33
-1.33
1.77
-2.80
-2.34
-5.18
1.27
-1.60
4.46
0.34
-1.78
0.14
2.33
0.63
-0.50
2.38
1.91
-1.96
-0.41
-1.74
1.90
-0.84
1.14
0.90
-2.28
-0.96
2.80
-0.99
-1.09
-0.71
2.80
-1.10
-0.94
0.92
1.14
0.90
-1.13
0.94
-0.83
0.83
2.66
1.13
-3.88
1.38
1.25
-0.28
-0.25
-0.12
2.46
0.13
1.41
1.96
-1.92
0.54
-0.27
1.47
-0.05
1.03
0.10
0.93
0.24
0.67
1.63
0.19
0.35
-0.94
-0.60
-3.69
-9.06
0.90
-2.06
-1.80
0.30
-1.37
1.17
0.60
-2.65
-1.36
-0.07
1.10
-1.02
0.14
-0.89
0.61
0.83
3.47
0.34
-1.41
0.62
1.44
-0.55
0.16
-0.66
1.68
-0.11
-0.09
-1.89
-1.54
-0.56
-0.49
-0.63
0.57
-1.03
0.41
-1.45
0.81
1.12
-3.48
-2.76
5.19
-0.05
1.40
1.73
-1.14
2.19
-0.30
1.26
-0.35
0.44
-1.02
-0.24
1.32
0.30
-1.71
1.43
0.67
-0.79
2.31
-8.47
0.91
-0.67
-2.18
1.25
-1.11
0.65
-0.40
0.80
-0.83
-0.51
-0.54
0.85
0.11
-0.01
-0.50
1.83
-0.14
0.51
-0.10
0.68
-1.19
-0.52
-0.39
-2.01
-0.32
0.59
-1.22
-0.68
1.29
0.44
0.98
-1.19
1.02
-1.00
-0.56
1.57
-0.05
0.24
3.53
-0.10
-0.22
-0.18
-0.92
-1.70
-0.35
-1.41
1.62
-1.38
-1.01
0.43
-1.75
-1.27
0.33
-2.21
-1.07
0.04
-0.42
-0.15
1.06
-0.10
1.32
-0.03
-0.19
0.35
1.30
0.60
-2.57
-0.34
0.60
-2.11
-1.03
0.93
2.17
0.05
5.98
-0.80
-1.82
0.43
-0.52
-0.46
-0.55
-1.27
0.48
-0.69
1.13
0.19
-1.19
0.44
-1.56
-1.17
-0.58
-0.08
0.15
0.43
-1.04
0.94
1.06
1.86
1.16
-0.21
-1.92
0.40
-0.47
-0.12
-0.89
0.46
0.12
-1.30
-0.88
-0.72
3.56
2.99
-0.48
-0.68
0.46
-1.09
-1.65
-0.56
-0.40
-1.59
0.31
-0.78
-0.78
-0.45
-0.62
2.36
-0.96
0.06
0.35
1.31
0.51
-0.78
0.12
0.07
1.02
-8.61
-1.86
1.17
1.94
-0.15
3.33
0.73
-0.65
-0.80
-0.66
0.78
0.82
0.80
-0.03
-0.41
0.48
0.30
-0.88
-1.57
0.99
-1.88
-0.29
-0.13
-0.48
1.03
0.10
0.76
-0.51
-1.41
0.13
-0.50
0.03
-0.01
-0.59
0.24
0.40
0.58
-1.21
-0.18
-0.76
0.02
0.15
-0.24
-0.60
0.30
0.44
0.29
-0.96
0.33
0.33
-0.86
0.49
1.31
1.64
0.53
-0.04
-0.64
0.70
-2.01
1.29
-0.41
-0.87
0.59
-1.02
-0.31
-0.97
-0.17
-0.35
-1.84
-0.12
-0.29
0.19
0.51
-0.59
0.39
-0.09
-0.02
0.62
-0.42
1.21
0.12
-0.99
-0.79
-0.31
0.90
1.14
-0.44
-0.25
-0.28
-1.06
1.09
1.19
2.91
4.41
0.09
0.99
-0.81
1.78
-1.47
-0.11
-0.11
0.23
-1.95
-0.33
0.06
0.09
0.65
1.12
-0.01
0.82
0.76
1.44
0.96
0.46
0.85
-0.87
0.61
1.04
1.31
0.20
-0.51
0.18
-1.94
-1.63
0.38
-0.23
0.86
-1.62
-0.41
0.57
0.43
0.31
-1.38
-0.32
0.68
1.02
0.55
0.38
-0.31
1.22
1.41
7.25
3.09
0.01
-1.42
0.47
3.04
-0.43
-0.68
-0.01
-0.98
-1.66
0.09
0.74
-0.82
0.41
-0.01
0.79
0.41
0.18
0.12
-3.52
0.14
3.09
-0.40
-0.93
1.32
-1.64
-0.19
1.29
-0.57
-1.54
-0.16
-1.50
0.36
-0.29
1.97
-0.47
-1.28
-0.09
-0.26
-2.52
-1.04
-1.40
-1.36
-0.17
-1.37
-0.47
-1.47
1.15
-0.26
1.03
-1.25
-2.33
0.92
0.84
0.04
-0.43
0.53
0.43
-0.49
-1.05
1.24
1.49
1.51
0.75
-2.99
0.27
0.00
-0.78
2.06
2.24
0.28
0.64
-2.93
1.65
-0.58
-1.04
-0.46
-1.34
-0.42
-0.01
0.39
-0.69
-1.16
3.43
0.76
-1.02
0.84
-0.16
4.97
0.78
0.44
-0.05
1.56
1.86
-0.70
-0.23
0.53
-0.55
0.42
-0.14
5.26
3.91
-1.70
-4.00
-0.37
-2.11
-3.63
2.06
2.96
-5.55
1.39
1.11
0.81
1.27
-0.33
-1.04
0.30
-0.31
-1.60
1.90
1.09
-1.75
-2.03
-1.52
1.50
-0.98
1.80
0.84
0.10
0.81
0.42
0.81
-0.76
-1.96
0.29
-3.21
-0.34
-0.56
-1.20
-3.61
3.71
-1.89
