-0.45
-0.82
-2.86
0.33
1.12
0.82
-1.90
0.09
-1.10
1.24
-1.55
-0.81
2.24
-0.96
0.60
-0.34
0.49
2.35
0.28
-1.54
-0.23
-0.99
0.45
0.63
0.39
0.27
-0.20
1.63
1.35
0.83
0.79
0.20
-0.60
0.77
0.24
2.00
-1.90
-0.25
0.88
0.27
0.44
0.69
-0.96
0.55
0.82
0.15
0.88
-0.28
0.57
0.24
0.64
0.02
-0.79
-0.83
0.36
0.57
0.85
1.71
0.59
0.06
2.54
0.62
-1.65
-0.22
-1.59
0.29
-0.66
0.92
-1.21
-0.93
0.55
0.13
-0.24
-1.19
-2.47
0.73
0.88
-0.62
0.69
0.21
0.13
1.43
-0.92
0.15
0.55
0.05
1.00
1.59
0.44
1.11
-0.31
0.08
-2.45
-0.95
0.85
-0.75
0.40
-0.48
-0.06
0.82
0.00
-0.14
0.62
0.09
0.73
-0.17
0.69
0.62
1.43
0.11
-0.86
0.29
-0.23
1.37
0.05
0.11
0.97
-0.18
0.56
-0.94
0.08
-0.65
3.19
5.10
0.87
0.24
0.62
-0.74
0.61
-0.90
-0.54
0.73
0.21
-0.10
0.36
0.50
-1.29
-0.68
0.01
0.66
-0.57
-1.02
1.12
0.77
-0.36
-0.92
-1.68
1.02
0.09
0.11
0.42
0.18
0.01
0.14
-0.18
-0.76
0.09
1.01
0.25
0.15
-0.64
-0.14
0.55
-0.73
0.78
-1.27
0.44
-1.00
1.18
-0.06
-4.30
-0.56
-3.59
1.89
-1.03
-0.18
0.09
-0.53
0.03
-0.78
0.87
-0.31
-0.63
-1.16
0.03
0.25
-0.66
0.35
0.00
-1.30
-1.09
0.10
-0.46
0.50
-0.78
0.29
0.14
-0.71
-0.02
0.23
-0.55
-0.93
-0.48
0.30
0.34
-0.43
-0.20
1.55
0.52
-0.56
-0.41
-0.42
-0.77
1.95
3.04
-1.52
-2.66
-0.05
0.26
0.16
-0.07
0.16
-0.16
0.60
1.70
-1.91
1.33
-0.35
0.93
-2.74
-0.57
0.58
0.31
-0.16
3.21
-0.81
1.15
1.06
-0.20
-1.36
-0.08
1.08
-0.69
-2.55
1.53
0.11
-0.48
0.06
-0.50
0.76
-0.95
0.52
-0.03
0.29
-1.25
-1.48
-0.18
0.88
0.48
-0.31
1.47
0.16
-0.69
1.25
-0.48
0.89
0.54
-0.49
0.03
-0.19
-0.19
-1.78
0.57
1.64
-2.06
0.62
0.65
1.35
-0.48
0.21
0.32
0.16
-2.61
-3.75
3.02
-0.70
0.31
0.97
-2.33
0.72
0.30
0.59
-0.30
-0.49
-0.30
-0.30
0.93
-0.10
-0.08
-0.10
1.16
-0.57
-0.25
-0.66
-0.83
-1.37
0.73
-0.35
-0.63
0.37
0.73
-0.62
-0.10
-0.78
-0.29
-0.22
-0.96
-0.07
-0.23
-0.17
0.28
-0.71
0.75
0.97
-0.55
0.07
-0.26
0.71
0.17
-0.62
-0.81
0.17
-1.58
-1.20
0.23
1.78
0.44
0.17
-1.79
-0.05
-0.14
-0.02
0.20
-0.48
-0.11
-0.21
0.57
0.85
-0.04
0.39
-0.14
0.86
-1.31
0.30
1.43
0.00
-0.19
0.16
0.30
-0.87
-0.19
0.26
1.62
1.00
0.14
-2.94
0.04
-0.67
-0.93
-0.37
-0.11
0.41
-1.16
1.62
-2.57
0.78
-0.40
-0.67
-1.81
-0.35
-0.43
0.24
-0.17
-0.30
0.86
0.76
-0.89
0.34
0.59
0.33
0.24
1.17
0.02
0.65
-0.29
0.60
-0.83
1.58
0.27
-0.09
0.37
-1.06
-0.02
0.93
0.53
1.43
-0.16
0.38
0.07
-0.75
0.26
0.37
0.31
-3.47
-1.19
-1.34
-0.64
-0.33
-0.91
0.86
0.00
1.82
-0.07
1.26
0.78
-0.39
-0.49
-0.43
1.36
1.13
-1.86
-5.80
-0.92
-0.89
2.03
-0.57
0.89
-0.32
-0.96
0.10
-0.95
1.34
0.15
-1.32
-2.35
1.51
-0.16
0.79
0.51
0.54
-0.21
1.06
-0.42
-0.04
-0.65
0.23
-0.48
0.43
-0.37
-1.76
2.49
0.21
-0.52
-0.81
-2.42
1.74
1.59
2.90
-0.58
2.17
-2.94
2.17
0.09
0.97
-1.33
0.24
0.00
0.75
1.46
2.74
0.39
-0.18
2.48
-1.05
0.28
-1.25
-1.50
0.09
0.30
0.73
-0.60
1.35
1.60
-0.29
1.96
1.31
1.01
-0.02
0.10
-1.05
-0.44
-0.42
-0.53
1.16
0.86
0.33
-1.33
-1.16
-0.92
-0.41
1.00
1.18
-0.78
0.77
1.12
0.03
-0.12
0.70
0.10
-1.03
-1.68
-0.15
-1.04
-3.33
-3.47
3.28
-2.03
-1.21
1.35
0.37
-0.24
2.26
1.53
-0.81
-0.85
-2.63
0.86
-3.59
-2.94
-1.24
-0.45
0.04
0.73
-0.63
0.87
0.00
1.25
-0.48
1.01
0.04
-0.35
-1.70
-0.86
-0.55
-0.56
-8.85
-2.33
-0.54
2.47
0.02
