-0.46
-3.32
-5.69
-6.16
-7.50
-5.64
-1.69
6.24
-6.90
-4.10
-4.93
9.69
11.67
-0.56
2.70
-0.83
6.83
-2.48
4.15
-10.67
6.62
0.27
0.13
-5.11
-8.92
7.47
-8.10
11.50
2.68
9.22
7.43
-0.23
2.94
-2.40
-1.64
9.27
2.61
0.74
0.74
3.97
3.82
6.20
6.75
-6.23
2.19
-0.71
1.53
5.75
-5.69
-2.75
0.91
-1.54
-1.65
1.31
-10.68
-3.40
0.32
0.53
0.63
2.42
-4.72
-1.19
1.09
4.96
1.44
2.63
3.65
5.43
2.89
0.35
0.61
0.61
2.16
1.95
0.33
7.36
-2.70
0.00
3.40
1.45
-3.32
-0.08
-4.53
0.00
-0.98
1.07
-4.09
5.46
7.60
-7.74
-3.83
2.71
0.00
-4.86
0.26
-0.09
-1.56
2.55
4.88
-2.78
1.85
2.72
0.40
1.12
1.58
2.80
2.95
1.91
1.08
-6.07
-2.13
-1.55
-1.10
-1.76
1.14
0.24
-1.76
0.08
6.36
-5.44
-5.11
7.51
3.89
-0.76
4.24
-7.24
3.67
-0.08
1.00
1.07
4.22
-1.74
0.15
-1.03
0.82
-3.61
2.14
-0.22
-0.22
-0.75
3.79
-1.97
-2.38
1.91
-3.07
-3.78
4.81
2.83
4.39
3.56
0.48
-1.92
-0.35
-0.63
1.69
1.87
0.14
0.88
-2.56
-3.04
1.36
-1.97
-1.44
-1.53
0.59
-0.51
0.52
0.51
2.41
-3.21
3.17
0.43
-4.20
-1.19
-4.29
-0.39
2.13
-0.15
-0.08
0.31
3.09
1.12
-3.19
2.07
-0.67
7.02
-1.48
4.15
-1.31
-0.07
3.69
1.68
1.06
3.99
2.58
2.15
-1.08
-0.67
-1.65
2.80
1.21
1.79
-1.17
0.00
-2.37
-2.13
1.24
-4.29
-1.60
-0.33
-1.96
2.67
-1.62
3.63
0.32
0.95
-0.31
0.32
1.89
2.16
-1.51
-2.45
0.63
2.19
0.31
0.00
-2.74
-3.76
-2.93
5.37
-1.27
2.90
1.25
-1.24
-1.57
0.32
1.90
-0.31
-0.31
-5.33
2.32
2.91
-2.83
1.62
1.59
2.82
0.91
-2.11
-0.31
0.93
-1.23
4.97
0.59
0.29
-0.29
-1.47
0.90
1.18
0.58
0.58
-2.31
-1.18
-1.50
3.34
-0.59
-0.30
2.67
1.16
-0.57
-4.60
0.60
0.60
-1.79
3.03
-2.94
-2.42
-0.62
0.31
1.56
0.00
-0.61
0.00
-1.85
0.31
3.13
-2.74
0.00
-1.88
-2.87
1.31
3.56
-4.69
-0.33
0.00
0.66
-1.31
-0.66
-0.33
-0.33
-2.01
2.40
1.00
1.66
0.33
-3.90
-3.38
2.80
0.68
-0.34
0.68
1.35
1.33
0.66
1.30
0.00
-4.18
0.34
-2.01
3.07
0.33
-3.63
-3.42
-1.77
0.72
-1.79
-1.46
0.00
3.70
3.57
1.03
-4.44
0.00
-0.36
-2.51
-2.21
-1.88
5.36
-1.82
-0.37
3.72
-2.51
1.84
0.00
-2.53
-2.22
3.03
2.21
0.00
1.80
-2.12
-0.72
0.36
-3.62
-2.63
5.02
-2.57
0.75
0.75
0.74
0.37
0.74
6.57
2.05
-6.04
-2.86
3.68
-0.35
0.36
0.00
1.06
3.16
2.04
1.00
0.99
-0.33
0.00
4.59
-1.57
-0.96
0.64
3.19
0.93
1.53
0.91
0.60
3.27
-1.15
2.33
-0.85
-1.72
3.80
1.13
-0.56
0.28
1.12
0.83
-1.92
-0.84
-7.61
2.74
0.30
0.00
-0.30
-3.56
-0.62
0.93
-0.31
-0.92
-1.24
1.26
0.62
2.47
0.60
0.90
0.89
0.29
-1.47
-1.79
1.82
-0.30
-1.49
1.82
-0.89
-0.90
-0.61
-0.91
4.31
-0.59
0.00
0.30
0.00
0.59
-4.12
2.45
-0.30
1.20
0.00
1.19
2.35
0.29
1.43
-1.69
-0.57
-0.86
-0.29
-0.87
1.47
1.45
0.57
1.14
-0.28
0.00
-2.25
0.86
-3.14
-0.88
-2.23
0.76
3.63
0.87
-0.29
0.00
-0.87
6.73
2.19
1.34
0.26
-0.79
-1.33
-4.31
-0.28
0.28
0.00
0.00
0.00
1.13
0.28
-0.28
0.28
0.28
-0.28
-0.83
0.84
-0.56
-0.56
2.25
1.10
3.26
1.84
2.84
2.51
-1.47
2.99
0.24
2.41
-0.47
0.71
1.88
0.69
2.06
-0.22
-0.22
0.23
-0.22
-0.90
0.68
-3.16
-1.86
2.38
0.23
-2.78
-1.19
-1.69
-0.25
2.95
0.24
-1.43
-1.93
0.74
0.49
-0.49
-1.22
0.74
-6.39
-1.84
2.67
0.78
-3.62
-1.34
1.36
-0.27
5.11
1.79
-9.80
-5.29
1.47
1.74
1.14
-0.28
-2.54
-4.35
1.21
2.69
2.62
-0.85
0.29
0.57
2.84
0.83
0.55
-1.91
-2.78
2.29
-4.75
0.00
3.52
-2.55
-8.14
4.11
-1.82
