-2.64
-3.58
-4.09
-1.53
2.44
0.17
0.63
-0.62
-2.41
-0.57
0.07
0.44
-0.91
-0.17
1.44
-1.48
-0.65
2.14
1.59
-1.53
-2.46
-0.97
-0.35
0.49
-2.82
-0.57
-2.92
3.01
3.14
2.41
-0.82
-0.86
2.95
-0.84
-1.84
2.29
0.44
-0.64
1.94
0.47
3.05
0.97
0.70
-2.88
-0.46
0.92
1.43
-0.26
-0.42
2.06
0.85
0.00
0.38
-0.56
-1.85
-1.12
0.19
0.55
-0.64
1.42
-3.05
-1.87
-1.00
1.15
-1.74
-0.17
0.54
0.61
3.60
-0.19
-0.52
2.45
2.11
0.69
1.46
-1.47
-0.71
0.75
-0.09
0.87
-1.97
-0.16
-1.57
-2.11
-0.16
1.38
-0.58
1.85
-0.86
0.32
-2.12
0.49
-0.13
0.39
-1.40
0.82
0.07
1.50
1.93
-1.14
0.32
-0.35
-3.39
0.13
-2.18
1.32
0.80
-2.18
-0.71
-1.02
0.07
-0.86
0.10
0.55
0.72
1.44
-0.47
-0.64
1.71
-4.93
-2.96
0.84
1.55
0.46
2.08
-2.49
0.82
1.20
3.20
1.58
1.56
0.10
0.42
0.03
0.32
1.23
0.77
1.71
0.41
-0.31
0.28
-0.40
-3.22
1.77
-0.76
-4.38
1.04
0.33
1.52
0.26
0.62
0.58
1.60
-0.57
0.92
-0.47
0.44
-0.94
0.89
0.13
0.09
-0.38
-0.76
-0.03
0.89
-0.44
0.79
-0.38
1.13
-0.12
-0.72
-0.56
-3.88
2.30
-0.77
-0.74
1.34
-0.48
2.42
-0.22
1.45
0.87
-0.83
-1.00
-0.63
0.95
-1.32
0.92
0.85
0.41
1.59
-0.46
-0.58
-0.59
-0.81
-0.66
-0.54
1.14
-0.97
-0.51
1.43
-0.31
0.91
2.93
-4.18
-0.06
-0.79
-0.03
0.89
-0.38
-0.10
-1.21
0.29
2.76
-0.91
-2.43
5.72
3.94
-2.18
0.45
-0.60
0.57
-1.26
0.03
2.42
0.15
1.15
-0.58
1.53
-0.12
5.50
-2.80
-1.33
0.37
3.51
0.33
3.40
-1.49
0.70
-3.77
0.81
0.36
0.08
0.58
-0.52
-2.00
0.00
-0.42
-1.10
-0.03
-0.85
0.89
5.52
-1.89
-1.10
0.06
3.72
1.61
-1.16
-0.45
-0.08
0.43
-0.45
-0.78
-0.97
0.95
3.46
-1.99
-1.36
-1.84
0.77
-1.28
-1.13
1.68
1.38
-4.70
0.11
-0.17
0.26
1.00
4.84
-0.43
-0.13
0.51
1.59
0.08
-1.56
-0.94
1.00
-1.15
1.60
0.88
1.24
-0.84
-1.03
-0.67
-1.18
0.00
0.11
0.24
0.35
-0.03
-2.02
-1.71
-3.25
-0.46
-0.38
0.88
0.43
2.45
-0.06
-0.37
-0.14
-3.37
0.29
-0.79
0.47
-1.32
0.77
-0.15
0.06
-1.62
1.53
-0.62
0.30
0.92
-1.03
0.47
0.24
1.15
0.47
0.29
-1.27
-2.92
0.84
-0.99
1.87
0.59
0.85
-0.09
-0.35
-1.44
0.59
-1.18
-2.99
0.15
0.77
0.61
0.91
-0.06
-1.81
1.44
1.39
1.19
1.47
0.06
0.03
-0.09
-0.26
-0.67
0.67
0.99
-0.49
0.29
-0.03
-0.90
0.17
0.15
-0.78
0.18
0.03
0.94
-0.90
1.08
0.81
0.20
1.83
-1.57
-0.40
0.20
0.72
0.60
0.28
1.01
1.37
0.08
0.14
0.11
-0.16
-0.93
-0.69
-0.70
0.14
0.90
-0.47
0.59
-3.39
0.17
-0.14
1.44
0.09
0.25
-0.31
-1.13
0.14
1.55
0.20
0.59
-2.10
-0.49
0.23
1.12
0.54
0.08
0.23
-0.25
0.03
0.84
2.01
2.24
-0.35
1.18
-2.02
0.24
0.95
1.45
0.84
1.52
0.23
-0.75
0.29
0.47
0.57
0.82
2.23
-0.10
0.79
0.00
-0.49
4.38
3.08
0.76
0.16
2.46
0.89
-0.26
0.58
-1.28
2.21
-0.26
-1.62
0.22
0.51
0.57
-1.01
2.95
-2.90
0.27
-1.35
-2.84
-0.90
0.35
-1.23
-0.61
-0.47
-1.04
0.98
1.31
2.13
-1.31
-0.33
1.73
0.64
2.28
0.20
-1.51
0.38
-0.65
1.70
-2.47
-1.64
-0.70
0.61
-0.58
-1.52
-0.31
0.00
-0.83
-0.34
-0.31
-1.43
0.34
2.93
0.81
0.07
-0.85
-0.33
-0.52
-1.17
0.17
-0.94
1.98
2.44
3.08
-0.29
0.48
-0.38
-2.38
2.77
-0.27
0.27
-0.36
-0.39
-1.62
0.32
0.21
1.80
-2.26
0.76
-1.08
-0.74
-0.68
0.05
-3.37
-3.56
5.87
1.27
-3.87
1.74
1.30
-1.43
0.99
0.10
-1.82
-0.78
-0.52
0.86
0.00
1.54
-3.30
-2.04
-3.96
-0.95
0.83
0.50
-0.50
0.26
0.00
-0.03
0.48
-0.84
0.42
0.24
-2.45
-0.32
1.87
-3.27
-3.25
2.33
-3.11
