0.28
-0.29
-2.41
-1.36
0.30
1.67
-3.46
1.64
-2.86
1.21
-0.07
1.13
2.59
-1.59
0.02
-2.21
4.28
1.74
1.24
1.32
-4.04
-2.58
-3.60
0.06
-0.45
0.83
-0.07
0.08
1.52
2.00
-1.98
0.64
0.96
-1.61
0.50
1.14
-0.58
-1.05
3.48
-0.36
-1.07
-0.19
-2.39
0.10
1.66
0.93
1.73
0.72
0.04
0.90
0.15
-0.40
0.89
-0.28
-0.33
-0.36
-0.21
1.67
0.32
-0.71
0.89
-0.59
-0.86
1.25
-1.04
-0.09
-0.25
0.90
0.99
0.45
0.59
0.98
-1.45
-0.17
0.66
-5.41
0.60
-2.27
-0.54
-2.27
0.40
0.92
-0.84
0.41
0.47
1.46
0.54
1.41
-1.19
-0.34
-0.45
0.75
-1.38
0.22
-0.90
0.89
-0.62
2.20
0.69
-0.16
1.45
0.17
-0.05
-0.56
-1.13
-0.79
0.14
1.62
-0.06
-1.26
-0.18
0.19
-0.14
-1.08
-2.76
0.27
0.39
0.22
0.62
-4.15
-0.59
1.49
0.57
1.20
0.96
-0.75
0.58
-0.24
1.49
1.31
0.73
-0.41
0.87
-0.02
2.39
0.03
0.49
-0.35
0.65
-0.23
0.02
0.57
0.51
3.33
1.21
-0.10
-0.15
-0.21
1.21
-0.21
0.28
0.13
-0.04
-0.14
-0.14
-0.59
0.53
-0.33
-0.39
-0.34
-0.05
-0.38
-0.29
0.24
0.33
-0.49
-0.26
0.20
0.69
1.40
-0.00
-0.64
-1.79
1.31
-1.26
0.22
1.36
-0.41
-0.32
0.55
0.66
1.36
-0.12
-1.51
1.01
-0.08
-0.92
0.18
-0.46
0.30
-0.19
0.23
-0.30
1.68
-0.56
0.27
-0.95
0.06
0.28
1.82
0.68
-0.66
0.30
1.42
-0.86
-0.78
-0.58
0.27
-1.18
-0.55
-2.12
-0.79
-0.14
2.68
1.24
-0.79
-3.14
-1.09
-2.40
2.91
0.62
0.79
-1.30
1.14
0.03
-0.76
0.16
0.71
0.46
-1.72
-1.49
0.02
1.80
-0.26
1.97
0.47
1.80
-0.19
0.92
0.31
-0.27
-0.71
0.33
0.33
-0.37
-0.31
-0.23
0.26
-0.66
-0.21
-1.30
1.96
-0.03
0.65
1.50
0.24
-0.14
0.47
-0.04
0.17
-0.42
0.19
-0.56
0.46
1.96
0.60
1.05
-0.17
-1.39
-2.51
-0.44
-0.60
0.37
0.23
0.18
0.93
0.08
0.02
0.58
0.49
0.13
-0.32
0.58
0.52
0.32
0.25
-0.04
-0.37
0.22
-0.56
1.40
-0.81
-0.09
-0.21
0.46
0.29
0.49
0.42
0.37
0.15
0.29
0.19
0.27
-0.51
-2.05
-0.04
-1.19
-0.54
0.40
0.25
1.10
-0.05
-0.20
1.06
-0.49
-0.43
-0.45
-0.35
-0.05
-0.22
0.19
-0.15
1.78
-0.13
0.30
0.42
-0.13
2.33
1.13
0.03
0.26
3.71
0.90
0.46
1.21
0.66
-0.47
0.89
-0.21
-0.20
0.11
-0.08
0.43
0.56
-2.33
0.88
0.44
0.99
0.67
0.73
1.46
0.14
0.29
-0.91
0.12
0.79
0.78
-0.72
0.49
0.27
-3.40
-0.86
0.90
-0.26
-0.80
-0.16
1.73
-0.64
0.99
-0.20
0.97
-1.42
-2.47
1.36
-2.41
-0.87
-1.10
1.39
-0.49
1.41
1.08
0.27
1.48
0.11
0.85
-0.10
1.13
0.59
-0.06
0.17
0.45
-2.93
-0.38
-1.33
0.61
-1.34
0.11
0.11
-0.77
0.58
-0.00
-0.16
-0.44
-1.75
0.70
0.95
-0.09
0.66
-1.76
-0.16
-0.57
2.12
0.23
-0.60
-0.68
-0.25
0.82
0.84
1.23
-0.34
-1.10
0.06
0.84
-0.89
0.20
0.36
0.40
-1.08
-0.51
-0.59
0.76
1.14
0.00
-0.45
-0.95
0.34
2.40
0.51
0.92
-0.64
0.48
-0.55
1.90
0.86
-0.13
-0.45
1.81
0.00
0.22
0.15
0.16
0.17
-1.08
0.32
-1.94
0.30
0.30
-0.00
4.26
-0.05
-0.01
0.93
0.04
0.67
-0.70
0.93
-0.44
-0.34
-0.28
0.04
-0.50
1.16
-1.20
-0.12
1.51
0.15
0.44
1.47
-0.81
-2.44
-0.12
-1.07
-1.29
0.76
1.29
1.15
0.46
0.25
-0.30
0.25
0.58
1.37
1.22
-0.49
-0.58
-0.25
-0.19
-0.28
-0.53
-0.40
-0.24
1.88
1.71
0.39
1.33
0.35
-0.13
-0.24
0.16
1.69
0.00
0.74
-0.27
0.66
1.81
1.03
-0.41
0.93
0.46
-0.09
-0.77
0.41
-0.05
-5.28
-4.51
1.47
-2.68
-4.72
3.76
1.07
-0.04
1.76
1.74
0.38
0.74
0.92
-0.35
1.64
1.38
-2.29
-1.22
-2.94
1.19
0.98
0.56
1.28
1.29
2.79
0.44
-2.23
0.79
0.15
-1.41
-3.03
-0.39
-0.16
-3.73
-2.53
2.68
-4.47
