3.02
-3.77
5.73
-14.32
-1.00
0.75
-1.62
3.29
0.17
-2.41
-1.10
2.45
2.87
-2.54
3.60
-0.54
1.05
2.96
0.08
-1.82
0.66
-2.25
-0.54
0.93
-3.00
-3.09
-0.53
5.80
3.33
3.79
2.87
0.23
3.13
0.74
0.07
1.17
-1.34
1.54
1.84
0.75
0.60
2.63
0.51
0.82
0.07
-0.37
1.96
0.03
-1.56
-1.45
2.12
1.64
-1.84
-2.51
-1.24
0.14
0.94
1.65
0.51
-0.88
0.20
0.20
-2.81
0.59
-4.09
-13.84
0.55
-1.67
1.48
-0.92
0.84
-0.13
0.34
0.42
-0.96
0.55
-2.30
1.96
0.42
-1.84
-1.49
-0.86
-1.52
0.49
-3.83
-0.91
0.65
-11.51
-3.73
-3.88
-1.34
-0.40
-1.25
-1.38
1.11
4.22
2.22
-1.74
1.05
-1.20
0.39
-0.77
-0.67
2.57
4.15
-0.21
1.94
0.57
-1.13
-2.02
-0.05
0.53
1.68
0.05
4.08
2.93
-0.82
0.29
1.55
-2.53
-1.62
3.34
1.25
1.05
0.85
-0.61
2.44
-0.73
4.95
0.88
2.05
-0.39
-0.30
0.22
2.67
0.29
1.13
0.04
0.45
3.25
2.51
-0.70
-1.37
2.22
-0.89
-5.28
3.30
0.76
1.75
-0.08
-6.28
0.08
3.95
0.04
1.60
-0.98
1.27
1.65
3.90
-0.11
0.48
-1.33
-0.90
0.34
0.00
-4.31
-1.85
-1.29
-2.57
-2.05
1.54
-0.29
-1.56
2.10
-3.31
0.00
2.26
-0.85
-0.81
-2.55
-0.49
0.44
0.18
-1.72
0.27
-1.03
-1.63
2.49
-1.89
-0.18
3.44
1.11
15.23
0.65
0.53
1.09
-1.15
-0.34
-1.10
-0.96
2.32
-0.11
-0.26
0.53
0.23
1.47
-1.41
2.10
1.51
-2.72
0.26
-4.76
0.51
4.70
-1.82
3.51
4.27
1.71
3.54
-0.86
1.98
0.92
-16.61
-2.42
3.52
1.20
-2.33
-0.35
-0.94
-1.07
0.32
-2.99
2.67
1.28
4.87
-0.08
-2.04
-0.31
-1.43
-0.39
0.71
-6.49
0.08
0.88
-1.62
-5.35
0.44
0.62
-0.09
0.13
-1.28
4.63
3.07
-3.93
0.39
2.14
0.29
-0.88
1.27
-1.42
2.07
-0.75
-0.42
1.38
-1.82
1.77
0.66
-1.93
-5.40
1.33
0.66
-2.17
1.15
0.79
0.04
-1.04
2.51
2.83
1.63
-3.00
2.41
0.79
-1.35
1.70
2.29
-0.64
-3.62
3.05
2.02
-1.51
-1.97
3.29
-1.75
-1.22
-0.86
0.21
-0.41
0.58
-3.01
0.68
0.72
0.25
0.71
-2.66
-2.73
1.10
1.00
-0.13
0.04
2.15
3.95
-1.09
-0.65
-2.39
-2.19
-1.25
5.02
-0.08
1.12
0.82
-0.82
-2.51
0.84
0.13
1.25
4.95
0.75
1.02
0.23
1.23
0.38
-0.57
-1.15
1.35
-0.53
-1.57
2.45
-0.04
0.34
1.21
-3.63
-2.68
0.16
-2.07
-4.23
-1.53
-3.92
-0.18
0.36
-0.58
-0.77
1.82
0.54
-0.18
1.29
-1.01
-0.53
-1.56
0.18
0.72
2.42
1.31
1.25
-0.73
-0.69
-0.87
0.61
-3.91
-1.04
0.55
-0.23
0.91
1.58
-0.18
-1.11
-1.08
4.18
0.74
-1.60
-0.31
-6.32
-0.05
1.75
5.61
2.19
0.34
-1.24
0.95
0.94
1.15
-2.57
3.45
-0.04
1.25
-1.94
0.17
0.21
-1.93
0.21
1.70
0.71
2.25
-3.30
-3.03
0.43
-0.22
-4.46
2.27
0.49
-0.13
-0.35
1.73
1.00
0.52
1.97
-1.60
0.86
-0.47
0.60
2.67
-0.91
7.45
0.35
-0.81
0.93
6.44
2.21
-1.49
0.68
-0.32
0.14
0.21
-0.50
1.79
2.68
0.65
1.33
-0.61
0.03
-0.10
-1.83
0.10
2.04
-0.64
-2.25
-0.10
-0.98
-4.26
0.15
-0.18
-2.39
0.41
-0.19
1.32
0.89
-0.07
-0.29
0.66
-2.20
-2.25
-0.35
-0.04
1.81
-0.26
-1.21
-1.34
2.49
3.34
-1.87
0.04
0.64
2.16
6.99
1.80
-0.74
-1.82
1.61
1.21
3.27
4.91
-0.58
-1.02
6.60
-2.26
0.24
0.84
-0.56
0.33
1.07
0.88
-3.15
1.15
2.59
-0.35
0.03
0.38
-0.03
1.45
-1.29
-0.14
-1.10
-0.56
-2.07
-1.30
-0.58
-0.77
-0.96
0.13
3.62
2.05
-3.42
1.68
1.50
3.11
1.92
-0.06
-1.64
-0.86
0.78
0.66
-1.97
-3.34
-1.08
-2.40
-4.77
5.24
1.43
-4.45
3.59
-2.69
3.21
2.10
0.66
-0.18
-4.99
1.93
0.47
0.99
-1.71
-2.83
1.15
0.38
7.82
-0.26
1.47
-3.79
-2.04
1.44
-2.51
1.33
-0.77
-1.82
-0.28
1.54
0.28
-0.65
-2.90
-0.45
-0.26
-1.42
