0.38
-2.73
-2.87
-3.87
-1.04
-0.15
-2.08
2.19
-1.96
-0.71
0.19
2.41
2.14
-1.89
1.93
-0.27
0.39
3.84
-0.26
-2.74
0.26
2.69
-1.28
-0.98
-1.16
1.53
-1.83
1.54
2.53
16.55
-0.71
-1.96
2.53
-0.59
-0.34
-0.71
0.22
0.27
2.30
-1.25
0.05
-0.49
-0.66
-2.72
-0.25
1.43
-0.28
-1.13
-0.64
0.85
0.61
0.10
0.71
0.15
-1.60
-0.92
0.33
1.00
0.94
0.25
-0.68
0.81
0.10
-0.07
-1.12
0.15
0.78
1.20
4.70
-0.54
0.33
0.09
0.78
0.68
-1.52
1.11
-1.48
0.50
3.76
-1.41
-1.46
0.89
-1.70
-2.37
-0.53
-0.54
-1.05
1.04
-1.35
-0.27
-0.40
1.02
-0.89
-0.30
-0.30
1.18
0.40
1.68
0.39
0.39
0.63
1.94
-0.49
1.16
-0.98
0.97
1.00
0.00
0.05
-1.69
-0.19
0.24
-0.73
-0.83
0.50
1.05
-0.02
-0.49
2.32
-5.80
-2.67
2.34
2.02
2.39
0.12
-1.32
0.26
1.36
1.83
0.85
2.22
-0.89
0.97
0.60
0.93
0.51
0.09
0.02
0.74
-0.28
1.02
11.64
3.38
1.48
2.61
-1.60
1.09
-1.66
0.70
-0.11
-0.91
1.32
0.38
-0.34
0.87
-0.72
-0.78
0.13
-0.80
-2.24
0.96
-5.74
-0.14
-0.63
-0.06
-1.69
-0.49
-0.45
-0.23
0.55
0.16
-0.37
-3.03
0.89
-1.90
-0.43
1.69
-0.65
1.10
-0.42
1.70
0.66
-0.37
-0.43
1.49
-0.06
-1.69
-0.08
0.27
-0.60
1.08
-0.17
0.25
0.33
-1.25
0.40
-0.56
0.73
-0.93
1.59
-0.10
0.00
0.02
0.58
1.29
0.48
-3.82
0.04
1.02
1.32
-1.80
-1.54
-0.78
1.85
0.61
1.60
1.08
0.97
4.58
0.92
-0.13
-1.22
-0.58
0.91
0.98
-0.30
0.49
0.15
-1.66
0.33
-1.19
-0.06
1.20
-1.17
0.27
-0.19
-2.99
-0.74
0.12
-1.65
1.25
-1.03
0.82
0.71
0.62
0.78
0.06
0.36
-2.82
-0.43
-1.06
1.44
1.30
-0.68
-0.91
-1.94
-0.33
0.69
0.23
0.31
-1.20
-0.38
-0.31
0.55
0.65
1.87
1.37
-1.35
-0.16
-3.37
1.99
-0.33
3.47
0.08
0.84
-1.45
-1.37
0.57
1.32
1.12
-0.18
1.13
0.26
-0.27
-0.71
7.33
-3.40
1.38
-0.79
-1.90
1.41
-1.18
-0.39
0.47
-0.48
0.93
0.23
0.77
-1.26
-0.83
0.93
0.89
0.00
0.55
-2.15
-0.60
0.53
-0.74
-0.65
0.47
-0.10
0.26
0.04
-1.70
-0.50
-0.34
0.52
0.58
0.34
-1.09
-1.40
-1.22
0.60
0.57
0.65
0.81
-0.06
0.68
0.89
-0.34
1.27
-0.72
1.95
-1.12
-1.12
1.47
2.08
-1.01
0.10
1.17
-0.49
-0.40
0.46
0.40
-2.85
-0.20
0.43
1.58
-0.67
-0.37
1.15
0.61
-0.55
-0.13
1.35
0.40
1.19
-1.38
-1.78
-0.02
0.00
0.04
-0.58
0.21
-0.04
-0.70
0.88
-0.83
-0.37
0.43
-0.21
0.04
-1.42
0.75
-0.02
0.18
1.55
0.48
-2.09
0.37
-1.78
0.08
0.00
-0.10
0.10
0.60
-0.77
2.89
-0.64
0.51
0.17
1.70
-0.59
-0.71
-1.08
-2.20
-0.40
4.46
-0.77
0.12
0.42
-0.65
1.02
-1.91
-0.16
1.15
-0.77
0.93
-1.31
-0.06
-0.37
1.41
0.66
0.27
0.67
-0.91
-1.08
0.47
-0.44
0.62
-0.69
1.26
-0.29
0.58
-0.21
-0.27
1.02
-0.44
0.32
0.02
-1.05
0.46
-0.34
0.79
1.51
0.90
0.65
0.02
-0.13
0.35
0.48
0.64
0.04
-1.75
0.17
0.63
0.22
0.59
0.86
-0.04
0.09
-0.22
0.67
0.63
0.00
1.09
0.25
-0.14
-0.32
0.36
0.21
5.64
-1.57
1.17
-0.42
-0.15
0.86
1.86
-0.41
0.28
-0.76
0.76
1.15
0.11
1.58
-1.54
0.42
-0.15
1.98
-0.83
-0.51
-1.37
-0.62
1.10
-0.10
-0.31
1.63
-0.50
-1.34
-0.49
-2.25
-1.85
0.46
-0.09
0.38
0.63
0.02
0.15
0.32
0.52
-0.33
-0.05
1.23
0.00
-0.88
1.00
-0.81
1.04
1.57
0.91
-0.86
2.59
0.32
1.00
0.27
0.75
-0.48
-0.72
1.30
-1.35
-1.00
-0.21
-0.41
-0.43
-2.18
2.06
1.24
-3.12
0.15
1.26
0.74
2.51
1.36
0.52
-0.54
-4.62
-2.38
-0.07
0.50
-0.71
-1.63
-0.64
0.95
0.30
0.35
0.30
-0.17
1.84
0.03
0.23
-1.46
-0.96
0.72
-0.45
0.25
-0.80
-1.97
-1.13
1.75
-0.94
