-1.72
-2.44
-3.07
-0.41
1.09
-0.01
-4.06
1.51
-3.58
0.78
-1.96
-1.37
3.44
-3.66
2.20
-0.47
2.17
2.87
-1.18
-4.98
0.65
2.50
-0.01
-4.61
-0.67
-0.69
-4.44
3.87
1.98
1.29
-2.13
-0.56
1.28
-2.61
0.45
1.85
1.35
-0.48
3.42
-0.29
0.73
0.97
-0.95
-2.41
-1.11
0.74
1.93
-0.29
-0.95
-0.98
1.57
3.07
-0.83
-1.34
-0.08
-0.70
0.55
0.77
0.95
0.31
1.81
-1.28
-1.53
-0.10
-3.08
-0.09
1.28
1.39
3.59
0.66
-1.49
0.32
2.28
2.66
-0.99
0.86
-1.00
0.45
0.65
-1.58
-0.11
1.26
-1.83
-1.88
-0.34
-0.43
-0.84
2.48
-1.24
-0.85
-1.73
0.03
-0.47
3.42
-3.28
-0.12
0.61
1.38
2.32
-1.26
0.19
-0.03
0.31
-0.43
-2.27
0.89
-1.20
-0.34
-0.95
-2.14
-0.84
-1.64
-0.02
0.32
-0.68
1.45
0.41
-0.14
3.05
-7.07
-1.66
2.08
2.17
2.12
-0.22
-2.56
0.78
0.98
2.30
1.20
3.11
0.64
2.93
-0.55
1.05
-1.18
0.22
-1.06
0.22
0.06
0.40
-0.11
-0.29
-1.07
-0.40
-1.34
1.46
-0.18
2.56
0.46
0.37
-0.76
1.03
-0.37
1.41
0.06
0.01
0.24
0.10
0.02
-0.11
-0.47
0.36
0.04
0.54
1.50
0.05
-0.56
0.40
0.09
0.20
1.17
-1.80
1.48
-2.37
-0.50
1.16
-1.24
0.13
0.16
0.34
0.59
-1.72
-2.21
0.87
0.34
-2.75
1.46
-0.12
0.75
2.55
0.45
1.60
0.71
-1.17
0.15
-1.11
1.85
-0.89
2.15
1.09
0.00
0.09
0.26
0.25
0.87
0.38
-0.34
0.62
-0.10
-0.83
-0.21
-0.16
3.16
0.24
5.89
4.28
1.53
2.57
0.96
-2.33
1.63
0.34
0.35
0.01
0.57
-0.44
-0.49
0.67
3.56
3.35
-1.44
2.32
1.24
1.81
2.50
0.17
-1.94
0.58
0.58
1.28
-1.69
0.07
1.68
-0.68
-0.55
0.35
0.24
-0.38
-1.03
0.53
0.89
0.65
-0.74
1.48
-0.82
-0.13
1.32
-0.78
0.19
-3.50
-0.62
-1.23
0.34
0.20
0.43
1.53
0.98
-1.10
-1.29
-1.96
0.59
-0.11
4.57
-0.40
-0.15
-0.79
1.61
0.48
1.46
1.30
0.43
-0.44
0.38
0.55
-0.01
-0.21
-1.53
0.80
-0.51
1.87
-0.65
0.73
-0.35
-0.44
-0.26
-0.02
-0.72
-0.09
-0.18
-0.38
0.58
-1.72
-0.74
-3.77
-0.83
0.36
-1.50
-1.28
1.71
-0.38
1.21
-0.65
-0.33
0.13
-0.70
0.43
-0.33
0.44
-0.50
-0.87
-1.08
1.32
-4.72
-0.70
1.85
-0.55
2.93
1.53
-0.19
-0.17
-0.89
0.47
0.12
0.53
0.12
0.12
-0.81
-0.56
0.50
-0.05
-0.86
1.03
0.21
-5.27
0.67
0.11
0.29
1.68
1.91
-0.61
0.48
-2.29
-3.28
1.78
-0.79
0.32
0.25
0.58
1.38
1.68
-0.24
1.03
1.03
-1.45
-0.64
1.95
-0.46
-1.16
-1.22
-1.17
1.50
-0.07
1.33
0.53
-1.12
2.42
0.33
-0.59
-0.62
0.25
0.49
0.19
1.32
-0.78
0.29
-2.60
-0.20
-0.26
-0.95
-0.91
1.56
0.30
-0.35
0.96
0.77
0.74
-0.32
-1.01
2.59
1.36
-0.37
-0.45
-2.39
-0.60
1.43
0.10
-0.87
-1.86
0.33
-0.61
1.26
-0.38
0.11
-0.23
-0.95
-0.18
1.12
0.59
0.96
-3.59
0.48
-1.37
0.63
1.77
2.21
0.27
0.13
-0.72
1.03
0.61
0.38
0.65
-0.11
-0.33
-0.14
2.10
0.30
0.73
1.46
0.40
-0.54
2.39
-0.02
-1.31
-0.08
-0.08
-1.07
-0.53
1.63
-2.61
2.52
-0.84
1.98
-1.06
1.12
-1.27
-0.01
-0.00
-0.34
0.66
0.73
1.07
-1.00
-0.37
-1.51
0.41
-0.27
0.05
-1.26
0.16
0.74
-0.56
0.05
-0.05
-0.67
-0.20
-0.36
1.83
0.81
2.60
0.53
0.68
-0.93
-0.96
1.06
0.72
-0.09
3.02
-0.82
-0.03
0.66
1.11
-1.36
-0.51
2.28
-0.78
-0.48
-0.69
0.21
-0.68
0.36
-0.93
1.40
-0.51
-1.45
0.85
0.15
0.31
0.74
0.56
-1.86
-1.06
2.05
2.11
-0.55
2.15
1.26
-0.33
1.62
-1.30
-0.39
1.62
-4.48
-4.20
3.85
-0.62
-4.18
1.20
1.55
0.94
2.76
1.94
-0.02
-1.02
-0.56
-0.75
2.04
1.68
-1.23
-1.87
-2.34
0.52
1.94
1.45
-0.59
0.37
1.66
0.96
-1.77
-1.53
0.82
0.37
-1.89
0.25
-0.51
-3.53
-2.91
3.92
-2.99
