0.00
0.00
-2.60
2.58
-2.35
-1.69
-5.97
3.08
-1.31
0.38
0.57
2.34
1.65
-6.76
-0.48
0.10
2.42
3.22
-0.92
0.28
-2.03
-1.70
-1.73
1.27
-0.39
0.29
-0.48
1.07
-2.01
-1.08
-1.29
0.30
-0.10
0.10
-0.40
0.80
-0.40
-0.30
1.70
1.48
0.68
0.48
2.21
-2.54
-0.19
0.58
-1.44
2.04
-0.76
0.87
2.10
1.49
2.21
0.90
-0.18
0.63
0.18
2.39
0.26
-0.69
-0.09
0.17
1.04
-1.46
0.26
-2.79
-0.18
0.81
2.76
-0.61
0.70
-0.87
-0.96
0.00
-2.56
0.36
-0.81
0.73
0.45
-1.97
3.39
-0.44
-2.22
-0.45
-0.64
-4.14
0.96
6.08
-2.78
-0.92
-1.12
-0.09
-5.27
2.19
-1.65
2.97
-0.29
0.77
0.38
-0.29
0.76
-7.39
-1.02
1.65
-2.44
3.13
1.21
2.00
0.59
2.14
-1.53
4.94
1.29
1.09
-4.59
0.76
4.03
0.00
3.60
-3.04
-1.17
1.45
1.16
2.48
-1.81
-1.41
-0.09
-1.87
3.91
-1.57
1.07
-0.62
0.44
-0.88
0.80
-0.62
1.86
-1.39
0.80
-2.63
0.36
0.90
-4.53
-1.21
-1.23
-1.24
-2.13
1.78
0.29
-0.39
0.78
-0.29
0.48
2.02
0.66
-0.47
-1.32
-3.72
0.00
0.89
0.79
0.39
1.55
0.00
-1.05
0.10
1.93
1.70
-0.19
2.42
3.64
-2.63
-0.81
1.27
-2.24
-1.93
-3.00
0.48
-3.94
0.00
2.70
0.49
-1.07
-2.06
0.00
1.30
-0.59
2.18
0.68
-0.19
0.97
-2.68
0.30
1.86
0.58
0.86
-2.09
-0.58
-0.10
-1.37
1.09
-0.78
0.49
3.14
0.38
0.28
-0.09
-2.56
0.68
-0.77
-2.14
-0.99
0.90
1.89
2.34
2.58
4.09
4.20
0.69
-0.51
-3.94
-0.09
-0.18
-6.26
-1.24
1.16
1.72
-1.78
2.48
-0.56
3.00
-0.09
1.28
3.33
1.48
1.37
0.59
0.34
-1.17
-3.73
0.09
-1.58
1.34
1.68
0.43
0.35
1.46
0.34
-2.37
-0.43
1.22
2.15
-0.17
-0.51
-0.93
-2.05
0.17
-0.09
-2.62
-0.72
-1.90
0.37
-1.37
0.28
-1.02
1.31
0.92
-0.18
-0.37
-0.28
1.02
0.73
-0.27
0.64
0.81
-0.27
-2.07
1.47
0.90
0.54
0.71
-0.35
-1.33
0.45
0.81
-0.09
0.27
-0.18
-0.98
-0.99
1.91
-1.69
-0.91
1.28
0.00
-0.72
0.00
-0.27
0.46
-0.18
1.18
-0.90
2.45
-0.35
-3.02
-1.10
1.30
-1.01
2.22
0.18
-0.99
-0.27
0.91
-0.72
-1.37
-2.22
3.40
0.00
-1.55
0.84
-1.84
-2.35
1.06
0.57
-1.13
0.19
-0.19
0.38
3.33
-2.12
-0.28
-0.76
0.19
-0.38
-0.48
-0.10
0.19
-1.53
0.29
0.29
-0.97
-1.95
0.30
0.99
-1.28
0.30
0.99
2.06
2.31
-1.22
0.57
1.42
-1.96
-1.43
1.35
1.33
-1.88
0.38
0.86
3.03
2.94
1.61
1.93
-0.69
-0.09
-2.00
1.60
-1.57
-0.53
0.45
-1.69
1.71
0.35
1.06
-1.22
-0.18
0.98
-0.18
0.09
0.26
-0.96
-2.57
0.82
1.26
0.09
-0.36
1.61
0.26
-0.96
0.71
-0.18
0.09
-1.14
-1.60
0.81
0.90
-0.09
-0.36
-1.61
1.36
2.60
-4.97
0.00
0.00
-1.65
2.52
0.18
0.09
0.82
-0.63
0.00
1.00
-0.72
0.18
-0.90
-1.28
-4.15
-3.08
1.79
1.85
-2.30
0.69
-0.10
2.73
0.85
1.88
1.39
1.18
0.90
0.71
1.42
0.17
-0.26
0.70
-0.09
0.00
1.91
0.68
-1.69
0.43
0.69
-1.45
0.61
-0.43
0.17
-0.26
0.00
-1.12
1.31
0.95
-1.37
-0.87
-0.09
-0.26
-1.84
0.45
-0.62
0.45
3.12
-2.76
2.93
-2.50
3.27
-1.71
-4.45
-6.48
3.90
1.50
1.67
0.64
-0.36
0.54
0.63
0.72
-0.09
0.09
1.42
-0.97
1.51
1.22
-3.62
-2.60
-4.60
2.12
0.00
-0.75
0.76
0.28
1.03
-0.84
-0.47
3.49
-1.00
-1.57
1.59
0.28
-2.11
-0.28
0.56
0.37
-2.80
-1.63
-1.17
3.06
-0.96
0.68
0.10
1.73
-1.32
-0.86
-0.10
0.00
-1.35
0.78
-0.19
0.29
-0.19
1.46
-2.11
-0.68
0.69
-0.98
-0.79
-1.39
-1.31
-0.61
0.21
2.67
-0.80
-0.40
0.20
-0.51
2.13
0.10
-2.18
0.81
0.70
0.00
-0.50
-0.10
-1.11
1.93
0.60
-0.10
0.89
-2.17
-0.60
2.63
-1.08
-6.18
0.21
-2.44
-0.98
-4.39
4.59
-0.88
1.00
-0.99
-0.22
-1.66
