1.82
2.51
-1.10
-1.56
2.90
1.17
-3.32
2.51
2.66
-2.25
-1.02
3.18
1.33
-2.74
2.00
-1.62
1.67
2.67
-0.69
0.77
0.89
1.20
-2.37
1.36
-4.22
0.32
-3.62
0.75
1.37
1.42
0.31
-0.26
3.41
-0.04
1.66
0.50
0.42
-0.76
2.07
1.94
-0.06
-1.24
0.89
-0.03
-0.74
-0.08
0.05
0.54
0.10
-0.11
0.28
-0.15
-0.82
0.30
-0.01
-0.99
1.06
0.14
0.41
1.97
-1.14
0.64
-2.38
2.49
-1.61
0.38
0.88
1.88
0.69
-0.21
1.33
5.79
-0.18
-0.60
0.35
0.73
-0.22
0.45
-0.54
-2.11
-0.80
1.12
-0.82
-0.72
-0.87
1.84
1.20
0.26
-2.12
0.95
-0.22
0.41
-0.97
0.32
-0.04
-0.57
0.69
2.06
0.05
-0.01
0.61
0.01
-0.19
-0.45
-1.08
0.52
0.82
0.18
-0.05
-1.32
-1.00
0.45
0.68
-0.15
-0.55
0.85
-0.38
0.06
0.38
-4.44
-2.14
2.67
0.37
1.11
-0.11
-1.87
0.83
0.12
1.93
0.93
0.88
-0.82
-0.33
0.28
-6.64
1.58
0.31
-0.48
-0.67
0.93
-0.33
0.10
0.04
0.30
-0.26
-0.77
0.51
-0.30
1.64
-0.18
-0.28
0.75
0.89
-0.52
-0.76
-1.15
0.26
-0.48
0.02
0.04
1.76
-1.13
-0.48
0.67
0.28
0.77
-0.58
-0.15
1.58
-0.24
-0.08
-1.62
-1.69
0.04
-2.58
-0.23
0.04
-0.62
0.08
0.05
2.07
0.54
0.96
-0.99
0.63
-0.33
-0.28
-0.08
1.53
-0.15
0.02
0.05
-1.47
0.61
-1.37
-1.33
-1.31
-0.60
7.43
-0.45
-0.68
1.94
0.41
1.29
-0.69
-0.91
0.33
0.56
0.17
-1.44
-1.40
0.27
-0.20
1.86
0.81
0.16
0.56
0.82
3.09
-2.03
-0.13
0.74
-1.94
1.60
0.74
0.73
1.21
-2.83
1.37
-1.42
-1.48
-0.18
0.48
0.07
2.46
0.24
-0.83
-0.13
-0.47
-0.49
-2.59
-2.43
-1.30
1.44
-1.19
-1.61
-0.46
-0.20
-0.74
0.40
-0.18
2.58
1.43
3.42
-1.00
-0.33
0.31
-0.46
1.18
0.49
1.56
-0.73
-0.92
0.26
-0.08
1.82
1.53
-6.05
1.32
0.94
-1.03
-0.46
0.38
0.23
14.14
0.71
1.73
1.16
-0.11
0.51
-0.34
0.04
-0.20
0.88
0.39
-0.06
-1.79
0.75
-0.26
-0.68
1.09
-0.41
0.23
-0.73
0.16
0.19
-0.03
0.12
0.23
0.50
1.35
-0.27
1.02
0.30
-1.78
0.02
1.16
0.04
-0.92
0.35
0.25
-0.07
0.24
-0.23
-1.75
-1.32
-0.13
-0.71
0.03
0.53
0.18
-1.00
0.35
-0.15
-0.19
0.52
0.02
5.90
-0.13
-0.52
-0.51
-1.40
-0.33
0.90
-0.59
0.29
0.84
-0.45
1.44
0.62
-0.43
-0.01
-0.08
-0.27
-1.53
0.06
1.53
0.21
-0.28
2.95
0.20
0.04
0.03
0.98
0.67
1.12
0.60
0.19
0.37
0.10
-0.56
0.51
1.52
-0.72
-0.29
0.60
1.51
0.07
-0.14
-0.67
1.29
-0.05
-1.27
0.36
-0.69
1.32
-0.69
1.14
-0.79
0.73
0.18
0.15
0.60
-1.10
1.26
-0.27
0.50
0.56
0.75
0.91
-9.44
1.26
-0.21
0.51
-0.84
0.13
0.07
-1.11
-0.79
-0.43
-0.45
-1.56
-1.39
-2.18
-0.28
0.71
0.09
0.64
-1.82
-1.70
-0.70
-0.31
-0.67
1.20
0.16
-0.60
0.21
0.47
3.12
0.09
-2.87
-1.95
-1.06
1.53
1.82
-0.92
1.10
-0.93
-0.24
-1.69
1.88
0.60
-0.75
1.37
0.48
0.85
-0.27
-0.15
0.68
-0.02
-0.08
0.11
-1.13
-0.33
0.37
-0.45
0.44
-0.01
0.02
0.53
-0.59
0.17
-0.05
1.57
-8.60
3.58
1.55
0.56
2.33
-1.72
-3.02
-2.29
-0.95
1.21
0.35
-1.23
-1.33
3.11
5.89
-0.89
-1.28
1.21
-0.01
-0.91
0.03
-0.02
-0.40
-1.00
0.09
-1.00
0.19
-1.27
0.33
-1.12
-0.33
0.59
0.01
0.34
0.38
3.73
0.44
-1.88
-2.68
0.13
-0.61
1.90
0.76
-0.80
-1.22
-0.16
-0.69
1.31
-0.86
-0.64
1.87
0.82
0.83
-1.74
0.11
0.04
-1.15
0.25
-1.20
2.25
-1.84
4.07
1.29
-0.24
-2.26
0.87
0.07
0.32
1.24
-1.69
-2.68
2.54
8.83
-5.61
1.23
-1.07
-1.11
1.20
0.67
1.53
-1.09
1.33
-1.78
0.16
1.08
-1.30
-1.72
-1.22
1.32
1.20
-0.96
-1.72
-0.89
-2.06
-1.52
-0.80
-0.92
-0.43
-0.47
-1.47
-0.87
1.05
-2.24
-0.52
1.02
-1.19
