-0.07
-0.50
-1.71
-0.93
1.22
-0.25
-1.30
1.33
-2.17
-1.48
-4.88
0.86
-0.33
-0.34
0.42
-1.33
1.04
2.10
0.03
-1.51
1.45
2.35
0.72
-1.24
-2.29
-3.13
-1.95
2.71
1.40
2.74
5.04
0.48
0.52
-1.02
0.30
1.28
-1.84
-0.76
2.55
1.44
1.10
0.00
1.71
-0.77
0.96
-0.16
1.55
0.30
0.13
1.28
1.55
0.03
1.05
-0.36
-1.82
1.75
0.30
0.63
-0.62
2.05
0.71
-0.30
-1.36
0.01
-1.18
0.74
-0.07
0.25
1.07
-0.05
0.37
0.53
-5.59
1.47
2.18
-0.54
0.21
0.18
0.93
-2.26
-0.77
-0.46
-0.78
0.08
1.54
0.56
0.03
1.78
-0.68
-0.07
-0.75
1.18
-0.98
-0.45
-1.64
1.60
-0.33
1.05
2.28
0.49
0.26
0.59
-0.80
0.65
-0.40
-0.10
0.39
0.44
-0.38
-0.68
-0.72
-0.15
-0.25
0.25
0.62
1.07
0.29
-0.73
1.59
-5.64
-2.11
1.53
1.89
2.24
0.38
-0.44
0.45
0.15
1.22
0.56
1.10
0.62
1.43
-0.31
0.05
-0.18
1.12
-0.56
1.01
0.36
-0.33
-0.18
-0.28
-0.46
0.52
-0.54
0.06
0.55
1.21
-0.89
-0.17
0.19
0.89
-0.97
-0.04
-0.73
-0.16
0.57
-0.82
-0.02
0.16
-0.76
-0.26
-0.20
0.88
-0.20
-0.33
0.42
0.01
0.50
0.80
-1.63
-2.08
1.67
-1.57
-1.13
1.05
-1.17
0.67
-0.27
0.70
0.37
-0.72
-0.65
1.81
0.97
-0.11
0.47
-0.78
-0.73
0.40
-0.13
-0.77
0.87
-1.42
-0.32
-0.37
0.47
0.21
-2.62
0.36
0.17
-1.25
0.63
0.21
0.62
1.01
-0.48
0.71
-0.59
-0.55
0.28
0.04
2.16
-0.35
-0.23
3.49
0.66
-1.90
0.29
0.39
0.32
0.37
1.48
-0.06
-0.42
0.72
0.85
-0.60
-0.80
-1.48
0.13
-0.11
0.32
2.77
0.35
0.70
-0.61
1.69
0.13
-0.29
-0.77
-0.03
0.55
-0.16
-0.16
-0.21
0.26
-0.57
0.25
-0.37
0.72
1.24
-0.33
0.49
-1.11
-1.27
1.35
0.12
-0.36
0.33
-0.65
0.01
2.24
0.28
2.85
1.36
0.21
-0.76
-0.85
-0.73
-0.13
0.17
0.71
0.02
1.48
-1.28
0.59
0.83
0.38
0.43
0.86
-0.14
-0.42
-0.23
0.49
0.28
-0.17
-1.08
0.23
1.18
-0.78
-0.27
0.23
-0.05
-0.52
-1.26
0.37
-0.77
-0.42
0.05
0.81
-0.90
0.03
-1.04
0.52
0.02
-0.57
-0.03
0.43
-0.33
-0.05
0.16
0.21
0.01
-0.94
-0.25
-0.18
-0.55
-0.36
0.05
-0.66
0.93
-0.61
-4.92
0.38
-1.18
0.23
-0.22
-0.21
0.16
-0.02
-0.90
0.16
-0.30
0.26
-2.51
-1.30
-0.60
-0.57
-0.40
-0.19
0.76
1.43
-1.79
-0.10
0.80
0.43
-0.40
0.32
0.45
-0.46
-0.50
0.59
0.03
-0.41
0.24
-0.03
-0.91
0.74
1.31
0.70
-0.60
-0.29
0.27
0.75
-0.35
0.07
-0.75
0.40
-0.19
0.73
-0.31
0.37
-0.77
-0.19
1.14
-1.23
-0.85
0.38
0.31
-0.15
0.33
-0.05
0.40
-0.80
0.65
-4.20
0.09
-0.39
-0.74
0.14
-0.57
-0.20
-0.54
0.26
0.44
-0.58
0.34
0.15
-1.16
-0.95
-0.24
0.05
0.00
0.34
-0.18
0.30
-1.26
-0.71
0.45
0.48
0.80
0.56
0.56
-0.86
0.44
-0.41
0.33
0.73
-0.72
0.55
-0.64
-0.31
1.69
0.62
0.16
-0.31
-0.49
-0.19
-0.11
1.03
-0.43
-0.09
0.51
0.47
-0.61
0.00
-0.40
1.09
0.08
-0.20
0.16
-0.16
0.62
0.75
-0.59
-0.40
0.05
-0.18
-0.20
8.86
0.86
0.73
-1.55
-2.30
-1.53
0.07
0.05
0.44
-0.19
-0.02
-0.44
-1.15
-0.49
0.34
-0.69
-0.76
-0.51
0.33
-1.20
1.37
-0.10
1.03
0.96
-0.12
0.05
0.09
0.32
0.71
0.27
0.51
1.10
-0.71
-0.80
-0.34
0.81
0.39
0.86
-1.81
0.06
-0.97
0.54
-0.07
-0.18
-0.95
0.66
0.22
0.20
0.59
-0.40
0.54
2.75
2.03
0.49
0.60
0.22
0.21
0.01
-0.65
0.44
2.93
0.28
-3.99
0.14
2.24
-0.53
0.06
1.13
-0.32
-1.91
0.05
-0.79
-2.08
-4.09
1.84
-0.96
-4.07
1.30
1.26
-0.43
2.66
0.81
0.11
-0.65
-0.77
-0.51
1.53
1.97
-1.28
-0.46
-1.30
0.44
1.59
-0.78
1.67
-1.33
1.98
0.60
-0.59
-0.75
0.94
0.41
-1.82
-0.73
0.31
-2.94
-2.10
3.01
-0.95
