-1.02
-1.28
-5.20
-3.97
0.19
-0.66
-4.45
-1.95
-2.50
-2.72
0.22
2.15
6.25
-0.64
3.38
-6.74
0.41
7.10
-1.06
-2.09
-0.25
5.41
-6.97
-3.04
0.57
2.96
-1.72
5.08
2.20
1.82
-1.92
0.86
-0.05
1.38
2.62
1.05
-0.68
1.59
3.67
-1.34
6.39
-0.82
-1.41
-5.17
2.40
-1.78
3.18
-0.17
0.99
3.48
5.86
0.15
-2.20
0.28
-1.30
-1.16
2.95
4.12
0.11
0.19
0.83
1.86
1.17
-0.04
-2.39
1.78
-0.18
-0.04
1.09
-0.97
0.58
0.62
-1.59
0.66
-0.36
0.44
-0.33
0.84
-0.11
-2.61
-1.23
2.86
-3.47
0.72
11.63
6.13
-2.32
0.94
-1.61
2.29
1.44
1.89
-2.57
-0.25
0.25
1.65
-0.25
2.41
-0.43
1.14
0.27
1.30
2.39
0.12
0.58
0.99
-0.06
1.55
0.57
-1.46
-1.43
-0.90
1.58
-0.26
-2.42
1.95
-1.16
1.35
0.64
-1.61
-2.60
3.03
2.16
3.54
0.39
-1.95
1.54
0.69
2.66
-0.05
-0.40
0.19
-1.58
0.16
2.79
-0.21
0.61
-1.60
0.64
-1.25
-0.51
-0.97
0.19
-2.42
-0.92
-0.25
1.24
-3.85
-6.27
-4.46
-0.03
0.49
0.23
-1.25
0.49
0.55
-0.52
0.36
-1.61
0.85
4.30
0.19
1.74
-0.31
1.04
0.64
0.82
1.62
1.92
2.40
3.25
2.30
-7.73
2.75
-2.51
0.41
0.89
-1.29
1.13
-0.03
1.55
2.42
-0.94
-0.56
0.28
1.84
-2.38
0.50
-1.31
0.25
0.70
2.07
-1.64
1.59
-3.43
1.99
-3.34
-1.73
0.44
0.44
0.58
-3.61
0.00
0.30
-3.89
0.16
-1.09
0.63
3.12
-0.15
0.30
0.00
1.96
4.44
1.13
3.51
0.81
2.28
0.92
2.99
-0.13
3.42
-0.61
0.00
1.60
1.58
0.84
-1.78
1.57
-1.54
1.08
1.07
-3.07
-0.36
2.08
4.55
-0.92
-2.08
-0.71
-1.78
-1.33
-0.49
1.23
0.49
1.21
-0.60
-0.72
-0.48
-0.49
1.47
-0.36
0.85
3.72
-1.16
-1.64
-0.95
0.00
0.00
-1.32
0.73
-1.45
-0.25
0.12
0.12
-0.86
2.35
2.30
-0.95
-0.24
-0.48
-1.68
-1.59
1.49
1.10
-1.09
-0.12
-0.86
1.48
1.10
-0.48
-0.48
0.36
0.12
0.24
-1.09
0.49
-0.97
0.61
11.95
2.51
5.10
0.20
0.20
-0.81
-0.71
0.72
-0.30
1.12
0.60
-0.80
2.83
2.36
0.58
-1.14
-2.80
0.00
2.68
1.45
-1.52
0.29
0.39
0.38
0.96
-1.61
-0.10
-0.68
0.29
-0.39
-0.39
1.07
-0.68
-1.65
2.27
0.39
0.10
1.54
1.23
0.19
-0.28
2.62
-0.73
-1.93
1.03
-2.41
-1.43
2.22
-1.51
-7.95
-0.10
-0.42
-0.10
-1.05
2.33
0.21
-2.48
-0.32
2.97
0.52
-0.51
0.52
0.41
-0.31
0.72
0.92
1.81
2.97
-1.92
0.39
1.46
0.87
0.19
1.33
1.32
-0.09
-1.02
0.38
0.28
0.28
-0.09
-1.86
2.37
-1.02
-2.06
2.87
-2.69
1.05
-1.51
0.38
-1.24
2.61
-1.23
-0.29
0.48
-0.95
0.58
-0.19
-2.01
1.96
-0.38
-1.54
-0.20
1.67
1.73
-0.95
1.15
1.70
2.04
-2.64
0.28
9.51
-2.13
1.91
0.09
-1.11
-0.26
2.94
-0.34
-1.43
-1.88
-1.57
0.62
-0.26
-2.29
-0.90
-0.55
-0.46
-0.28
1.48
5.00
-1.47
-2.81
2.62
0.09
1.32
-0.09
1.31
0.00
0.17
-0.26
0.77
2.13
-0.17
0.25
0.08
-0.25
2.84
4.07
-0.16
1.41
2.39
0.90
-2.91
0.31
1.07
-0.91
-0.46
0.31
-0.38
-0.31
0.69
0.46
-0.08
0.08
0.46
-0.91
-0.23
-0.61
2.24
0.83
0.83
3.72
-0.50
-3.17
-3.43
-0.08
-4.86
-1.46
3.46
-0.56
7.68
0.52
1.70
0.29
2.03
3.05
1.52
-0.34
0.68
3.99
0.72
-0.45
-0.65
0.00
-2.87
-0.13
-2.15
-0.89
-1.25
-1.83
-1.29
3.19
2.46
3.09
-2.73
1.78
0.81
-0.60
0.67
1.67
-0.07
-0.33
-0.26
2.44
-2.96
-0.07
-1.13
2.35
-4.20
0.41
-0.34
-0.82
2.62
-0.40
0.54
0.00
-0.94
-0.47
0.07
0.75
-0.61
0.54
-2.64
-0.97
-6.25
-5.69
4.76
-2.20
-4.57
2.84
-1.10
-1.84
1.06
2.98
9.14
-7.37
1.39
0.15
1.29
2.40
-0.22
-12.13
-7.03
4.14
-1.04
4.28
4.02
-3.86
3.60
-0.08
3.16
-1.02
-3.17
0.41
-3.18
0.08
2.19
-2.88
-0.51
4.34
-2.12
