2.46
-0.89
-0.43
-1.53
0.95
0.49
-2.86
1.40
-1.85
1.46
-2.49
-0.31
3.80
-1.00
1.15
0.45
0.70
3.64
1.19
-0.92
-0.53
-6.46
-4.02
1.18
1.60
-2.61
-1.38
1.33
0.68
3.57
-0.99
1.69
-0.55
-2.06
1.11
0.29
-2.08
-0.62
-2.68
-0.05
2.15
0.87
-1.97
-0.53
-1.31
0.93
1.67
0.16
0.08
-1.44
1.27
0.59
-0.17
-0.81
0.58
-0.93
0.28
-0.14
-0.63
0.83
0.24
0.34
0.30
0.28
-1.41
-0.42
-0.45
0.22
1.94
-0.31
0.73
0.39
1.12
0.21
-1.01
0.41
-0.31
1.65
-0.36
-1.08
-0.34
1.94
-1.51
7.27
-1.73
1.63
0.91
0.20
-0.95
1.39
-0.82
0.62
-1.54
1.51
-0.32
0.91
0.38
2.54
-0.25
-0.74
0.82
0.34
-0.75
-0.68
-0.65
-0.38
0.30
-0.18
-0.87
-0.47
-0.28
-0.97
-0.58
0.01
-1.13
-0.58
-0.49
0.41
1.61
-3.77
-1.70
2.53
1.78
1.27
-1.26
0.84
0.00
-0.36
1.15
0.41
0.98
-0.35
1.14
0.19
-0.05
0.48
-0.56
-0.10
0.28
0.09
-0.50
0.74
0.46
-0.40
0.16
-0.26
5.34
0.12
-0.10
-0.46
0.06
-0.05
0.64
0.01
0.50
-0.68
1.23
-0.06
-0.37
-0.30
-0.22
-0.62
0.01
0.18
0.32
0.50
0.74
0.83
0.36
-0.18
-0.42
-0.39
-0.10
0.97
-1.17
-0.66
0.69
-0.08
0.27
-0.72
0.73
-0.55
-1.64
-0.75
-0.19
-0.94
-0.94
0.36
-0.63
0.03
0.21
-0.22
-0.15
0.41
-1.14
0.75
-0.29
1.77
-1.99
0.66
-0.22
-0.76
0.49
0.08
0.15
-0.23
-0.08
0.65
0.96
-2.71
0.82
1.60
-80.19
1.99
0.35
4.98
-0.07
-1.83
-1.17
-0.16
-1.89
0.83
-0.15
0.66
-1.40
-0.15
0.66
-1.12
1.41
1.02
1.71
0.53
2.01
1.33
0.89
0.64
0.34
-0.12
-0.30
-1.75
-0.07
-0.70
-0.45
0.71
-1.27
-0.09
-0.80
0.81
-1.10
-0.28
-0.12
-0.35
1.76
-0.42
0.65
-0.56
-0.44
0.12
-0.21
0.19
-0.65
1.51
-0.61
0.77
-0.98
1.09
0.87
0.36
-0.50
0.10
0.72
-0.02
0.07
0.26
-0.05
2.43
-4.82
0.95
0.12
2.39
-0.64
0.61
-0.61
-0.43
-0.75
-0.40
0.66
0.33
-1.03
-0.99
3.15
-0.70
0.38
0.48
-0.66
1.30
1.13
0.33
0.23
-0.31
0.32
1.90
-0.24
-0.65
-1.59
-0.38
0.12
-0.03
-0.75
0.72
-0.89
1.23
-0.27
-0.92
0.15
0.94
0.45
0.90
-0.63
-0.18
-0.76
-0.69
1.14
0.28
-0.53
1.13
-0.36
0.28
0.64
0.21
-1.46
-0.02
0.33
0.36
-0.48
0.90
-0.67
-2.27
-0.30
0.15
0.12
-0.47
0.85
-0.49
-1.58
0.90
1.25
0.24
0.69
0.12
0.83
-0.15
-0.31
0.05
0.25
-0.03
2.29
-0.24
3.36
0.27
0.28
0.72
0.05
0.33
-0.09
-0.06
0.31
-0.39
-0.36
-0.22
0.20
0.11
1.60
1.16
-0.45
0.12
1.15
-0.75
-0.32
-0.08
-0.64
-0.12
0.69
1.53
-1.99
0.41
-0.15
0.00
0.18
1.12
0.26
-0.55
-0.06
-0.32
0.36
0.51
0.85
-0.39
-2.79
-0.51
-0.69
0.28
1.83
-0.87
-0.23
0.58
0.72
0.30
-1.38
-0.86
-0.06
1.47
-0.73
-0.49
1.10
-0.17
-0.74
0.02
-0.25
0.66
-0.23
1.26
-2.24
1.62
0.57
1.02
-0.24
-0.06
-1.21
0.41
1.02
0.53
0.24
0.33
0.25
-0.34
1.70
0.60
0.23
0.92
0.79
0.83
0.71
-2.72
0.62
0.32
0.59
-0.26
-0.74
-1.43
-0.34
0.04
-1.98
-1.09
-0.65
-0.69
1.00
-0.42
-0.20
-0.34
1.29
0.18
3.70
-3.54
-0.06
-0.94
0.95
0.11
1.22
0.33
-1.14
-0.68
0.77
2.24
0.29
-0.91
0.25
0.40
1.84
0.65
2.36
0.87
-0.33
-1.23
-0.30
-0.49
0.77
-0.17
0.55
-1.01
-0.23
0.24
1.02
-0.20
-1.48
0.13
0.20
-0.30
0.33
0.36
0.06
-1.01
1.52
1.89
0.83
0.37
1.27
0.55
-0.11
0.54
-0.27
0.29
0.63
0.44
0.30
-0.05
-0.49
-0.64
0.84
-1.40
-1.29
0.39
1.30
-1.10
-3.35
1.08
-2.14
-5.26
2.16
0.22
0.76
4.96
-1.13
1.58
0.00
-1.80
1.30
1.46
-0.15
-0.48
-1.40
0.67
0.19
0.91
-0.14
1.45
1.92
-0.08
-0.81
-1.00
-0.07
0.36
-0.63
0.47
-0.52
-3.09
-1.97
3.81
-1.64
