2.45
-7.77
-2.81
-0.97
-8.06
4.42
-6.21
2.64
-2.04
-6.09
5.09
-6.58
3.21
-3.04
-2.11
0.25
-9.86
6.96
-0.90
-9.79
3.03
4.60
-3.74
-4.87
0.19
1.97
-1.51
27.50
-1.64
5.42
0.10
3.11
-5.36
-2.03
-5.73
-0.16
1.45
-2.21
9.60
-2.21
4.52
0.52
2.42
-5.15
0.20
-4.69
0.76
3.11
-4.56
-0.14
3.09
1.14
1.40
5.47
-4.53
2.72
-1.13
-0.26
0.61
2.76
1.78
2.13
13.30
8.27
0.00
-4.56
-7.50
1.30
0.10
4.06
-1.94
0.23
-0.31
-0.40
1.30
4.55
-3.81
-2.27
1.48
2.13
-1.91
-0.23
-2.03
-5.57
-1.54
-2.66
3.07
2.65
-2.69
-5.58
1.18
2.23
-0.87
0.82
-1.99
2.24
3.22
0.87
1.01
-2.46
2.93
4.65
4.56
8.08
-0.17
-0.54
-2.31
-0.93
-4.27
-2.31
-3.84
-1.84
0.41
-0.85
-2.08
4.56
-1.98
4.23
4.16
-7.35
-8.57
14.31
0.33
-4.80
2.58
-1.97
-0.43
0.63
5.55
0.00
1.70
-5.88
0.01
2.40
0.40
-2.75
2.15
3.25
3.29
0.19
0.69
4.96
-0.36
3.67
-1.91
0.44
1.24
-5.43
-0.58
-0.57
-2.57
-0.24
0.55
3.36
1.26
-0.55
-0.30
3.19
-1.82
0.45
0.32
-5.17
-3.02
0.86
-2.17
-0.61
-1.57
-1.00
2.67
0.94
0.64
-0.37
-4.73
4.32
-3.12
3.21
0.87
2.80
-0.29
8.47
-0.72
1.00
-2.49
-0.13
3.68
-2.59
-4.44
2.72
-1.34
-5.77
0.51
-0.18
-0.50
0.82
-1.40
-4.67
-0.45
-1.13
-2.80
1.68
-1.20
-0.91
-0.32
-4.03
-0.53
-0.75
-2.06
-2.59
-0.37
-1.09
-3.95
-16.46
-0.37
2.88
-2.22
14.80
-3.54
2.62
1.83
-0.35
-2.92
4.59
-1.34
1.42
-3.13
2.30
1.37
-6.16
-3.92
-3.19
-0.83
-0.58
3.55
2.52
-2.17
-0.77
3.21
1.08
1.25
-3.88
1.70
3.29
0.28
-0.68
-4.34
-1.31
1.18
-0.35
9.34
-3.80
-0.57
-5.25
5.62
-2.80
0.17
-0.21
0.01
-0.09
4.20
3.97
-0.65
1.91
-0.98
-3.95
-4.47
0.17
2.19
-1.43
3.64
-3.85
3.74
-2.34
0.43
2.41
2.17
0.84
-0.77
0.00
5.16
3.47
3.54
4.64
-2.26
-1.08
-2.34
-2.12
-5.59
2.81
4.77
2.18
1.10
-1.84
0.32
-0.79
-3.45
3.03
-0.02
1.72
0.24
-4.66
3.31
-0.53
0.02
-1.33
-6.11
0.21
-0.39
0.80
0.38
-1.18
-0.16
-2.36
0.19
-0.96
0.32
-2.70
-0.59
0.01
0.29
-0.40
-2.59
1.47
0.17
-0.77
-0.99
1.49
0.65
2.98
3.29
-1.15
-0.19
-0.78
1.24
1.23
-2.10
4.05
1.24
-3.23
1.38
-0.46
-0.09
1.13
1.18
0.89
-4.43
1.45
-3.17
1.29
-0.64
4.02
-1.93
-2.70
-3.24
3.11
1.16
5.32
1.48
-1.06
0.09
-0.83
-1.81
1.12
1.21
1.97
-2.99
0.24
6.27
-0.65
2.72
1.69
1.32
-1.50
-6.37
0.80
-0.21
-1.35
0.97
1.66
-2.16
2.16
-2.58
3.28
2.53
0.27
-0.04
-2.69
-0.40
1.45
1.86
-0.98
0.82
0.26
0.03
0.57
4.22
-13.26
-5.44
-5.20
4.53
-2.39
0.45
-1.26
-3.05
-1.84
2.05
1.53
-0.65
1.33
-1.21
-0.11
0.57
2.31
-0.14
3.72
-1.33
2.35
0.51
1.35
2.20
1.84
-0.36
-0.60
-0.11
-0.49
-2.93
-13.54
-7.51
-3.68
8.55
0.92
0.47
2.00
-24.89
-16.43
-0.58
-3.90
-3.11
1.09
0.71
2.60
10.43
4.52
5.86
-3.91
-1.04
-0.81
-1.54
0.33
-3.39
2.87
-0.46
-0.79
0.50
-0.01
-1.87
-5.61
-2.86
-1.38
3.56
3.03
-2.62
5.24
-3.68
4.19
0.20
-0.32
-2.08
-5.33
0.45
-3.11
0.70
1.42
1.39
0.02
1.75
0.71
1.54
-6.46
0.05
1.66
2.13
-0.33
-2.19
-1.02
-1.79
5.60
0.36
-0.55
-1.14
5.87
-4.03
0.02
0.75
-0.72
1.98
-0.65
0.54
3.30
-2.91
-0.40
-6.84
-3.54
0.32
-0.88
3.89
-7.82
-0.47
2.73
-1.02
1.18
-3.59
-0.49
0.89
8.52
8.00
1.99
-2.60
-0.31
5.15
3.51
-0.18
-7.42
-0.13
1.37
-6.27
3.21
-4.51
-8.20
1.50
0.94
-2.23
4.89
8.25
0.79
-0.56
-2.71
0.85
4.04
-0.11
-3.18
-0.45
-1.26
7.83
1.90
-0.19
0.08
0.43
-1.46
4.96
-1.41
-0.29
-2.15
0.43
-2.48
-1.70
0.71
-0.99
-2.21
3.24
-3.48
