1.00
-0.71
-2.12
-1.02
-0.91
1.15
-2.69
1.04
-1.44
-0.25
-0.78
-1.28
1.19
-0.74
-0.12
-0.91
-0.80
8.46
1.80
0.06
0.03
-0.76
0.17
-2.06
-1.57
1.71
-3.43
0.86
2.30
3.04
-1.24
1.01
0.11
0.39
0.50
1.53
0.44
-0.44
3.17
0.15
-0.12
1.23
1.75
-0.76
0.95
-0.64
0.96
0.04
-1.46
-3.48
0.35
1.11
0.94
0.58
-1.49
0.17
0.36
2.99
-0.49
0.73
1.34
0.48
-0.70
1.22
0.40
0.07
-0.26
0.01
0.14
-0.78
-0.11
0.25
0.49
0.83
-0.32
0.47
0.14
0.76
0.11
-1.39
4.41
1.10
-0.15
-0.18
1.33
0.53
0.70
0.70
-0.79
0.03
-0.55
2.07
-1.39
1.26
-0.17
0.90
-0.96
2.38
-0.16
-0.38
0.37
-2.78
0.70
0.81
-0.89
-0.07
0.87
0.08
1.54
-1.52
0.05
0.73
-0.65
0.02
-1.52
1.68
0.59
0.42
1.81
-4.27
-1.30
2.21
2.91
1.92
0.23
0.33
0.20
0.31
1.17
-0.38
-0.40
-0.60
-0.47
0.30
0.29
0.32
1.27
-1.04
0.19
-1.45
0.68
-0.99
0.47
0.62
-0.30
13.23
1.97
0.01
0.99
-0.39
2.17
-0.98
0.97
-0.16
1.03
-0.88
-0.12
0.03
0.30
-0.64
0.20
-0.83
0.14
0.22
1.76
0.87
-0.34
0.43
0.82
-0.12
0.71
-0.49
-3.70
1.52
-3.11
0.37
0.91
-0.02
1.00
1.08
0.21
0.91
-1.53
-0.36
2.08
0.12
-1.36
0.77
0.35
-0.17
-0.01
0.17
1.95
1.49
-3.59
-0.98
-0.90
0.33
0.15
1.17
0.19
-0.64
-1.41
2.62
-2.12
-3.88
-1.65
0.13
1.99
-2.95
1.40
-0.35
1.08
2.18
0.85
-0.31
-0.32
0.38
0.12
3.47
-0.30
2.16
0.82
2.08
1.13
0.23
0.09
-0.66
0.72
-2.24
-2.96
0.36
-0.42
1.42
1.99
0.65
-0.46
1.73
0.45
-0.88
0.12
-0.40
-0.33
-0.53
0.98
-0.39
0.66
-0.11
-1.67
0.28
-0.69
0.28
-1.40
0.01
2.07
0.56
1.42
0.34
-0.40
0.13
-0.65
-0.92
1.16
-1.16
-0.96
0.65
2.44
-1.47
1.71
-0.95
1.52
0.38
13.25
2.12
-0.01
0.79
-1.41
0.71
-0.20
-0.09
-0.07
0.10
0.15
0.20
0.12
-0.11
0.54
0.03
0.38
0.93
1.43
-0.62
0.70
-0.03
-0.03
-0.10
1.72
0.58
0.88
-0.26
1.63
-1.34
0.22
-0.27
-0.94
1.85
0.01
0.56
0.14
-0.10
0.59
-0.13
0.06
0.43
-0.10
-0.26
-0.10
0.60
-0.58
0.07
-0.32
-0.39
1.09
0.26
0.90
1.55
-0.25
1.73
0.35
0.24
-0.04
3.05
-2.38
0.00
-2.11
0.11
1.25
-0.50
0.25
0.59
0.10
0.03
0.77
0.15
-2.23
0.34
0.02
0.83
0.75
0.24
1.70
0.10
0.22
0.27
-0.08
0.95
0.09
0.52
0.62
-0.35
-3.96
-3.85
1.95
-0.42
-0.04
0.09
2.28
1.00
0.36
-0.05
0.50
-0.82
-2.13
1.36
-2.50
0.55
-1.30
1.29
-1.31
1.36
0.05
0.13
1.80
-0.63
1.78
-0.28
-0.30
1.36
-0.29
-0.40
2.14
-2.13
0.17
-1.46
1.90
-0.63
-7.08
-2.24
1.90
-0.97
1.89
-0.46
-0.17
-2.23
1.30
1.50
-0.42
0.35
-2.13
-0.96
-0.02
1.60
0.52
-0.68
-0.98
-0.42
-0.08
1.59
1.78
-0.29
0.54
0.68
0.69
-0.29
1.74
-0.78
0.01
-0.13
0.11
1.97
-0.97
-1.28
-1.72
1.12
-1.89
-0.83
2.09
-1.33
0.73
1.08
-1.76
1.95
0.44
0.54
-0.43
-0.61
0.48
2.33
-1.34
-0.66
0.91
1.91
-0.90
1.94
-0.17
-1.05
-0.41
1.36
2.51
-2.35
1.07
-4.17
-4.65
2.41
-2.57
-0.93
0.07
-1.67
0.07
1.18
1.24
1.77
0.52
0.34
0.12
-0.98
0.49
0.40
-0.26
-0.66
1.56
-0.90
2.77
0.30
0.13
-0.13
0.49
-0.54
-0.27
-0.67
-1.86
0.87
0.45
0.06
0.82
-0.88
0.24
-0.37
-0.24
1.34
-1.52
0.91
2.69
1.18
1.61
-0.91
0.39
0.25
3.23
0.93
1.73
1.85
-0.20
0.91
0.18
0.71
1.02
0.90
0.69
-0.13
-0.10
0.24
3.75
-3.97
-2.56
-0.85
-1.79
-4.31
2.04
1.38
0.19
1.64
1.79
0.57
0.37
0.43
-0.04
2.04
-0.81
1.02
-0.40
-2.52
1.79
2.89
-0.29
2.01
1.56
2.90
0.58
0.09
-0.46
-0.10
0.67
-2.77
0.83
-0.24
-3.17
-1.84
3.67
-3.24
