-1.86
-1.64
-3.78
-0.07
1.67
-0.07
-2.03
-0.74
-3.04
-0.90
-0.07
0.91
1.74
-4.65
2.01
-0.14
-0.99
2.99
-1.45
-2.73
-0.65
0.44
-0.58
-4.07
-1.21
-0.38
-2.16
4.01
3.63
2.85
1.28
0.00
2.94
-2.25
-0.42
2.52
1.91
-1.07
3.59
0.46
2.47
0.19
2.53
-1.73
-1.01
-0.38
3.19
-0.12
-1.67
6.98
4.47
1.07
-0.84
0.11
-2.30
0.98
1.99
-1.67
1.47
1.96
1.32
-3.35
-1.23
0.11
-1.02
1.14
-1.24
1.83
2.75
-2.13
-0.11
-1.40
1.93
-0.11
-0.56
0.56
1.00
0.17
-1.32
-2.07
-1.14
0.75
-1.26
1.86
-1.08
0.23
-1.44
1.28
-2.19
-0.06
-0.41
0.59
0.41
0.88
-0.46
-0.64
0.23
1.23
2.77
3.77
0.33
2.38
0.53
0.00
1.00
0.47
1.24
-0.41
-0.31
-1.08
-1.25
-1.32
1.55
-1.52
1.33
0.79
2.61
-1.27
0.46
-3.03
-3.39
-1.37
1.11
2.97
0.91
-3.81
0.16
0.22
2.03
2.63
1.20
0.10
0.57
-1.18
1.92
1.83
1.30
0.84
0.88
1.94
0.57
-0.76
-2.05
1.85
1.00
0.19
1.18
0.79
0.05
-0.46
1.12
0.74
1.01
0.45
2.79
-0.66
-0.75
1.07
1.23
-0.35
0.26
-0.22
-0.57
-0.26
0.70
-1.44
1.06
1.18
1.73
0.64
2.33
-1.82
-2.95
2.91
-2.11
1.25
1.19
2.48
-1.23
0.25
0.25
1.78
0.45
-0.65
0.53
0.24
0.20
-1.81
1.15
1.30
0.68
1.63
2.86
-1.52
0.42
1.81
-1.17
2.03
1.69
-1.18
3.39
2.34
0.18
0.07
0.91
-1.22
-0.49
1.31
0.45
-1.64
-0.53
-1.96
0.51
2.85
1.83
-0.45
-3.67
4.21
1.38
1.23
-0.13
-0.40
1.93
-4.84
-4.88
-2.64
2.56
-4.18
-0.50
-0.77
-4.85
0.61
1.78
0.04
1.43
-0.08
-2.24
-2.37
0.58
1.96
4.33
-0.38
-1.89
1.34
0.39
-0.12
0.00
-1.01
0.16
-1.21
0.87
0.51
0.82
1.01
1.45
1.21
0.19
0.60
0.92
-0.70
-0.33
-1.67
0.19
2.56
0.95
0.80
1.30
-5.05
0.45
-2.65
1.15
0.38
0.41
1.54
-0.78
-1.30
-0.34
0.80
1.39
1.37
-1.21
1.81
-0.25
-0.80
0.37
-1.28
-1.08
0.19
0.75
0.33
0.00
-0.07
2.97
-0.25
0.00
-0.18
-15.26
0.26
0.68
-0.04
1.52
0.50
2.36
-2.15
-1.99
-1.01
-0.13
-0.47
-0.69
1.86
0.21
-0.25
0.55
-0.76
-0.30
0.00
1.66
-2.22
1.37
-0.25
-1.70
-5.74
-2.52
4.37
-1.58
1.19
0.95
-0.58
-1.82
1.31
2.40
-1.86
0.18
-2.07
-0.83
-1.25
3.33
-1.91
-0.37
0.88
-0.69
-1.76
0.61
1.03
-3.90
-0.10
1.50
0.86
-2.60
1.79
-13.10
-0.16
-2.09
-0.50
0.39
1.52
-0.61
1.33
1.15
1.30
-3.59
0.17
2.27
-1.84
-0.06
0.55
1.32
0.71
-4.69
1.53
3.51
-0.38
1.30
-1.92
-0.05
-0.49
-1.58
0.17
-0.22
0.56
2.10
0.11
-1.24
1.37
0.70
-2.31
1.76
2.21
-0.05
-1.21
4.70
1.48
0.60
-0.65
-3.32
-0.88
12.71
-1.49
-2.93
-0.83
-0.15
-1.28
-1.15
-1.21
-0.56
1.08
0.81
0.81
0.10
-0.15
0.10
-0.05
-1.00
2.02
0.94
-2.99
2.78
1.28
-1.12
0.83
-0.19
0.63
-0.44
-2.19
2.29
2.53
1.38
0.75
3.35
2.56
-1.58
6.37
-1.34
-0.42
-0.90
6.02
-1.50
1.15
-0.04
-0.94
1.60
-1.86
1.61
-0.12
-1.14
-1.36
-1.21
-1.31
0.94
1.61
-2.62
2.23
-0.42
0.59
-1.96
1.28
-0.80
-3.44
0.44
2.93
-0.13
2.77
-1.78
1.48
0.96
-2.10
1.22
-1.16
0.21
15.09
1.13
3.75
-0.90
-0.14
0.04
-1.89
0.46
-0.71
-0.97
-0.36
-0.15
0.95
0.00
-1.01
-0.55
1.35
-3.68
2.74
-1.31
0.41
-0.37
-1.40
-0.71
-1.59
2.38
2.10
-3.63
0.08
0.61
-0.42
0.72
0.94
-0.49
1.01
3.23
-0.61
1.20
-1.04
1.41
-0.86
-1.66
0.59
-1.86
1.30
1.10
1.38
1.25
1.90
-0.07
0.93
-0.72
0.45
1.96
-2.70
-3.71
1.01
-2.03
-3.17
-2.59
0.00
0.15
2.50
2.33
-0.15
1.47
-2.21
-1.82
1.81
0.37
-1.37
-0.75
-0.53
1.97
-0.22
2.87
0.22
7.99
-2.18
1.75
0.67
2.74
-1.79
-0.66
-1.17
-1.75
-1.10
-3.40
-3.34
0.60
-1.85
