-0.47
-2.22
-3.75
-1.04
1.75
1.93
-2.36
2.60
-9.10
0.13
-0.70
0.24
0.89
-1.09
1.15
-0.43
0.54
3.50
-0.64
-3.31
-1.54
1.47
-2.45
-0.76
-0.03
-2.01
-0.04
1.49
0.49
2.40
-0.17
-2.41
2.23
-1.87
1.35
1.47
0.61
-0.70
2.64
0.56
0.13
0.16
1.01
-1.23
1.00
1.25
1.63
-1.04
0.70
0.13
0.92
2.19
-1.04
-0.06
-0.99
-0.38
0.06
1.50
1.02
-1.10
0.31
-1.39
-0.31
0.56
-1.65
0.25
0.13
0.60
0.85
-1.03
-1.07
0.60
-0.16
1.27
-0.09
-1.03
-0.79
0.03
1.11
-2.02
-2.67
1.09
-0.82
-1.68
0.17
0.47
-0.80
1.14
-0.27
-1.00
0.50
1.60
-1.35
0.03
-1.20
1.75
0.27
2.75
1.06
0.32
0.25
0.06
0.22
0.32
-0.44
0.19
0.63
0.03
0.16
0.31
0.41
-0.09
-1.65
0.25
0.22
1.29
0.47
-0.09
2.17
-4.36
-2.63
1.53
2.37
2.72
-0.15
-0.21
0.89
0.70
2.41
1.12
1.63
0.20
0.54
-0.37
-0.06
0.29
1.54
-3.98
1.14
0.09
1.15
-0.74
-0.17
0.26
-0.03
-0.83
-0.90
0.96
1.16
0.17
-0.34
-1.12
0.43
-0.32
0.98
0.86
-0.54
-0.14
0.77
0.34
0.11
-0.71
-0.17
0.48
0.82
0.42
0.53
0.36
0.17
1.36
-0.30
-0.05
-2.74
1.81
-1.30
0.03
2.64
3.04
-1.35
-0.05
0.83
0.27
-0.96
-1.45
1.45
0.70
-0.32
1.15
-0.24
-0.32
1.20
0.21
0.08
-0.21
-1.97
-0.38
-0.43
1.30
-0.43
1.23
-5.93
-0.23
-0.79
0.31
-0.45
-0.51
-0.32
-0.20
0.37
-1.00
0.23
-1.94
-0.94
3.21
0.14
0.03
-0.72
0.32
-0.38
1.25
-0.20
0.52
-0.20
0.09
1.43
-0.79
0.68
0.20
-0.56
-1.73
-2.71
1.18
0.67
0.96
2.25
0.56
0.17
0.59
2.31
-0.68
0.66
-1.30
1.60
0.87
-0.62
-0.14
0.11
0.27
-1.19
0.08
-1.06
0.91
-0.52
-0.16
0.36
0.36
-0.19
1.12
-0.65
0.22
0.03
-0.11
-0.52
1.01
-0.46
2.31
0.48
-0.63
1.12
-1.47
-1.60
-0.81
0.44
-0.44
-0.68
0.22
0.08
-2.53
-0.34
1.30
0.36
0.33
1.00
0.19
0.11
-1.23
0.30
0.97
-0.05
-0.85
-0.75
-0.06
-0.03
-0.92
0.65
-0.50
0.56
0.25
-2.09
0.06
-0.23
0.11
0.37
0.45
-1.10
0.94
-0.28
-0.31
0.65
0.59
-0.08
0.51
0.90
0.25
0.33
-0.17
-0.52
0.00
-0.64
-0.17
-0.31
-1.07
0.65
0.80
0.41
0.75
0.39
1.18
0.33
0.16
1.35
-3.47
0.50
1.85
-0.05
-0.30
-0.08
-0.81
-0.41
-0.99
-0.89
-0.45
0.28
0.53
-2.18
0.51
0.47
1.09
0.25
0.73
0.39
0.00
-0.22
-0.19
0.03
0.55
0.06
-0.58
0.36
0.61
-2.11
0.06
0.42
-0.98
-0.62
-0.28
0.85
-1.83
-0.80
-0.64
-0.49
-0.35
-1.23
1.63
-1.93
0.60
-0.83
2.63
-2.07
0.74
-0.68
0.80
0.97
-0.03
1.29
-0.61
0.17
0.09
0.55
-0.06
-0.66
0.49
0.23
0.63
0.97
0.45
2.48
0.80
-0.41
-0.52
0.30
0.49
-1.28
-0.69
1.31
-0.94
-0.50
-1.81
-0.45
-0.26
-0.77
0.03
0.14
-0.12
-0.06
0.23
0.46
0.52
0.04
-0.19
2.11
-0.62
-0.98
1.65
0.89
0.67
0.41
1.43
0.00
0.62
-0.43
0.35
-0.05
-0.05
0.83
0.19
0.77
0.66
2.52
0.87
-0.10
0.48
0.25
0.58
-0.53
-0.88
-0.28
1.22
0.23
0.08
1.16
-0.40
0.85
0.99
0.29
-0.42
1.40
7.38
-0.07
2.52
2.68
0.83
-1.61
0.78
0.17
-1.03
-1.56
0.37
0.24
-0.87
0.42
-2.23
-0.02
0.72
-0.65
0.22
-0.58
0.54
-1.74
2.03
-0.36
-0.43
-2.36
0.02
-0.85
0.63
0.72
-0.76
0.02
-0.18
3.01
3.82
1.69
1.11
-1.68
-0.13
-1.33
0.07
0.24
-0.13
1.45
-3.35
-1.83
0.70
0.00
-2.50
-2.57
2.14
-0.46
-0.16
2.90
0.20
0.76
2.07
0.68
-1.22
-0.44
10.55
-0.20
-2.38
-1.33
-1.02
-3.15
-2.75
0.07
0.65
-5.42
2.62
2.19
-0.83
2.07
1.19
-0.78
1.67
-0.82
-0.30
4.21
2.89
1.63
-1.24
-2.94
2.38
1.57
1.93
1.20
-1.13
2.86
-1.28
0.50
0.15
-1.89
0.57
-0.66
1.42
0.02
-1.42
-2.89
6.32
-2.46
