0.36
-1.42
-1.08
-1.09
-2.94
0.38
-0.75
6.08
-2.15
-2.20
-2.25
0.77
-1.52
-4.25
-2.42
1.65
3.25
3.94
-3.79
-3.15
4.47
1.56
-3.83
1.20
-3.54
0.82
2.02
5.16
3.77
-3.27
-0.38
-1.13
-3.82
-4.37
7.47
-1.16
0.78
-0.78
0.00
2.34
4.58
-1.09
-2.21
-3.40
7.03
-2.92
1.88
0.00
-4.43
0.39
6.15
-5.43
1.15
-0.38
0.04
1.10
-3.76
6.64
-3.66
0.00
0.38
-1.89
-1.16
2.34
0.00
-2.29
1.57
0.38
0.77
4.56
-2.18
0.37
1.11
-1.47
2.60
-1.09
-4.03
1.91
3.00
0.33
-0.02
-3.20
3.37
-0.72
-0.73
1.47
0.36
-4.33
-0.75
-1.14
0.00
0.00
2.69
3.00
0.00
1.09
-0.72
0.00
-1.09
1.10
-1.45
5.15
2.80
-4.42
4.98
1.36
-0.67
0.67
-0.50
0.50
0.33
-0.33
-2.68
0.00
2.75
0.00
-0.33
-1.01
-3.05
-1.40
4.26
-6.12
7.25
-4.73
-1.77
2.89
1.76
1.37
-0.34
-1.71
1.04
-0.69
0.35
-0.69
-1.91
-0.53
-0.71
1.79
0.00
-1.41
0.36
-2.85
-0.73
4.43
-2.83
-4.36
4.56
-0.36
3.65
-0.70
1.42
-0.35
-0.35
0.35
1.40
-0.69
9.40
-1.59
0.00
-0.65
0.98
0.00
-0.65
0.65
0.00
0.00
0.00
0.65
-4.49
0.00
0.00
-0.67
-3.04
-1.39
0.00
1.77
1.04
4.47
-2.96
8.14
-2.82
0.32
1.29
-0.95
0.64
3.18
1.23
-2.74
0.31
-1.88
0.32
1.59
-0.31
2.19
-1.23
0.00
-1.55
-1.58
1.92
1.26
-1.24
3.77
-0.30
0.30
-2.12
-1.55
0.00
0.63
0.31
-3.12
-0.32
-5.16
-4.42
1.78
-1.05
-3.82
6.54
-1.38
-3.15
8.30
9.67
1.82
-0.30
0.90
-0.30
-5.36
3.46
0.30
1.82
5.65
-2.82
1.16
-1.72
-0.87
0.29
3.23
1.70
-0.56
3.09
-7.36
2.35
0.57
-2.29
1.17
-1.45
-2.64
1.51
1.95
-3.36
-2.11
2.46
4.50
0.86
3.13
-0.55
4.17
2.13
-0.78
-2.11
3.76
-0.52
0.65
0.13
-1.03
0.78
1.04
0.51
-0.87
0.36
0.77
-0.13
0.13
0.00
0.25
-2.28
0.13
-2.98
-17.65
2.92
-2.21
0.00
0.65
0.32
1.28
-0.95
0.00
3.82
0.61
-2.74
-1.57
0.32
0.32
1.27
-1.88
-0.64
0.00
0.64
0.00
0.00
-1.59
0.97
1.92
-1.26
-0.64
-0.32
-1.29
-0.33
-0.98
0.00
-0.99
1.67
-1.97
1.00
-2.32
-2.03
2.77
1.68
1.99
-2.60
2.67
-0.65
-1.76
1.13
-1.64
0.33
0.00
-0.33
0.33
4.48
2.73
4.04
4.18
-3.44
-1.48
-2.41
1.23
4.27
-1.12
3.50
4.29
-8.77
-1.20
3.95
1.17
-1.73
1.47
7.54
1.62
2.12
1.30
-2.31
1.84
-2.06
3.68
5.84
-1.20
-2.67
1.50
-1.72
-0.25
1.50
4.69
1.42
0.23
-7.42
0.75
-0.75
6.27
-2.12
3.37
-1.40
0.95
2.11
2.52
-3.58
2.09
-2.95
0.47
-2.80
-0.24
0.72
1.19
-4.72
-0.25
-2.98
-1.53
-1.17
0.92
4.95
2.23
0.73
-0.96
-3.41
2.02
1.73
-2.67
0.50
0.99
-1.23
-0.25
-0.50
-2.26
1.54
-9.09
0.00
5.83
-1.57
1.87
-3.14
-0.81
0.82
-1.08
-1.64
-2.22
2.56
-2.22
-1.98
3.18
-3.36
2.03
0.57
-1.41
0.57
-3.70
-2.96
0.00
0.30
-0.91
1.84
-0.60
2.12
2.08
-0.55
4.94
0.84
2.21
1.89
-2.65
-0.82
0.00
-0.27
0.00
1.93
-1.62
-2.47
0.28
2.25
-3.30
-2.27
-4.94
-2.75
6.92
-2.35
-0.30
-4.23
2.20
-0.31
1.24
1.53
-3.92
1.57
0.00
2.47
-0.41
0.11
-3.02
-3.06
4.12
-4.01
-4.82
-0.68
1.02
4.04
-2.59
2.66
-1.60
1.62
-0.32
-4.25
1.05
-0.67
4.05
-5.19
3.77
-3.30
1.71
2.68
-1.31
-1.99
1.01
-9.05
-3.66
6.47
1.09
2.13
-1.74
3.18
-1.37
1.39
-2.05
2.80
1.70
0.00
0.67
4.65
-2.22
1.95
-0.32
-0.32
2.88
-1.87
-3.81
2.97
-1.60
-0.98
4.61
-2.52
-3.87
1.34
-0.33
1.58
1.39
-0.00
0.00
-3.87
0.00
0.00
0.67
-1.67
-0.68
-0.34
11.30
2.46
-4.50
-1.89
3.85
-0.31
-2.79
3.18
0.00
0.00
-1.54
2.51
2.14
5.09
3.13
1.10
-0.82
1.93
2.16
-2.91
0.54
-1.08
1.37
-1.35
0.63
0.71
-2.41
-1.94
4.23
