1.03
-0.71
-2.44
-0.63
0.01
1.08
-2.97
1.58
0.74
-1.52
-1.99
-0.55
1.86
-1.00
2.03
-1.62
1.99
3.10
0.59
-2.43
0.09
-2.72
-1.39
-3.33
1.10
0.23
-1.57
0.18
1.88
1.57
-1.18
1.20
0.05
-0.56
-1.32
1.99
-0.23
-0.36
1.95
-0.02
0.26
1.62
-0.30
-1.36
-0.51
-1.22
1.19
0.36
-0.31
0.85
0.86
0.69
0.94
0.32
-0.64
-0.13
0.91
1.09
0.46
1.19
1.38
-0.19
-1.28
-0.36
-0.88
-0.28
-0.82
0.31
0.81
-1.07
1.46
0.45
0.16
0.35
-1.28
-0.06
-0.35
0.35
-0.11
-0.90
-0.10
1.32
-1.37
0.55
8.64
2.36
-1.54
2.15
-0.73
0.85
-0.49
0.51
-0.94
0.62
0.36
1.05
-0.32
2.43
0.28
0.49
0.32
-0.71
-0.12
1.01
-0.28
-0.01
-0.15
-0.37
-0.53
-0.63
0.00
0.29
-0.22
-0.45
-1.49
0.83
-0.87
-0.19
1.43
-3.74
-3.87
1.53
1.39
2.45
-0.01
-0.27
0.46
-0.28
1.04
0.19
0.55
-0.32
0.29
-0.51
-0.76
0.12
1.17
-0.54
1.00
-0.46
1.10
-0.75
-0.48
1.37
-0.21
-1.00
0.35
-4.07
-0.41
-0.75
0.01
0.24
-0.01
-1.22
0.00
-1.71
-0.84
0.04
0.25
-0.25
-0.09
-0.88
0.79
0.18
0.85
0.23
-1.04
-0.23
0.70
-0.10
-0.01
-1.25
-1.67
1.26
-0.68
-0.58
1.87
-0.71
-0.29
-0.60
0.79
1.03
-0.51
-0.46
-0.32
0.10
-1.50
0.40
0.24
-0.63
0.20
-0.08
-0.69
0.78
-0.94
1.54
-0.56
-0.44
-0.51
0.77
-0.19
-0.80
0.57
0.68
-2.42
-0.79
-0.43
0.01
1.01
0.07
0.13
9.08
-0.69
1.84
2.85
2.62
0.03
0.67
0.47
0.09
0.93
1.89
-1.22
0.69
0.09
-0.43
0.06
-0.28
0.68
-1.21
-1.80
-0.88
0.61
0.86
2.00
1.29
-0.60
-1.36
1.02
-0.78
0.40
-0.03
0.86
-0.69
0.50
-0.86
-0.52
-0.37
-0.88
-0.09
-0.31
-1.20
1.93
-11.03
5.65
0.15
1.88
1.37
0.89
2.10
-2.48
0.27
-0.67
0.43
0.94
0.58
0.23
0.34
-0.95
-0.74
-0.46
-0.55
0.34
0.45
-0.53
-0.39
0.17
1.44
0.75
0.40
-0.17
1.57
0.57
-0.29
0.24
-0.89
0.08
1.14
0.81
-1.28
0.96
-0.15
-0.61
-0.29
0.34
0.81
0.27
1.31
3.05
-0.10
2.62
-0.39
-0.02
-0.13
-1.99
1.22
-1.34
0.09
0.29
0.21
-0.92
0.14
-0.70
0.89
-0.23
0.49
1.14
-0.35
-0.26
-0.08
-0.43
-0.27
1.75
-0.32
1.44
0.79
-0.34
0.75
-0.20
0.60
0.11
0.09
0.18
0.03
-0.78
-0.46
0.27
0.09
0.33
-0.52
-0.39
0.52
0.67
-0.16
-2.21
0.99
0.89
0.38
-0.18
2.18
1.52
-0.14
0.65
0.95
0.81
0.25
-0.24
-0.25
-0.47
0.53
-1.36
0.61
1.11
0.79
0.76
-0.28
1.13
-0.57
0.19
-0.18
0.80
-0.31
-0.57
1.41
-0.84
-0.04
0.48
0.89
-0.67
0.81
0.68
-0.11
0.73
-0.66
0.53
0.02
0.24
1.34
-1.09
0.64
0.16
0.01
0.83
-1.00
-0.16
0.23
-0.08
-1.10
0.59
-0.49
-0.54
-3.13
-1.80
-2.49
-0.16
0.77
-0.54
1.62
1.04
-0.67
-0.64
0.44
-0.46
0.02
0.01
0.08
-0.64
1.87
0.25
0.17
-0.47
0.93
1.03
1.45
0.83
0.49
-0.17
-2.82
-0.80
1.13
0.66
0.79
-0.84
0.65
-0.39
0.32
-0.59
0.00
0.84
0.13
-0.01
-1.32
-0.14
-0.29
0.90
0.21
0.19
-0.33
0.53
-0.23
-1.43
0.07
0.79
1.66
-0.40
-1.41
0.86
0.54
0.32
-0.62
0.75
0.23
-4.19
-1.40
-0.09
-0.67
-0.35
0.12
-0.99
1.13
-0.29
1.42
-1.74
-0.24
0.49
-1.02
0.34
1.66
0.99
-0.15
1.32
-0.78
1.08
0.22
-1.68
0.63
0.40
-0.58
0.53
0.56
-1.05
2.05
1.57
-0.79
0.17
-0.52
0.46
-0.40
0.71
-0.06
-0.60
1.38
0.27
1.69
1.60
0.75
-1.04
-0.61
1.13
0.40
-0.07
1.61
1.42
2.50
0.80
0.55
0.70
-0.05
1.44
-1.74
-0.45
-0.22
0.06
-2.62
-5.13
-3.30
-3.68
-4.34
1.08
2.38
0.52
1.35
-2.10
0.09
-1.75
-1.61
1.26
1.25
0.83
-1.72
-2.17
0.32
2.53
2.34
1.32
1.65
-1.96
1.87
1.03
0.20
-0.90
-0.05
0.71
-0.50
0.62
-1.06
-2.79
-1.45
1.58
-1.62
