0.93
0.00
-1.07
0.13
-0.18
0.71
-1.43
1.30
-2.79
-1.32
0.52
-1.51
4.25
-1.04
-1.49
-0.31
1.04
2.99
1.08
-2.58
1.53
-1.00
-0.38
0.10
-1.85
0.62
-1.36
1.88
0.49
3.16
-0.05
0.35
1.48
-1.63
0.30
1.57
-1.98
0.32
1.94
0.80
0.26
1.27
0.45
0.07
0.54
-0.44
0.61
-1.05
-1.91
1.22
0.76
-1.08
1.02
0.49
-0.16
-0.26
0.45
0.56
1.10
0.44
-0.53
0.02
-0.72
-0.74
-0.56
1.01
0.23
-0.02
-0.12
-0.23
0.75
0.72
0.55
-1.19
-1.13
0.49
0.28
0.60
0.69
1.81
-0.72
0.91
0.00
-0.31
-0.25
-0.14
-0.84
0.32
1.00
0.38
-0.65
0.34
-0.05
-0.70
-0.27
0.71
-1.33
1.35
0.84
-0.11
-0.04
-0.09
0.18
0.11
0.29
0.87
0.71
0.99
0.02
-0.46
-0.35
-0.37
-0.13
0.04
-0.07
0.66
0.18
-0.33
0.24
-0.15
0.72
0.07
0.80
1.04
-0.32
0.64
0.53
-1.02
0.09
0.19
0.11
-0.17
-0.17
-0.51
-0.19
-0.41
-0.06
0.24
0.58
-0.94
-0.30
-0.41
0.65
0.28
-0.15
-0.45
0.63
0.76
-0.79
-0.06
-0.39
0.52
0.84
-0.34
-0.30
-0.02
0.73
0.79
-0.34
-0.06
-0.45
-0.30
0.56
-1.24
-0.32
-1.43
-0.37
0.73
0.61
0.85
0.50
-0.69
-1.39
0.35
-1.47
0.53
0.49
-0.20
0.93
-0.07
1.36
0.54
-0.64
-0.02
0.24
-0.11
0.37
-0.11
-0.75
-1.06
-0.37
0.44
-1.05
0.18
0.68
0.88
-1.04
