-1.08
-0.75
-3.58
0.30
-0.21
3.82
-0.70
-0.08
-1.72
0.60
1.24
1.32
4.66
-2.83
0.66
-1.21
1.72
1.58
0.26
-1.17
-1.99
1.02
-4.24
-0.36
-0.76
-0.50
-0.78
3.34
1.78
2.68
-16.16
1.77
-2.39
4.34
1.69
1.96
-0.01
-0.77
1.25
-0.36
0.32
1.06
-1.68
-2.13
-0.21
-3.70
1.68
1.35
-1.43
-2.04
0.23
0.02
0.06
-0.94
-1.85
0.03
-1.14
3.06
0.23
-0.92
0.52
-0.61
-1.44
2.00
0.41
5.64
-0.68
-0.25
1.28
-0.13
0.41
0.32
-0.70
0.13
-0.60
-0.55
-0.34
2.51
0.19
-0.36
-1.89
1.69
-0.36
0.64
0.70
-1.27
1.97
-1.56
-5.24
15.17
-1.37
2.85
-2.13
0.32
-0.41
-0.12
-0.12
1.19
5.25
5.49
1.71
0.45
0.36
1.22
-0.57
0.26
-1.59
2.19
-0.80
-1.17
-1.74
0.43
-1.13
-0.53
0.16
0.05
2.99
0.99
1.95
-1.45
-2.66
-0.37
1.32
1.14
-0.08
0.17
0.42
-0.31
0.20
1.53
-0.91
0.24
1.34
-0.22
0.75
-0.80
1.38
0.11
2.06
0.36
-3.58
-0.76
1.66
-0.58
2.60
-2.39
-0.89
10.56
-0.31
0.17
1.58
-0.16
0.88
-0.15
0.05
-0.71
0.17
0.34
-0.47
0.37
0.36
-0.26
0.13
-0.86
1.53
-0.31
0.21
0.24
1.84
-0.53
0.06
-2.99
-1.35
0.18
0.60
0.50
0.57
0.84
-0.25
-0.51
0.70
1.46
1.41
-0.43
-3.40
-2.09
-1.89
1.66
-0.79
-0.40
-1.04
0.00
1.00
1.79
-1.73
1.09
-0.78
0.49
-0.13
1.82
0.31
-1.01
2.10
-1.46
-5.28
-0.40
1.59
1.28
-0.52
0.22
0.87
-0.75
0.43
2.67
-1.07
2.43
0.47
-0.11
2.21
0.16
-0.74
2.34
-0.85
-0.02
6.07
-0.18
0.02
-2.51
0.00
-0.89
1.42
1.56
1.02
1.32
2.06
0.01
0.52
-1.00
-0.04
0.13
0.06
-0.50
-0.32
1.00
-0.37
-0.06
0.13
0.15
0.34
0.52
-0.81
-2.90
0.54
-0.80
-1.69
1.51
1.96
-0.55
-0.36
-0.97
-0.33
0.28
-0.51
0.97
-0.16
-0.02
-0.13
-0.64
-0.19
0.06
0.67
-1.19
0.35
1.21
-1.16
0.11
0.91
0.38
3.10
-1.96
-0.32
-0.23
0.16
-1.68
-0.08
-3.51
-6.66
-1.87
-0.09
-1.15
0.37
1.64
-0.08
0.62
-0.52
0.39
-0.09
1.32
0.50
-0.11
1.40
0.99
-0.18
-0.17
-0.56
0.10
0.45
0.65
-1.23
1.22
0.86
0.77
-0.08
0.17
-0.17
-0.04
0.31
0.15
-1.17
1.32
-2.04
-1.35
-0.23
-0.61
0.53
2.14
0.44
0.49
0.22
-0.26
1.29
-0.86
0.17
1.42
0.12
1.00
1.14
-1.41
-1.72
0.70
-1.06
-1.93
-0.74
2.34
5.63
-3.35
0.04
-1.45
-1.71
3.94
-0.61
1.64
-0.08
0.78
0.26
1.50
-0.41
1.33
-1.04
-0.37
-0.82
-1.27
0.97
0.09
-0.47
0.07
-0.37
-0.62
-0.06
-2.25
-1.68
-0.23
-1.72
-0.82
-0.71
0.86
-0.09
-1.11
-0.36
0.43
-1.14
0.64
-1.62
-0.09
-0.63
0.52
-0.85
0.47
-0.12
-0.03
-0.90
1.24
-0.76
1.25
-2.87
0.12
-0.51
-0.27
0.38
0.87
2.07
-0.29
-0.17
0.98
1.51
0.96
-1.03
0.35
-1.38
0.93
-0.50
0.48
0.15
-0.81
0.80
-3.70
-0.92
1.33
-0.14
1.29
-0.86
-1.28
-1.42
0.82
1.65
3.14
0.70
-0.78
-0.16
0.74
-0.34
0.33
0.17
-0.03
-0.25
0.89
2.32
0.84
0.87
-1.30
-1.24
1.06
0.61
1.01
-1.56
0.19
-0.40
-0.83
0.37
-1.33
1.71
1.25
0.56
0.49
-0.86
-0.10
0.37
0.39
1.76
-0.67
0.17
-1.69
-0.54
1.46
-0.34
-1.12
-0.94
-0.25
-0.29
4.40
-0.10
0.43
0.56
-1.95
-0.40
-1.21
-0.42
-0.20
1.73
-0.22
1.27
1.63
1.34
-0.42
-1.76
-1.55
1.85
-1.47
-0.44
-0.09
-2.78
-0.43
1.14
3.10
-3.16
0.13
-0.46
0.11
-0.91
0.67
-1.60
-1.77
1.92
0.60
-0.41
-1.84
1.74
-2.14
-1.59
-1.88
-1.72
1.76
0.37
1.91
-1.05
1.21
-0.14
-0.48
0.39
-0.97
-2.17
-1.04
0.42
-4.48
-2.65
-0.53
-1.37
-3.23
1.54
1.42
-1.35
1.99
2.43
7.00
-3.73
-1.25
2.95
-0.46
0.92
0.21
-0.19
1.07
0.90
-1.22
-1.37
-0.28
-0.67
0.88
-0.15
-0.76
-3.25
-2.02
1.00
-0.87
0.12
0.78
-0.84
-0.39
1.30
-1.02
