-2.04
-5.71
-4.65
-2.36
-0.05
-0.15
-0.76
0.92
-2.67
-1.87
-1.64
-0.16
3.39
-1.61
3.22
-3.43
0.21
5.34
-0.20
-3.42
1.77
2.30
-0.35
-1.26
-1.98
1.09
-4.41
2.36
6.56
-0.34
1.38
0.88
1.45
-1.24
1.11
0.10
-0.71
0.05
2.45
0.75
1.30
-0.32
1.01
-4.33
1.10
-0.14
2.45
-0.55
-0.88
2.57
-10.61
-0.20
0.15
0.46
-3.15
-0.79
-0.05
3.22
-1.33
-0.05
-0.36
-1.20
-1.90
-0.86
-1.41
-1.21
0.78
-1.27
3.30
-2.54
-0.67
1.51
-0.50
0.39
-1.43
0.50
-0.72
1.29
-0.33
-2.17
-1.42
-0.40
0.29
-0.81
-0.64
-0.29
0.65
0.99
-0.58
-1.22
-0.76
1.90
0.41
-0.35
-0.12
2.27
2.05
1.90
1.20
1.24
1.60
0.26
1.68
1.03
-0.87
0.93
-2.09
-0.31
-0.21
-1.26
-1.43
-0.54
-0.32
1.90
0.91
1.16
-1.83
2.55
3.11
-6.88
-6.48
1.44
1.25
3.76
0.81
-2.63
-0.33
0.61
3.19
0.75
1.90
0.31
0.62
5.81
-0.10
-0.15
0.63
-1.21
-0.15
-0.25
0.05
1.03
-0.29
-0.63
0.39
-2.06
0.45
1.14
1.92
0.43
-0.91
0.24
1.11
-0.29
0.96
-1.19
-0.43
1.50
0.33
-0.71
0.53
-0.52
0.72
0.00
0.38
0.09
0.05
0.47
0.61
0.70
0.97
-0.92
-4.12
1.16
-0.76
3.18
4.67
0.22
2.94
0.09
2.46
-5.60
-2.28
-0.50
0.64
0.36
-1.14
0.32
-0.96
0.60
0.83
0.46
-1.09
0.28
-1.10
-0.56
-0.79
-0.23
0.42
1.87
0.83
-0.91
-0.23
0.78
-0.32
-0.46
-0.69
-0.51
-0.37
-1.36
-1.57
-0.97
-0.34
3.18
1.00
1.22
-1.30
1.69
0.23
-1.29
-3.59
-0.10
-1.07
0.10
4.75
1.50
-0.46
-1.06
-1.03
-0.09
-2.32
-0.77
2.39
2.38
-0.84
1.27
0.19
-0.60
0.65
-0.60
0.33
11.96
0.37
0.62
-0.78
-0.54
0.17
0.21
-1.61
0.13
-0.55
1.31
-0.13
-2.00
-0.55
-0.39
0.39
-0.47
0.69
0.81
-2.50
1.04
-0.69
0.56
0.09
1.55
1.15
-0.13
0.25
-0.42
0.84
1.13
-0.12
0.70
-0.12
-0.04
0.33
2.09
2.00
0.00
-1.10
2.23
0.97
-0.23
1.12
0.34
-0.57
0.34
0.27
-3.00
1.53
-0.54
0.78
0.27
0.92
0.38
-0.46
0.30
0.46
0.95
1.05
4.74
1.91
0.45
-1.83
1.58
-0.28
-0.10
0.14
0.59
-0.03
0.41
-0.48
-0.83
-0.31
-2.06
3.07
-0.49
-0.10
0.56
-0.83
-1.29
1.38
0.10
1.19
1.28
-1.43
1.97
-0.27
-0.44
0.58
-1.56
0.41
0.24
-1.30
0.38
0.03
0.48
-1.07
0.94
0.14
-0.48
0.93
2.16
-1.74
-3.75
1.24
1.61
-0.10
1.34
1.56
-1.81
2.15
-0.10
2.47
0.65
0.26
0.61
-0.48
1.55
-1.34
-0.64
0.03
-0.71
-3.89
-3.33
2.39
-1.72
1.61
0.89
2.49
0.50
-3.47
1.99
-2.45
0.52
1.20
-0.98
-1.37
1.53
0.55
0.71
1.21
0.60
0.96
0.03
0.16
0.56
-0.23
0.29
0.59
0.58
-0.10
0.42
-2.02
-0.23
-0.26
2.53
-1.60
0.10
1.01
-0.84
-1.14
-3.35
-0.61
1.37
-0.10
1.66
-1.99
0.64
-0.47
1.86
0.07
0.63
0.03
0.36
0.66
1.01
1.39
-0.03
-1.50
-1.43
-0.23
0.26
2.66
-0.35
-0.39
-1.00
0.03
0.13
2.21
-3.28
-2.14
-1.08
-3.94
-1.63
3.56
3.85
-4.58
2.59
0.89
0.91
-0.17
0.07
-1.04
-3.09
-0.60
-0.42
-0.14
1.31
0.87
0.45
-3.93
0.39
0.21
1.03
0.02
-1.40
1.86
-1.90
1.36
0.50
0.25
-1.65
1.57
-2.81
2.39
1.02
0.17
0.10
-0.38
1.82
0.41
1.16
0.71
0.00
0.03
-1.34
-1.16
-1.79
1.16
-0.94
0.56
-1.91
-2.23
0.58
0.58
1.87
0.07
0.39
-3.79
1.53
-3.27
-0.78
0.56
0.19
-0.93
-1.72
0.00
0.00
0.04
1.71
1.31
0.96
-0.44
-0.40
-0.55
-0.04
1.93
0.80
-0.54
3.42
-1.69
-2.07
-2.81
1.77
-0.85
-0.26
-0.97
-2.15
-0.39
-1.66
2.40
-2.92
-3.56
2.09
1.25
-1.07
2.05
1.53
-0.54
1.71
1.26
-0.34
0.04
-0.11
-0.08
1.06
2.14
0.44
-0.77
-2.03
1.73
0.30
1.44
0.29
1.05
1.26
0.43
-0.14
-0.25
1.03
10.11
-1.08
-0.84
-0.62
-4.35
-2.26
0.52
-0.35
