2.87
-2.37
3.71
-1.24
1.81
0.14
0.68
-0.82
-3.97
-6.28
-3.96
3.96
2.90
-1.33
1.95
2.06
-1.59
6.45
2.75
0.00
3.62
-4.79
0.54
-0.41
0.27
1.35
-6.68
0.00
6.15
5.53
-2.55
-4.06
1.09
2.03
1.99
8.57
14.71
6.36
-0.20
3.93
2.46
3.41
4.19
1.54
-2.95
0.35
-2.86
2.32
-2.53
0.36
2.58
0.43
-0.35
-2.34
-2.66
-0.46
2.84
1.87
-1.84
-1.43
-3.89
-0.85
-1.04
1.44
-3.97
-1.38
-2.30
-0.41
3.18
-3.98
1.97
0.51
-1.62
0.72
-2.65
-0.21
-0.63
0.21
1.48
0.31
-3.93
3.66
-3.12
-3.11
-1.11
-7.50
2.06
-4.03
-2.47
-1.14
-2.82
-2.51
-1.76
0.55
4.11
1.84
-0.78
1.95
1.02
-3.16
2.61
-0.89
-0.13
7.46
1.08
0.12
2.13
-0.69
-1.86
-2.61
-1.46
-0.74
4.11
-1.08
2.66
-0.24
1.42
-1.86
1.54
-1.05
-0.35
3.08
2.19
0.00
0.56
-3.02
-1.39
-0.82
0.24
2.24
-1.38
-0.82
0.94
-1.28
2.84
-1.72
3.74
2.48
0.66
3.50
1.90
-2.59
0.96
1.79
0.52
-4.43
-1.62
0.77
2.07
1.17
-1.68
-2.03
8.63
6.14
7.01
-1.24
-3.59
-4.37
-0.29
-1.46
0.30
-2.96
1.42
-0.80
-0.81
-1.43
-2.48
0.11
0.53
-0.53
5.83
-1.80
0.92
0.10
-2.83
-0.52
5.43
0.00
-0.10
-2.87
2.04
-2.40
0.20
-2.15
-0.21
0.00
-3.14
-0.32
-2.28
-0.22
0.22
4.00
0.75
-4.03
-0.55
-0.89
-2.24
-0.69
-1.73
-0.47
4.36
-2.15
2.08
-3.17
-2.22
0.48
-1.19
2.05
1.30
-1.28
-0.83
-2.02
-0.49
1.22
-2.29
3.08
5.38
3.97
3.93
-4.20
0.66
2.72
0.42
-1.16
3.85
1.03
-1.43
-4.96
3.70
-0.73
0.63
2.94
0.51
1.62
4.19
1.15
-3.31
-4.02
0.71
-3.24
-2.93
-7.01
0.81
3.91
0.22
-5.41
-1.17
0.83
-0.70
-0.59
-1.31
0.24
1.68
-7.20
-3.69
-5.02
-2.64
0.71
-1.56
-2.59
2.66
-1.87
-1.76
2.39
0.00
1.46
-0.14
-2.45
-4.73
1.55
1.53
-1.80
2.91
-0.45
-0.90
0.15
5.12
1.29
0.99
-1.68
3.56
0.55
-3.83
0.00
0.43
-0.14
-2.70
-5.83
2.79
-4.52
-1.58
1.92
-1.57
-4.79
1.01
3.65
0.96
0.95
-5.82
0.33
0.83
1.65
-2.76
-2.34
-3.76
-0.71
-1.61
1.27
0.36
3.58
5.35
0.82
0.16
-2.27
-6.81
1.25
4.75
-2.18
3.61
1.33
-1.47
-1.83
-3.72
0.53
-2.62
2.87
-2.62
0.72
-2.67
0.91
-1.27
-1.28
-0.56
1.68
0.92
-2.00
2.04
-0.36
1.65
2.70
-7.36
-13.99
-4.62
5.99
1.52
-3.85
1.56
1.75
-0.43
0.65
0.22
1.07
0.00
-0.21
2.77
1.24
0.61
-4.07
1.48
-4.80
6.80
-0.21
-1.85
3.14
-1.63
3.72
-3.59
-5.17
-5.66
1.15
4.11
2.41
3.21
-3.73
0.00
0.22
2.37
-1.26
-3.62
0.44
-1.54
1.79
1.32
7.79
-0.80
3.24
-3.53
2.44
-0.79
1.60
0.20
3.73
1.89
2.60
0.72
-2.70
2.40
-2.35
0.37
0.18
-0.92
0.00
-4.27
-8.72
-16.56
-4.07
-2.39
-2.17
-0.56
0.56
-0.83
2.80
1.91
0.80
2.12
0.00
-0.26
-0.26
1.04
3.10
-3.01
5.94
0.49
-2.43
1.00
3.45
1.90
-1.17
-0.47
-1.43
-4.34
-1.01
-0.51
2.56
-2.00
1.27
0.25
-2.01
-2.56
-5.77
0.00
-1.39
1.41
3.34
-4.31
-0.28
-1.69
-3.74
1.79
-0.59
1.47
2.62
-1.13
3.44
3.88
-2.40
0.82
-0.81
-14.75
-8.01
-2.44
-5.00
-4.14
-7.06
6.75
-6.32
16.03
15.27
-6.94
1.02
2.68
3.27
4.11
1.22
-3.30
0.62
0.62
2.76
4.48
1.14
-6.50
1.51
1.19
-2.94
1.21
-2.10
-1.53
-0.62
-10.31
5.23
-3.64
6.19
3.24
-4.70
0.33
-0.66
3.63
5.41
-2.11
1.54
-3.95
10.76
5.71
-0.27
-2.17
2.77
0.81
6.15
3.02
-0.98
-4.69
0.78
1.03
1.53
0.00
0.00
-3.01
-1.55
1.84
-0.26
-3.36
-0.80
-2.70
-1.94
-5.37
6.87
0.56
-6.39
1.78
1.17
2.02
4.24
2.71
2.37
-0.26
-0.52
2.34
3.05
2.46
1.20
2.85
-9.47
-5.36
1.89
-0.53
-4.52
-7.52
-1.51
-0.61
0.92
-7.01
-0.66
2.97
-0.96
-1.62
0.33
-1.97
-2.68
1.37
-1.69
