0.42
-0.51
-1.17
-1.07
-0.60
0.69
-1.24
1.93
-1.91
0.52
-1.79
0.20
0.84
-0.36
4.96
0.97
0.11
2.12
-0.07
-0.92
0.71
-0.23
-3.23
1.45
-0.03
-0.24
-0.03
0.12
0.49
0.18
1.70
-0.08
0.57
-0.64
0.85
1.35
-0.56
-0.54
1.91
-0.17
-0.36
-0.14
0.23
-0.49
0.58
0.28
0.53
-0.05
0.09
-0.32
-0.62
0.71
-0.20
0.09
1.04
-0.18
-0.07
0.84
-0.15
-0.72
0.91
-0.55
0.33
0.43
-0.14
-0.16
-0.12
0.58
0.25
-0.03
0.31
0.68
1.58
0.80
-0.01
-0.22
0.17
-0.53
-0.12
-0.26
-0.36
0.60
-0.05
-0.42
0.59
-0.12
0.87
0.84
-0.26
-0.12
-0.59
0.77
-0.53
-0.21
-0.65
-0.19
-0.43
0.47
0.59
-0.40
0.14
-0.33
0.08
1.52
0.24
0.88
-0.03
0.06
1.04
0.01
-0.19
0.28
-0.61
0.20
-0.99
0.92
-0.31
0.24
0.79
-1.49
0.80
1.44
0.93
1.65
-0.01
0.81
0.30
-0.11
0.28
0.07
-0.01
0.07
0.15
-0.15
0.11
1.71
-0.09
0.01
-0.10
-0.11
0.21
-0.30
-0.25
0.62
0.14
-0.44
-0.76
-0.03
0.31
-0.47
-0.18
-0.06
0.33
-0.44
-0.74
-1.62
0.81
-0.49
-0.66
-0.66
0.26
-0.61
-0.12
0.40
0.74
-0.38
-0.11
-0.22
0.20
0.36
-0.12
-0.12
-1.04
0.79
-1.30
0.21
0.65
-0.32
-0.50
0.25
0.81
0.46
-0.54
-0.87
1.22
0.14
-1.78
0.73
0.58
0.01
0.30
-0.36
0.41
0.47
-1.80
0.28
0.25
-0.59
0.79
-2.60
-0.71
0.24
-1.24
0.15
0.31
0.53
1.00
-0.32
0.57
-0.56
-0.42
0.15
0.07
1.35
0.33
2.79
-0.64
-0.90
-1.58
-0.24
0.03
0.18
-1.04
-0.31
-1.97
0.29
0.94
-0.88
-0.57
-1.05
0.07
0.52
-0.02
0.11
-0.86
-0.10
1.14
2.76
0.46
-0.78
0.78
-0.01
0.12
-0.31
-0.30
0.11
0.45
-0.04
-0.70
0.34
-0.24
0.55
-0.16
1.05
-0.48
-0.02
-0.10
-1.23
-0.10
-0.02
0.24
-0.15
-0.44
-0.04
-0.21
-1.89
0.93
-0.85
1.38
-0.22
0.11
-0.02
0.30
0.06
-0.21
0.07
-0.07
0.60
1.02
0.56
0.41
0.72
0.75
0.66
0.67
-0.12
1.82
0.85
-0.27
-0.16
1.35
-0.19
0.13
-0.06
0.10
0.22
1.49
0.21
0.37
0.29
1.50
-0.39
-0.31
0.01
-0.64
-0.78
-0.29
-0.33
0.26
-0.11
-0.59
-0.21
-0.09
0.11
-0.01
0.10
0.20
-0.10
-0.46
-0.10
0.95
-0.33
0.58
-3.10
-0.37
0.41
-0.09
0.93
0.44
0.06
0.19
-0.22
-0.11
0.29
-0.30
0.50
-0.35
-0.21
-0.03
-0.32
0.32
0.36
2.71
0.61
-0.86
0.24
0.02
0.20
0.20
-0.01
0.02
-0.48
0.15
0.90
0.41
1.01
0.22
0.36
-0.06
-0.15
0.75
0.22
0.15
0.57
0.20
0.98
-0.21
0.11
0.51
0.85
0.28
-0.07
-0.98
-0.88
-0.88
-0.26
0.46
0.56
-0.84
0.02
-0.75
-0.24
0.76
-0.28
0.56
-0.34
1.75
0.56
1.01
-0.92
-1.70
-0.85
-0.71
-0.09
0.78
0.66
-0.16
-0.26
0.90
-0.13
-0.24
-0.44
0.73
-0.11
0.01
0.29
-0.07
0.59
-0.84
-0.31
0.62
0.94
-1.41
0.07
-0.91
0.05
0.36
-0.86
0.99
-1.01
-0.86
0.59
1.16
-0.92
1.70
-0.44
-0.14
1.31
0.20
0.69
-0.12
-1.48
-1.10
-0.27
-0.17
-0.18
-0.91
-0.22
0.42
0.93
0.67
0.60
0.23
0.02
0.17
0.34
2.05
0.13
-0.29
-0.23
3.43
-0.08
0.97
0.25
0.86
-1.38
0.55
-0.43
-0.02
-1.26
-0.42
0.41
-0.04
0.11
-0.23
0.01
0.41
-0.56
0.14
-0.19
-0.28
-0.17
-0.63
-0.05
0.30
-0.76
0.52
0.07
1.39
-0.15
-0.34
0.47
-0.69
0.47
1.00
-0.74
0.41
0.39
1.03
0.20
-0.87
0.57
-0.46
-0.01
-0.44
-0.07
-0.67
-0.02
0.34
-0.01
-0.60
-0.35
0.96
-0.01
0.83
0.13
1.59
-0.12
0.57
0.67
0.75
0.08
-0.04
0.30
0.53
-4.26
0.17
1.64
0.64
-1.14
-0.87
-2.98
1.32
-1.67
-5.29
1.10
-0.31
-3.85
2.51
0.57
-0.24
-0.22
1.20
1.46
-1.71
-0.73
0.00
1.62
0.04
-0.30
-1.36
-2.00
1.21
0.75
-1.21
0.64
2.34
1.32
-0.87
1.30
-1.51
0.56
0.47
-2.57
0.74
-0.02
-2.90
-1.79
1.83
-0.14
