0.17
-1.44
-4.04
-2.24
-0.15
0.22
-2.75
1.50
-1.99
-0.05
-2.63
-0.47
3.08
-2.27
2.55
-0.07
0.42
3.88
-1.08
-3.11
0.67
1.72
-1.11
-2.10
-0.60
-1.21
-4.41
8.33
1.50
0.72
-1.63
0.02
1.30
-4.18
0.04
1.55
0.93
-2.16
5.15
0.95
0.33
0.15
-0.18
-1.94
0.58
-0.86
1.25
-0.37
0.14
-0.47
-0.29
2.94
-0.03
-0.36
-0.50
-0.77
-0.13
-0.62
1.15
-0.82
1.10
-1.12
-1.42
0.77
-2.53
0.73
0.80
1.86
4.23
1.29
-1.15
0.65
1.69
1.45
-1.00
0.58
-0.58
0.52
0.28
-0.80
-0.63
0.93
-1.93
-1.58
-0.54
0.59
-0.63
1.36
-0.37
-0.06
-0.92
0.75
0.00
3.86
-1.01
0.19
-0.08
1.70
1.52
-0.75
0.62
-0.24
0.64
0.18
-1.78
0.99
-0.34
0.29
-0.77
-1.41
-0.89
-1.88
-0.18
0.40
0.10
0.14
0.93
-0.38
2.14
-6.95
-3.34
3.32
2.82
1.54
-1.42
-2.79
1.07
0.65
2.06
0.71
1.49
-0.06
1.52
0.09
-0.34
-0.16
0.11
-0.38
0.55
-0.27
0.41
0.31
-0.36
-0.20
-0.27
-0.24
1.59
-0.15
2.70
-0.30
-0.35
-0.90
0.28
-0.21
0.61
-0.02
0.27
0.09
-0.14
-0.09
-0.05
0.27
0.18
0.23
1.10
0.82
0.00
-0.43
0.42
-0.07
-0.42
0.13
-0.89
0.62
-0.79
-0.20
0.36
-1.23
0.56
0.41
0.57
0.82
-0.21
-2.19
0.88
0.53
-1.59
1.43
-0.12
0.14
1.64
0.27
0.35
0.78
-0.48
-0.26
-0.57
-0.32
-0.52
0.79
0.96
-0.13
0.34
0.55
-0.10
0.48
0.14
-0.17
0.22
-0.42
-0.42
-0.44
-0.91
3.13
0.21
4.60
4.64
0.05
3.68
-0.19
-2.47
0.80
-0.40
0.44
0.61
0.42
-0.04
-0.65
0.77
1.58
2.02
-0.23
2.03
0.52
0.45
1.25
0.43
-0.89
0.04
-0.04
1.50
-1.23
0.58
1.29
0.25
0.16
0.18
0.09
-0.72
-0.71
0.47
1.09
-0.37
-0.92
0.01
0.07
0.29
0.75
-0.96
0.53
-3.63
0.47
-0.76
0.44
0.05
1.21
1.55
0.84
0.21
-1.04
-1.63
0.38
-0.42
3.06
-0.47
-0.06
-0.88
1.44
-0.23
1.32
1.60
1.15
-0.07
-0.33
0.86
0.05
0.08
-0.88
0.11
0.21
3.29
-1.56
0.72
-0.95
-0.55
-0.22
0.39
-0.32
0.09
0.16
0.24
-0.10
-1.05
-0.72
-2.93
0.16
-0.16
-0.11
-0.06
1.56
-0.37
0.86
-1.34
-0.36
-0.24
-1.28
0.34
-0.35
-0.35
-0.17
-0.38
-1.17
1.73
-0.82
-0.82
1.29
-1.20
3.53
0.87
0.19
-0.93
-0.70
0.07
-0.64
0.58
0.11
-0.11
0.11
-0.40
0.78
-0.31
-0.28
0.48
0.31
-3.81
-0.37
0.98
-0.09
1.25
-0.06
-0.42
0.01
-1.71
-2.09
1.11
-0.51
0.18
0.21
1.15
1.24
2.37
0.02
0.33
-0.21
-0.60
-0.45
2.19
-0.62
-0.46
-0.11
-0.18
0.44
0.93
2.01
1.48
0.27
1.48
1.00
-0.32
0.50
-0.70
-0.39
-0.34
0.64
-0.91
-0.93
-0.35
0.14
0.00
-0.34
0.43
1.67
-0.94
-0.41
-0.29
0.57
1.34
0.09
-0.66
1.25
0.38
-0.36
-0.16
-1.43
-0.84
1.17
0.26
-0.69
-1.56
0.10
-0.12
1.03
0.12
-0.16
0.40
-0.32
-0.55
0.23
-0.46
0.89
-2.39
0.67
-1.75
-0.12
1.55
1.23
0.29
-0.20
0.71
1.42
1.10
0.70
0.45
-0.21
-0.75
-0.45
1.58
0.21
0.14
1.39
0.53
-1.02
0.76
-0.18
-0.53
0.75
-0.30
-0.88
-0.14
2.07
-0.22
0.38
0.12
1.43
-0.17
1.59
0.13
0.68
0.03
-0.35
-0.79
0.31
0.66
-0.18
-0.62
-2.01
-1.13
-0.12
0.36
-0.60
0.95
0.29
-0.34
0.89
-0.08
-0.29
-0.32
-0.40
3.50
2.34
0.76
0.26
2.06
-1.15
-0.75
-0.30
1.25
-0.29
1.16
-1.25
-0.81
1.41
0.77
-0.42
-0.35
1.59
-0.35
-0.40
0.19
0.53
-0.79
0.94
0.10
0.91
-0.64
0.15
0.51
1.10
0.54
1.65
-0.36
0.64
0.24
-0.22
1.17
-0.10
1.28
0.03
0.54
-0.10
-0.94
0.49
1.04
-2.22
-4.80
3.04
0.68
-4.42
2.00
1.54
0.62
2.31
0.42
-0.72
0.03
0.42
-0.18
2.03
1.24
-1.19
-1.58
-1.79
-0.10
1.54
0.09
-0.37
0.01
2.88
-0.32
-1.20
-1.12
0.25
0.17
-0.79
0.10
0.09
-4.17
-2.67
3.08
-1.94
