0.36
0.19
-2.28
1.58
0.10
-0.11
-0.80
1.09
-1.40
0.81
-1.60
-0.20
2.36
-1.54
0.98
0.52
1.70
0.89
0.20
-1.64
-0.06
-0.71
0.01
-0.74
0.13
-0.76
3.99
1.74
0.29
0.74
0.05
-0.36
-2.25
0.41
-0.28
1.35
-1.95
0.78
0.20
1.24
-0.33
0.52
-0.40
-0.12
0.48
0.05
0.39
-0.77
0.19
0.72
1.07
-0.37
-0.88
-1.40
0.82
0.53
0.30
1.22
0.31
-0.36
1.71
0.27
-1.61
1.26
-0.86
0.18
-0.34
0.45
-0.87
-0.27
1.43
0.15
-0.09
-1.15
-2.24
0.39
0.69
-0.63
1.42
0.12
0.43
0.82
-0.76
0.22
-2.56
-0.04
0.43
1.37
-0.25
1.48
-0.16
0.05
-2.34
-0.50
0.27
-1.25
0.15
0.32
0.13
0.78
-1.12
-0.16
0.71
-0.49
0.81
-0.81
0.86
1.22
2.12
0.55
-1.56
-0.03
-0.74
0.94
-0.34
0.12
0.61
0.03
0.62
-0.82
-0.47
-0.87
1.85
5.26
-0.06
0.81
0.27
-0.25
0.45
-1.15
-0.21
1.95
2.66
0.79
-0.44
1.60
-5.43
0.27
0.46
0.78
-0.80
-1.90
0.64
1.12
-0.41
-0.61
-0.96
1.65
0.35
0.25
0.07
-0.02
0.60
0.08
-0.17
-1.13
0.15
0.54
0.02
0.01
-0.43
-0.42
0.58
-0.54
0.90
-1.60
0.53
-0.63
0.89
0.17
-2.13
-1.00
-3.58
2.59
-1.26
-0.05
0.22
-0.31
0.19
-1.14
0.39
0.82
-0.65
-0.41
-0.01
0.57
-0.72
0.27
-0.28
-1.42
0.04
-0.28
0.49
0.17
-0.55
0.54
-0.89
-0.38
-0.66
0.49
-0.57
-0.93
0.15
-0.08
-0.09
-0.19
0.12
0.63
0.67
0.11
-0.16
-1.49
-0.41
1.74
2.68
-2.70
-2.98
-0.21
0.04
1.20
-0.19
0.25
-0.50
0.44
1.50
-1.48
1.05
-0.36
-0.37
-2.20
-1.44
0.30
0.70
0.42
0.94
-0.77
1.41
0.94
0.20
-1.12
0.40
-0.16
-0.50
0.48
-0.16
0.70
-0.12
0.38
-0.57
0.72
-0.34
-0.46
-0.26
-0.10
0.03
-1.37
-0.65
0.29
0.07
-0.75
0.91
-0.07
-0.28
0.60
0.11
0.44
-0.41
-0.30
1.26
-0.45
0.06
-1.11
1.21
0.81
-1.40
0.72
0.88
4.01
-0.58
-0.50
0.40
0.16
-1.75
-2.42
2.52
-0.33
0.42
0.57
-1.79
0.26
1.03
0.25
-0.73
-0.34
-0.11
-0.38
0.32
0.12
-0.05
0.11
0.70
0.01
0.47
-0.17
-1.84
-1.21
0.55
-0.15
-0.60
0.14
0.58
-0.74
0.10
-0.33
-0.14
0.66
-0.47
0.25
-0.44
-0.17
0.25
-0.53
0.50
0.93
-0.44
0.18
-0.51
0.48
-0.56
-1.20
-0.74
0.06
-1.20
-1.60
-0.13
2.12
0.41
2.84
-2.54
0.28
-0.51
0.20
0.27
-0.94
0.26
-0.64
1.36
0.39
0.42
1.27
0.22
-0.08
-1.29
-0.11
1.87
0.04
-0.03
-0.15
0.40
-1.20
0.57
0.58
0.30
0.26
-0.53
-1.67
-0.17
-0.93
-0.86
-0.10
0.21
0.61
-2.32
0.27
-1.21
1.12
-1.01
-1.54
-1.70
-0.05
-0.98
-0.80
0.61
0.43
0.55
0.56
-0.73
0.14
0.60
0.70
-0.58
1.11
-0.38
0.55
-0.04
0.52
-0.79
-0.03
4.33
-1.05
0.70
-1.27
-0.26
-0.42
0.09
1.53
-0.07
0.37
0.04
-0.21
0.36
-0.28
-0.13
-2.86
-0.29
-1.37
-0.72
-0.38
-0.89
-0.02
1.45
2.17
-0.13
1.03
0.47
-0.41
-0.74
-0.53
1.04
0.42
-3.99
-1.75
-1.24
-0.88
1.06
-0.95
-0.60
-0.36
-0.70
0.56
-1.12
0.64
0.45
-0.48
-2.18
0.70
-0.36
1.86
-0.69
-0.08
-0.27
0.08
-0.15
-0.41
0.05
-0.46
-1.08
0.02
-0.48
-2.31
6.22
0.77
-1.00
-0.67
-2.84
1.06
4.01
2.24
-1.45
2.23
-2.21
2.42
0.12
0.31
-1.85
0.56
0.34
0.22
1.34
1.30
-0.96
-0.26
2.35
0.64
0.24
-1.26
-1.10
0.03
-0.90
-0.18
-1.18
-0.09
1.00
-0.26
2.14
1.17
0.67
0.07
0.21
-0.38
-0.07
-0.01
-0.47
1.60
0.31
0.33
-0.56
-2.56
-1.55
-1.96
1.93
0.86
-1.07
1.25
0.83
-0.36
0.55
0.91
0.62
-0.83
0.27
0.25
0.31
-4.20
-2.02
1.61
-1.46
2.76
2.05
-0.39
0.63
0.37
3.07
-0.23
0.03
-1.97
-0.07
0.41
0.60
-2.64
-1.39
1.07
1.15
2.25
1.01
-0.86
0.49
0.88
-0.60
-0.27
-0.92
-2.91
-0.82
-0.02
-0.17
-3.98
-0.49
-0.66
1.87
0.39
