-10.42
-5.93
-6.03
2.13
-20.40
-5.15
-29.72
68.50
-3.46
-16.41
7.10
11.23
3.33
-13.23
0.13
-8.11
-5.56
23.35
-15.81
-3.67
6.50
0.14
-2.92
-8.99
-6.04
-5.34
-5.09
1.98
16.02
5.35
-0.23
-8.74
3.62
-13.56
4.66
-13.31
9.12
9.99
2.18
6.84
29.84
1.48
33.58
-9.09
2.95
0.68
7.31
2.52
-6.34
4.89
0.54
17.62
-9.40
-6.25
-9.71
4.18
-0.14
-5.16
-4.14
-3.90
-2.57
-2.42
-5.64
8.42
-7.85
8.52
0.17
10.89
-2.26
0.28
-2.07
-3.16
2.37
5.45
-0.30
1.68
-6.53
2.19
13.20
10.48
9.05
-4.76
-7.84
2.35
-7.35
3.29
3.36
-11.06
-4.31
-8.98
-3.85
8.54
2.66
0.67
-10.31
-6.79
-11.70
0.62
12.10
-5.08
-1.74
-0.59
-3.30
-0.17
-4.34
21.93
-0.26
-0.15
-3.18
-5.83
-3.23
-2.23
-29.01
4.95
14.28
1.28
-3.88
2.84
8.00
-14.81
-10.87
12.10
1.83
-0.90
2.33
-7.25
-0.05
0.05
-1.36
-3.73
2.58
-4.38
-1.95
-0.50
-2.70
-6.42
4.89
-0.47
-5.84
-8.83
4.04
-2.94
0.00
0.00
0.00
0.00
0.00
0.00
0.00
0.00
0.00
0.00
0.00
0.00
0.00
0.00
0.00
0.00
0.00
0.00
0.00
0.00
0.00
0.00
0.00
0.00
0.00
0.00
0.00
0.00
0.00
0.00
0.00
0.00
0.00
0.00
0.00
0.00
0.00
0.00
0.00
0.00
0.00
0.00
0.00
0.00
0.00
0.00
0.00
0.00
0.00
0.00
0.00
0.00
0.00
0.00
0.00
0.00
0.00
0.00
0.00
0.00
0.00
0.00
0.00
0.00
0.00
0.00
0.00
0.00
0.00
0.00
0.00
0.00
0.00
0.00
0.00
0.00
0.00
0.00
0.00
0.00
0.00
0.00
0.00
0.00
0.00
0.00
0.00
0.00
0.00
0.00
0.00
0.00
0.00
0.00
0.00
0.00
0.00
0.00
0.00
16253.16
16.88
1.56
0.34
-0.50
3.32
0.76
-1.20
-1.07
-1.69
0.78
4.57
-0.09
7.07
-0.31
4.57
-0.93
-0.67
-1.30
1.34
0.38
-1.75
0.80
-4.00
-1.98
-4.98
2.74
-1.90
-0.51
2.46
-2.49
-2.07
4.69
2.07
-2.38
-0.86
-0.21
-1.74
0.09
3.15
0.74
-0.56
-0.18
-0.24
-0.92
-4.05
-2.44
2.08
-2.45
-1.38
-6.23
-5.15
-1.25
4.05
-4.39
-5.45
0.71
-1.02
-2.85
0.16
-0.28
3.88
-4.24
-2.50
-3.54
-2.92
-3.19
4.32
0.67
4.16
-1.99
0.56
-2.71
-0.09
2.08
6.29
2.65
0.12
-0.28
-2.11
-3.22
-1.89
-0.56
-4.35
2.30
-0.84
1.78
-1.05
2.51
3.31
-1.37
-1.90
2.24
3.49
-6.79
0.96
0.00
-0.82
2.05
-7.30
-5.53
1.17
-2.36
-1.04
1.00
1.73
0.78
-1.25
-0.29
-2.89
-4.08
-5.15
0.39
0.17
-6.34
6.65
2.92
-3.91
-2.62
2.81
-4.12
0.81
-3.11
-4.76
-2.44
9.09
5.87
-2.11
-1.87
2.08
5.54
3.80
-0.93
-0.10
0.31
1.77
-5.98
-2.50
5.91
3.68
-5.07
3.79
0.36
-0.56
2.12
-1.67
0.21
-1.03
-2.59
-2.50
6.98
0.56
-0.56
-3.37
-0.69
-5.37
-3.99
-1.64
-0.65
-4.25
-4.56
-8.64
-4.09
-1.94
0.99
-1.89
-2.31
-1.73
1.52
1.26
0.23
3.89
0.30
2.39
-5.90
0.70
-1.77
-0.31
1.96
-0.69
-1.40
2.28
-7.00
5.05
0.47
-1.25
-2.62
-2.85
0.25
0.08
5.69
2.61
-0.62
1.24
4.06
-0.29
-0.74
-2.01
0.68
4.52
-0.94
-0.51
-2.56
-0.68
1.66
-2.08
-2.66
-3.12
-2.18
-1.15
-3.08
-4.73
-4.51
-8.41
-3.51
8.12
0.99
-0.10
0.20
4.11
-0.09
-3.86
2.54
4.77
16.94
-14.25
-6.99
-10.55
-4.80
0.11
0.69
15.36
3.35
-2.48
1.08
-2.52
0.79
0.00
1.18
-3.41
4.84
-0.19
-4.34
-1.11
1.73
-0.80
0.61
7.42
-3.55
1.74
-0.48
3.73
3.41
7.40
5.39
-2.76
0.57
-3.14
0.08
-2.08
4.83
10.28
9.24
-0.67
3.99
0.78
4.00
7.57
-0.06
-7.16
0.62
0.62
4.24
0.06
-0.06
0.29
-1.70
-4.36
-1.37
-0.76
-5.49
2.43
-8.77
-3.40
1.65
-1.55
-6.35
2.55
-1.09
-4.72
2.64
3.14
0.70
0.77
0.38
2.53
2.99
-1.02
0.88
-2.61
2.68
0.44
6.58
-2.37
1.04
-1.24
0.97
4.48
-2.38
-0.88
-4.84
-3.08
-6.36
-0.87
3.03
-3.25
0.16
-1.12
-5.57
