0.95
0.19
-2.22
-1.00
1.53
1.33
-3.30
-0.10
-2.18
1.40
1.43
2.64
1.83
-0.48
2.63
-0.01
0.25
2.49
-1.35
-1.35
-1.42
-0.99
-1.85
-2.14
0.41
0.84
-0.93
0.67
0.54
2.67
-1.06
0.10
-0.26
-0.70
0.23
2.70
3.84
-1.05
0.83
-0.22
-0.15
-0.22
-0.91
-0.27
0.45
-0.54
0.96
0.81
0.27
0.32
-0.03
-0.90
-0.93
-0.20
0.48
-0.46
1.70
1.34
0.13
-0.43
0.66
-0.29
-1.07
0.45
-1.10
1.25
-0.71
0.54
-1.19
-0.30
1.14
0.37
-0.05
-0.49
-1.51
1.77
0.81
-0.04
0.51
-0.94
-0.37
1.86
-1.06
1.65
3.74
1.24
0.31
2.23
-1.09
1.34
-1.40
0.87
-4.32
-1.19
2.24
-0.70
0.47
1.70
0.06
-0.55
0.35
-1.08
0.91
0.99
0.61
-0.36
-0.28
0.51
0.52
-0.33
-0.46
-0.08
-0.05
0.52
-0.54
0.80
0.22
-0.56
1.36
-3.06
-0.12
1.36
1.57
2.76
-0.27
0.57
1.13
-0.48
0.60
-0.01
-2.27
1.39
-0.76
0.59
0.27
-0.15
-0.90
-0.60
0.59
0.28
-1.53
-1.64
0.39
0.50
-0.49
-0.95
-0.29
0.75
3.80
-0.05
1.16
-0.48
0.10
0.13
-0.54
-0.13
0.51
0.39
0.18
0.06
-0.56
-0.58
-0.06
-0.82
0.45
-0.68
1.73
-0.01
0.15
0.15
0.06
-0.67
-3.61
3.01
-0.33
-0.67
1.70
-0.26
-2.21
0.17
0.91
1.30
-0.25
-0.34
0.79
0.36
-1.09
1.06
-0.48
-1.19
-0.73
0.13
-0.10
1.26
-1.42
-0.11
-0.10
1.70
0.34
0.11
-0.96
-0.14
-0.05
1.13
-0.62
-0.32
-0.44
0.44
0.99
-0.65
-0.25
-2.16
-2.55
2.36
2.69
-3.85
-4.14
-0.26
-1.39
1.32
1.55
0.53
-0.37
1.34
0.54
-1.96
0.62
0.33
0.94
-2.80
-1.42
0.52
-0.78
-0.40
3.74
-0.77
1.79
0.50
0.88
-0.68
1.20
1.28
0.16
-0.72
0.73
0.77
0.33
0.01
-0.31
0.71
-0.69
0.24
-0.57
-0.57
-0.25
-0.28
-0.19
0.99
0.76
-0.45
1.02
0.49
-0.57
1.25
-0.17
-0.12
0.17
0.64
0.02
-0.39
0.24
-0.99
0.23
0.74
-0.64
0.12
0.43
0.66
0.47
0.42
0.25
0.31
-4.19
10.74
-1.84
-1.59
-0.45
0.15
-2.65
0.99
-0.09
-0.16
0.24
-0.37
-0.39
0.11
0.69
-0.02
-0.36
-0.13
0.86
1.01
-0.85
0.41
-0.50
0.42
-0.30
-0.36
-0.47
0.18
0.09
-0.43
-0.32
0.28
0.18
0.22
-0.51
-0.27
0.21
-0.07
1.21
-0.47
0.09
1.00
-0.70
0.21
-0.48
1.05
-0.29
-1.48
-0.10
-0.53
-0.97
-0.53
0.16
0.63
-0.08
-0.17
-0.31
0.15
-0.06
-0.37
0.56
-0.38
0.45
0.73
0.13
1.00
0.76
0.78
0.24
0.19
-0.57
-0.28
0.57
0.87
-0.11
-0.25
0.60
-1.28
-1.88
0.46
0.37
-0.14
0.21
-2.44
0.49
-0.63
0.13
-0.34
-0.29
0.11
-1.61
0.35
-2.35
-0.16
-1.34
-0.81
-1.16
0.27
-0.33
1.20
1.12
0.18
0.94
-0.06
0.00
0.11
0.25
0.30
0.07
1.39
0.27
0.60
-0.62
-0.21
-0.90
0.23
-0.41
0.17
0.42
-0.99
0.35
-0.66
0.68
0.64
-0.32
-0.28
-1.61
-0.73
0.07
0.59
-0.35
-2.30
-0.24
-0.56
-0.85
0.60
-1.44
0.10
0.40
0.22
0.16
0.32
1.02
-0.45
-0.33
-0.77
0.18
-0.04
-0.70
-1.19
-1.08
-1.89
1.16
0.22
-0.46
-0.33
-0.54
0.39
-0.04
-0.06
0.62
-0.09
-1.09
1.05
0.06
-0.05
-0.52
-0.12
-0.14
-0.57
-0.82
0.31
0.46
0.21
0.14
-0.04
0.00
-2.63
2.74
0.48
0.42
-0.04
-1.28
1.53
1.57
0.39
0.16
-0.59
-0.76
1.14
-0.06
0.38
0.10
-0.24
-0.08
-0.19
-0.79
2.67
0.35
-0.20
0.87
-1.56
-0.19
-1.40
-1.11
-0.14
0.74
0.42
-0.38
0.71
-0.21
-1.07
-1.45
0.65
0.46
-0.17
-0.17
-0.08
-0.21
-0.95
-0.01
1.17
-0.09
0.82
0.18
-0.93
-0.98
0.29
1.67
1.82
-1.00
0.49
0.64
0.12
-0.51
-0.24
-0.35
-1.22
0.10
-0.14
0.23
-1.76
-3.47
-0.27
-1.02
-2.38
-0.64
0.66
-0.14
0.29
1.10
-2.63
-2.98
-1.78
0.25
2.04
1.04
-2.68
-1.21
-0.24
0.42
0.39
0.50
-0.46
-0.70
0.36
0.70
-0.49
-1.17
-1.68
-0.15
-2.16
-1.20
-1.88
-2.36
-0.83
2.70
-1.54
