2.03
-5.20
-3.52
3.65
-4.13
-3.95
-4.78
7.95
-7.01
-3.46
-4.30
15.57
10.52
-7.50
5.50
-5.01
7.52
7.59
-7.66
-3.55
6.55
0.32
0.00
-4.73
-2.08
-0.07
-4.38
7.16
4.41
9.99
4.13
-2.91
3.05
-2.68
1.66
0.23
0.06
1.86
0.11
2.82
1.50
-2.01
1.46
-5.27
1.07
-1.56
5.14
0.64
-3.58
4.54
-0.26
-0.58
-1.98
0.76
-4.05
1.92
-1.55
-0.90
1.19
0.00
-3.08
-0.69
-1.05
3.47
-0.40
2.34
-0.84
5.45
-1.07
-0.32
-1.84
1.87
3.57
-0.84
-4.42
-0.22
-3.48
2.34
2.18
-3.44
0.57
-0.96
-1.88
-0.64
-0.06
-1.69
0.95
1.00
-0.70
-0.18
0.59
0.53
2.61
-3.57
1.29
2.84
-1.80
-0.63
3.00
0.45
-0.39
1.29
-0.66
0.00
0.17
3.22
-0.59
-1.84
-0.22
-3.15
-0.74
0.63
0.91
-0.28
2.50
0.33
3.81
-1.49
2.11
-4.81
-3.28
1.78
4.63
1.03
-0.11
-2.19
0.00
0.60
0.76
3.67
3.07
2.02
3.41
0.62
3.47
0.83
0.68
-5.16
1.29
-1.70
-0.62
-2.32
-0.15
0.54
-3.79
1.18
1.72
-0.05
1.19
2.06
-1.59
0.05
2.05
0.91
1.09
2.25
-0.14
4.41
-1.89
-1.62
0.78
-1.27
-1.38
-0.19
1.40
0.64
-0.27
-1.10
1.43
2.19
1.34
-0.04
-2.51
1.27
-2.41
-1.42
0.05
-0.42
2.00
-0.09
1.19
-0.14
-0.77
-0.73
0.23
4.17
0.09
1.63
-0.52
-3.26
0.54
-1.30
-1.86
-1.20
-2.80
-0.34
-0.96
-0.92
-0.83
-0.05
2.63
2.32
-0.38
2.42
-1.39
0.80
-2.42
-2.58
0.00
-1.13
-2.43
1.12
-0.30
1.51
1.19
4.46
0.98
-4.09
1.55
4.10
-2.47
0.42
1.36
1.66
-0.64
-0.41
0.05
-1.74
-0.14
3.74
-3.20
-0.60
0.47
-1.58
0.80
-0.42
-0.52
0.90
0.28
-2.44
0.96
1.52
-1.55
-1.14
1.93
-0.85
0.67
0.05
-1.94
0.14
-0.24
4.35
0.51
-0.14
0.55
-0.78
-0.32
1.72
1.14
1.04
0.58
-0.49
0.13
0.09
-1.56
2.17
-0.09
-0.80
-0.18
-1.79
1.64
-0.49
1.89
1.28
-1.92
-1.69
1.31
-0.13
0.45
0.31
-0.04
-1.20
-2.16
-0.09
1.01
-2.18
0.14
-1.39
0.75
-0.42
2.16
0.37
-0.46
0.05
-0.60
-1.57
-0.09
1.08
0.05
-2.19
2.95
-0.46
-1.30
-0.42
-1.18
0.19
0.81
0.00
-0.57
1.85
-0.05
0.09
1.45
-0.69
0.23
-0.79
1.30
-0.87
0.88
-0.64
0.23
-1.25
-0.09
-0.98
-0.85
-1.24
-2.17
1.78
1.31
0.10
-1.43
0.05
-0.44
-0.44
-0.83
-2.56
2.18
-0.20
-1.24
1.46
-0.40
-0.99
-0.05
-0.50
-1.52
-0.26
0.36
-0.05
0.05
-0.77
0.26
-0.88
-4.31
1.85
1.23
-0.21
0.05
-0.84
-0.64
0.43
1.71
0.26
0.52
-1.40
-0.79
2.02
-0.68
-2.83
-0.05
0.38
1.13
0.48
0.16
0.58
0.11
0.63
1.88
-1.08
-0.93
0.21
-0.47
0.73
0.99
-0.41
1.09
0.05
-0.26
0.87
4.52
0.63
-1.74
-0.39
0.44
0.64
-0.34
0.15
-0.39
-0.10
-0.49
-0.15
-0.25
-1.99
0.00
-1.82
-1.65
-0.21
-0.95
-0.74
-1.66
0.82
0.00
1.29
1.17
0.21
0.63
-0.83
0.05
0.26
1.36
0.16
-0.05
-0.10
-0.98
0.00
1.57
-0.41
0.41
-0.51
0.10
0.15
0.88
1.07
-2.28
-0.26
2.18
-0.86
-0.97
-0.10
-0.67
-0.42
-1.31
-0.16
1.49
-0.42
0.05
-0.42
0.53
-0.89
-0.64
0.27
-0.69
-0.54
0.38
-1.23
-1.63
0.83
-1.64
0.17
0.17
0.39
0.06
0.11
-1.82
-0.34
1.92
-0.22
-0.72
-1.34
-1.19
-0.17
-2.29
-1.17
1.07
0.29
-1.11
1.36
0.53
-1.34
0.41
-1.59
2.80
1.04
-0.92
-0.64
-0.18
1.46
2.48
0.96
-1.17
0.56
-0.06
0.50
0.39
-0.44
-0.89
1.75
-0.11
0.33
0.06
1.05
-1.31
4.04
0.85
0.26
-0.32
-0.47
0.42
-0.32
1.69
1.67
-0.67
0.93
-2.86
0.00
3.26
-0.92
-1.59
-1.67
-0.27
-0.32
-2.57
-1.37
0.44
-3.10
-3.94
3.09
-0.23
-2.83
2.62
0.35
0.52
0.35
-0.80
-1.44
-0.35
-1.47
-0.54
2.10
-0.53
-1.65
-2.64
0.06
-0.68
0.68
-0.62
-0.37
-0.25
2.00
1.35
-0.30
-0.48
-0.67
0.61
-2.50
-2.44
1.92
-3.46
-2.28
0.80
-0.26
