1.30
-3.47
-4.24
-1.65
-0.68
0.00
-3.94
3.62
0.78
-1.78
1.30
3.44
2.88
-1.68
8.63
-3.71
-2.26
4.89
0.49
-0.98
2.55
3.24
0.74
-0.54
1.59
-6.10
-0.97
1.80
1.53
0.87
-0.79
-2.42
2.72
0.12
-1.07
-0.24
0.80
-3.85
3.34
-3.39
3.18
5.17
-0.34
-4.55
2.68
-0.23
2.03
-2.38
-1.37
0.32
2.30
4.15
0.22
-2.19
-0.23
0.19
-3.34
3.77
-0.72
-0.23
-1.41
0.04
-2.17
0.20
-2.41
-0.24
-0.08
0.85
5.40
-0.34
0.46
0.69
1.25
0.19
-0.04
2.32
-1.43
3.08
1.33
-3.30
-2.39
0.56
-0.82
-1.58
-0.19
1.23
0.38
3.59
-2.23
-1.08
-5.51
-1.12
1.37
-1.75
1.70
2.51
-1.98
1.11
1.49
-0.19
0.58
0.62
0.31
-0.50
0.46
2.37
-0.67
1.35
-0.74
-0.90
0.60
-1.83
-0.15
0.73
2.09
3.53
-4.34
-0.90
-0.91
-2.44
-2.58
1.33
2.74
2.63
1.54
-0.96
0.97
0.41
2.21
1.01
0.96
1.88
-1.70
0.04
-0.64
-0.85
-0.04
0.93
4.83
-3.15
1.47
-0.52
3.30
0.17
-1.71
-2.63
0.25
0.42
2.82
-1.35
-0.51
-1.52
-0.25
-1.44
-0.82
0.36
-0.04
1.00
2.30
-0.55
1.71
0.14
-2.43
-0.95
0.85
0.11
-1.51
1.21
-0.63
-0.04
1.66
0.17
-2.68
2.39
-0.84
0.81
1.54
0.31
0.21
-1.74
0.03
-0.97
-2.21
0.11
1.69
1.52
0.10
-0.38
1.08
-0.34
-0.80
-0.91
-0.14
1.45
-0.83
-0.46
-2.71
-1.19
-0.73
0.48
-0.26
-0.15
1.62
1.02
0.68
-0.50
3.80
-0.31
1.32
0.51
-0.51
-1.03
1.55
4.42
1.95
4.63
1.07
2.27
2.36
0.43
-0.57
0.29
0.00
0.72
-0.14
0.72
0.00
-1.28
-1.30
2.19
2.29
0.56
0.97
1.24
3.94
0.39
-6.38
0.56
-3.73
0.43
0.57
-2.28
0.58
0.43
-1.59
-1.02
0.00
-0.15
-1.78
0.60
-0.90
1.51
0.60
-2.96
-0.46
0.31
1.53
1.66
-0.15
1.93
-2.47
2.09
-1.90
-1.19
-0.15
1.06
1.64
-3.09
1.37
0.75
-0.74
-0.75
-2.56
1.70
0.15
-1.37
0.46
0.15
3.52
0.59
-3.82
1.38
-0.60
-0.46
-1.07
-1.54
-1.10
1.74
2.49
-0.76
1.53
-2.56
0.62
0.77
-0.91
0.46
-1.23
1.86
-0.61
0.46
0.91
0.15
0.90
-2.09
-1.53
-0.31
-0.93
-2.51
-1.77
2.30
0.48
0.32
-0.32
-1.12
0.00
-0.81
-1.14
0.82
13.38
-3.60
-6.42
-1.12
2.90
-0.47
2.52
2.92
1.64
3.23
-1.00
-0.14
0.43
-1.72
-0.15
0.00
-0.58
-0.59
0.30
-1.62
-1.05
-1.21
-0.61
-1.08
0.62
-0.93
-2.50
2.72
-0.94
1.89
1.39
1.98
2.09
-2.64
1.50
-1.19
0.45
1.34
0.88
0.29
2.04
-0.71
1.29
1.56
1.12
-1.52
0.42
-0.70
2.25
-1.38
0.84
0.00
0.69
0.14
1.23
1.36
-0.13
-0.80
1.75
-0.40
-1.73
0.68
-2.96
-1.53
2.11
-1.93
1.55
-0.69
-2.37
-0.43
1.15
0.43
0.99
3.64
0.54
-5.37
0.57
0.56
-0.98
-0.42
0.71
2.54
1.24
0.27
0.81
-1.48
1.64
2.69
-0.39
-1.84
-0.80
0.40
1.21
-0.66
-0.80
-0.94
2.18
2.66
2.72
-0.51
-0.89
2.18
1.63
-1.11
1.62
0.25
-0.37
-0.34
-2.39
-1.47
2.08
0.00
0.68
2.24
0.90
-0.82
-1.39
0.20
1.78
-1.43
2.19
-0.31
-1.16
-1.15
-1.16
-0.45
-0.35
0.38
0.65
1.40
-3.05
-1.45
-0.98
2.11
0.20
2.36
-0.12
0.30
-0.25
2.81
0.70
-1.63
1.12
-0.87
0.92
-0.60
-1.07
-5.39
0.18
-0.70
-0.89
1.87
-1.45
2.28
-0.31
0.41
1.46
0.63
-0.23
0.38
1.90
2.48
2.23
0.40
0.05
-0.68
0.16
1.08
0.00
-0.81
0.54
1.72
-1.46
1.14
0.39
0.00
1.01
-1.11
1.49
-0.47
-0.14
-0.64
-0.18
1.99
0.78
0.47
-0.60
0.51
-0.47
-1.11
2.00
-0.64
-0.82
-0.56
3.27
1.53
0.30
-0.49
-0.13
-0.15
0.80
0.06
-2.93
9.81
-0.96
-2.41
-1.45
1.92
0.56
-2.55
-0.21
0.83
2.18
-0.04
0.18
-0.02
-2.03
1.13
-0.97
1.61
0.93
-1.02
-0.80
0.83
-0.27
-1.24
0.40
-0.46
-0.50
3.09
0.35
0.26
-0.81
0.94
0.75
-0.42
-0.42
0.57
-1.49
-3.15
-0.40
-3.12
