0.35
-0.54
-1.65
-0.26
0.17
1.30
-0.64
0.07
-0.91
1.01
-1.29
0.02
1.62
0.24
-0.19
0.02
1.14
0.82
0.19
-1.30
0.66
-0.44
-0.21
0.49
1.52
-1.73
-0.33
1.65
0.58
0.30
0.28
0.37
0.39
-0.57
0.50
0.57
-2.31
-0.02
1.30
0.18
0.43
0.34
-0.23
0.70
1.11
0.94
-0.07
0.20
-0.11
-0.42
1.60
-0.37
0.15
-0.37
-0.09
0.26
0.48
1.48
0.22
-0.41
0.95
0.13
-0.77
0.39
-0.75
1.10
-0.92
0.45
-1.31
-0.46
0.59
0.26
0.82
-4.79
-1.60
2.02
0.38
-0.40
0.34
-0.11
0.38
0.40
-0.31
0.31
0.18
0.58
-0.18
1.13
-0.63
0.81
-1.05
0.60
-1.91
-0.60
-0.36
-0.83
0.05
0.91
0.02
0.70
0.20
-0.40
0.22
0.04
0.72
0.73
-0.11
0.51
0.46
0.50
-1.89
-0.18
-0.07
0.67
-1.15
0.42
0.33
-0.60
0.49
-2.55
-0.34
0.91
0.59
2.00
-0.46
0.69
-0.35
-0.40
0.64
0.42
0.02
0.35
-0.11
-0.13
0.00
0.00
-0.26
-0.13
0.84
-0.57
-1.51
-3.30
0.58
-0.05
-0.41
0.18
0.25
-0.30
-0.07
-0.09
0.07
0.32
0.32
0.64
0.48
-0.93
0.52
0.09
-0.41
-0.41
0.25
0.00
-0.41
-0.80
0.51
-0.69
0.44
-0.18
0.72
0.30
-0.34
-0.02
-3.12
2.18
-2.11
-0.40
0.59
-0.52
-0.09
0.57
0.45
1.01
-0.51
-1.61
1.28
-1.03
-0.28
0.69
-0.69
-0.45
-0.07
-0.24
0.05
0.00
-0.46
0.58
-0.05
-0.22
-0.17
0.89
0.19
-0.29
0.48
1.02
-0.05
-0.24
-0.75
0.26
0.40
-0.66
-0.17
-0.05
-0.81
1.85
0.99
-1.42
-3.15
0.22
0.34
0.66
-0.43
-0.34
-0.51
1.10
0.02
-0.60
1.00
0.53
-1.44
-1.94
-0.45
0.47
0.64
-0.12
1.77
-0.75
2.49
-0.24
-0.33
-1.32
0.83
0.46
-0.17
-0.02
-0.22
-0.05
0.12
0.02
-0.53
0.51
-0.34
0.82
-0.36
0.24
-0.02
-1.01
-0.68
0.02
-0.24
-0.17
0.83
0.17
-0.36
0.44
0.27
1.13
0.53
-0.74
-0.86
-0.17
0.46
-0.75
0.34
0.34
0.05
0.82
0.29
-1.83
-1.62
0.10
-0.22
-0.22
1.88
0.07
0.56
0.34
0.14
0.29
-0.26
0.70
0.48
0.74
0.02
-0.71
-0.45
0.00
0.10
0.62
-0.61
-0.14
0.36
0.31
-0.52
0.36
0.76
-0.28
-0.50
-0.12
0.47
0.26
-0.02
0.42
-0.38
-0.07
0.64
-0.26
0.23
-0.14
0.19
-0.07
0.66
-0.35
0.65
0.95
-0.57
-0.32
-0.05
0.49
-0.39
0.30
-0.53
0.33
0.16
0.39
-0.16
0.78
0.07
0.46
-0.87
0.14
0.23
-0.18
0.32
0.27
0.18
-0.30
0.23
0.64
0.48
1.44
0.84
-0.04
0.09
0.09
0.70
0.22
0.22
-0.02
-1.02
-0.83
0.42
0.02
-0.66
0.60
-0.11
0.13
0.15
0.51
-0.86
-0.33
0.40
0.40
-0.84
0.60
-1.08
0.04
-0.20
0.13
-0.94
-0.02
-0.02
-0.11
0.41
-0.18
0.56
0.11
-0.13
0.36
-0.02
0.47
-0.42
0.89
1.11
0.83
-0.24
-0.37
-0.31
-0.24
0.18
-0.37
0.31
-0.09
-0.02
0.33
-0.33
0.46
0.85
0.02
-0.74
-0.41
0.02
-0.18
-0.13
-0.29
0.35
-0.33
0.07
-0.13
0.35
0.50
0.31
0.09
0.70
0.04
0.48
0.43
0.32
-1.62
0.15
-0.15
-0.28
-0.43
-0.83
0.20
0.44
-0.26
-2.04
0.60
0.22
-0.47
0.87
0.69
0.04
-0.07
-0.18
1.01
0.50
0.02
0.15
0.95
-0.21
-0.26
0.41
-0.45
-0.13
-0.30
-0.27
0.38
-0.35
-0.46
0.26
-0.39
0.17
0.20
-1.09
1.03
0.63
0.67
0.39
1.52
-1.31
-0.56
-1.80
-0.55
0.70
0.13
0.09
0.04
-0.15
-0.72
0.59
0.44
0.57
0.06
0.41
-1.44
-1.03
0.04
-0.09
1.35
0.28
0.35
-0.56
0.44
-0.11
-1.04
-0.02
0.48
0.26
-0.46
0.35
-0.74
-0.22
1.41
-0.02
-0.15
0.50
-0.35
-0.07
0.24
0.82
0.62
0.13
0.60
0.47
0.15
0.80
0.02
1.44
-1.71
-0.61
0.38
-0.29
-1.52
-3.94
-0.49
-0.25
-3.28
0.07
1.95
0.50
-0.20
1.54
0.45
-2.20
-1.48
0.42
1.19
-0.02
-0.93
-0.92
0.49
0.67
0.39
0.09
-0.25
1.44
0.83
-0.65
0.09
-1.77
-0.25
-0.48
-0.46
-0.23
-0.37
-0.56
-1.01
0.85
0.47
