0.87
-2.36
-2.01
-3.00
-1.72
1.02
-3.65
-0.11
-1.50
0.53
2.04
2.80
2.40
-4.37
2.89
0.64
1.84
3.02
1.35
23.91
3.21
0.00
0.23
-3.16
0.06
-0.14
-2.03
0.88
2.40
3.41
1.43
-0.96
3.96
-0.09
1.22
1.86
0.19
0.12
1.13
0.96
-1.12
-0.05
0.47
-1.18
2.45
-1.32
1.97
0.07
-2.14
-2.15
1.30
0.32
-0.09
-1.55
-0.20
-0.72
1.33
0.18
0.89
0.16
0.02
-1.09
-0.80
0.75
-4.58
-4.75
0.37
0.47
2.96
-2.54
0.95
0.67
-1.25
0.00
-0.65
-0.08
0.47
3.03
3.20
-4.17
-2.20
2.50
-0.98
-2.14
-2.20
1.38
-0.37
-1.54
-11.80
-0.50
-4.29
-1.07
0.41
-2.11
-0.12
2.09
-0.10
0.12
0.58
0.05
-0.07
2.23
6.62
4.30
1.98
2.35
2.54
-0.35
0.14
-1.77
-0.34
-0.50
0.93
-1.58
1.79
0.14
1.24
0.28
0.04
-6.32
-2.98
2.71
2.07
2.19
1.21
-1.84
-1.26
1.05
2.41
1.73
1.59
-0.37
-0.29
0.14
0.70
-1.56
0.78
-0.47
0.18
0.47
0.93
0.33
-0.52
-0.65
2.28
-4.88
-2.58
1.33
1.49
-0.28
-0.32
-2.79
0.86
-0.69
2.40
-0.12
-2.20
1.05
1.56
0.10
1.30
-0.87
-0.16
-1.33
1.25
-1.91
-0.61
1.37
-0.83
-0.96
2.42
-1.50
-2.93
1.22
-1.68
-0.02
0.40
0.36
3.70
-1.01
1.47
0.54
0.80
-5.03
0.42
0.15
-2.84
-0.17
-0.75
1.96
-0.72
1.08
-1.18
-1.15
-1.66
2.45
-0.30
0.04
-0.21
2.08
5.43
-1.00
-1.31
-0.22
-0.59
0.02
-0.80
4.05
1.32
-0.81
-1.27
-3.00
1.76
2.46
0.04
-0.28
3.15
-3.98
-5.11
-0.55
1.30
2.23
-2.06
1.20
0.27
0.66
0.66
-1.80
-0.67
-2.56
-0.56
-0.06
4.91
-0.21
1.12
3.48
-2.47
-3.02
0.02
-1.21
-2.73
-1.74
-0.80
-1.32
-0.11
-3.30
0.21
0.19
0.51
-0.70
0.33
0.23
0.97
-3.22
0.88
-1.01
3.19
-1.18
-0.51
-0.61
2.76
-0.76
-2.78
1.02
0.24
1.97
-1.38
-1.73
-1.26
0.63
2.44
-3.43
-1.09
0.32
0.63
-10.80
2.85
1.06
0.29
-2.03
1.33
-0.13
0.42
0.24
0.03
-1.02
-1.69
0.05
0.80
-2.93
1.10
0.35
-1.67
0.27
-1.34
1.05
0.16
1.07
0.19
0.79
1.07
0.35
0.24
-1.16
-1.74
-0.44
1.78
0.89
0.64
1.46
-0.18
-0.39
-0.05
-0.18
-3.21
0.05
0.62
1.29
-0.69
1.26
0.05
-0.58
-0.64
-1.13
-0.08
1.93
-2.18
-0.30
2.21
1.58
-0.11
-1.79
-1.63
3.21
-1.90
0.89
1.57
0.37
1.07
-1.09
-2.75
-1.18
-0.73
-1.43
-0.36
-1.03
2.71
1.26
0.27
-0.60
-0.33
0.35
-1.33
-8.52
-0.30
-0.09
4.36
0.38
-1.18
2.57
1.74
-0.84
-1.78
-0.60
0.35
-0.23
0.98
-1.14
-0.06
0.90
1.46
0.91
0.25
0.64
-0.78
1.54
0.00
0.44
-2.53
1.55
-0.42
-7.36
0.12
0.51
1.70
1.41
-0.90
1.55
0.84
0.46
-0.77
0.06
1.63
1.97
0.97
-0.30
0.88
-1.12
0.28
0.96
1.17
21.54
1.17
-1.35
-1.04
0.74
-2.20
0.00
-1.54
-3.21
-0.02
-0.36
-0.33
0.31
1.20
0.40
-0.33
-0.59
0.36
1.40
-0.84
0.47
-0.66
-0.52
1.28
-0.28
0.82
3.49
1.13
-0.60
3.43
-0.15
-0.41
0.52
-0.63
2.53
3.23
-1.73
0.29
0.67
-1.18
-0.15
0.17
-0.27
-0.38
0.55
-1.18
1.38
0.25
1.78
0.76
0.29
-0.59
2.27
-1.02
0.73
-0.14
0.06
-1.49
-0.45
0.02
-0.68
-1.13
-0.65
14.70
0.04
-0.20
0.33
-1.13
1.48
0.53
1.05
0.95
-0.25
0.32
0.50
0.00
0.00
2.23
1.35
-0.36
-0.79
1.40
1.73
0.07
0.17
3.10
-1.25
0.13
-0.03
0.51
0.39
2.50
0.27
0.57
0.49
-0.98
0.91
-0.61
-0.06
-0.94
1.72
-0.36
0.44
-0.25
1.38
-1.51
0.16
0.81
1.24
-2.15
1.24
0.59
1.31
-0.24
1.92
0.46
-0.34
1.64
-1.38
-0.42
-1.37
-0.11
-1.00
-1.87
2.17
1.02
-9.20
-0.38
1.82
2.45
1.60
2.13
-1.28
0.11
-0.56
0.25
1.49
0.28
-1.97
-1.08
0.49
-2.17
0.06
0.26
-0.64
-1.56
1.14
0.02
1.42
-1.89
-0.43
1.17
0.32
1.44
0.99
-1.83
-1.53
2.57
-1.93
