0.46
0.54
1.62
-5.86
4.59
0.30
-0.50
-1.56
-2.13
-3.68
-1.57
2.94
2.49
-1.66
2.60
0.25
-1.48
3.67
-1.35
2.65
1.49
-18.80
1.30
1.31
-2.84
-3.16
-1.00
2.82
4.44
3.00
2.10
-0.98
1.28
-0.02
1.16
2.66
0.32
-0.32
-0.34
0.28
0.21
1.58
2.34
0.23
0.76
0.79
-0.77
0.77
-3.56
0.06
1.09
-0.17
-0.54
-1.75
-0.76
-1.67
1.87
-0.51
-1.07
1.22
-1.87
-1.40
-0.42
-0.11
-1.94
-1.41
-1.91
0.33
1.34
-0.81
1.10
1.66
1.72
2.85
-1.52
0.07
-1.10
1.78
0.48
-1.02
-2.66
1.74
-2.64
-3.28
-1.84
-0.70
1.93
-2.35
-6.02
-9.17
1.68
1.32
-2.73
-1.87
1.10
2.60
-0.73
-0.56
1.41
-0.89
1.52
-0.19
0.36
3.35
1.79
-1.87
1.87
0.29
-1.86
-1.71
-4.02
-2.35
2.03
-0.40
3.71
0.80
0.55
-0.14
1.98
-3.62
0.94
3.04
0.35
0.48
0.11
-3.21
2.78
1.30
2.72
0.48
0.71
-3.17
0.29
0.00
1.17
-0.23
1.57
-0.18
-0.10
1.75
2.22
-0.85
0.81
1.36
-1.08
-7.95
2.24
0.34
1.16
0.18
-4.24
0.90
16.17
1.70
2.38
0.15
-2.06
1.35
-0.70
-2.55
1.72
-0.11
-0.64
-0.31
1.62
-0.73
-1.22
-1.04
-0.89
-0.80
2.29
-2.63
-0.28
1.80
-2.04
-0.82
0.68
0.61
1.70
-0.07
1.53
-1.87
-0.34
-1.57
0.05
-0.44
0.68
2.22
-2.01
0.91
2.47
1.44
2.58
0.04
-0.54
0.15
-1.85
-3.19
-1.05
-0.42
1.84
0.43
2.34
-1.35
-2.09
0.55
-0.11
0.96
-0.84
-0.14
-1.24
-1.07
0.30
2.38
0.30
3.93
11.53
4.41
1.07
-1.73
1.74
1.36
0.11
-0.02
2.02
-0.23
-1.30
-1.39
0.17
-0.57
2.02
0.55
-1.29
0.90
5.13
2.78
-3.25
-3.25
-0.58
0.36
0.11
-7.97
1.84
2.88
-1.92
-4.97
-0.16
-0.12
0.02
0.50
-1.36
0.81
4.22
-19.02
-1.38
-1.13
0.61
-0.80
1.05
-1.26
1.45
-0.41
-2.38
0.75
-1.04
0.37
-0.07
0.05
-3.11
1.82
0.30
-0.88
0.81
0.93
-2.36
-0.18
4.32
3.09
-0.14
-1.67
3.14
0.49
-3.08
1.06
-0.45
0.00
-2.08
5.08
1.86
-2.67
-1.50
0.36
-1.88
-4.69
0.28
2.53
-1.80
1.71
-1.61
0.10
-0.33
1.94
0.00
-4.77
-2.39
0.24
-0.58
-0.27
0.40
2.37
4.53
0.60
-1.53
-1.66
-3.73
-0.48
5.55
-0.99
1.61
1.00
-0.20
-1.74
-1.37
-0.21
0.90
4.03
-1.69
-0.90
-0.81
0.33
0.91
-2.13
-2.61
3.03
1.94
-1.43
1.96
-2.07
1.35
1.26
-7.84
-1.80
1.32
-0.41
0.73
-0.11
1.05
1.55
-0.60
0.37
2.48
-0.36
0.15
-0.93
2.60
-1.14
-2.72
-5.78
1.18
-2.30
7.22
0.61
-0.16
-1.00
-1.01
0.27
0.40
-4.00
-1.30
2.08
2.01
1.32
2.37
0.05
-1.20
1.84
2.38
-0.71
-2.59
-0.13
-4.21
0.76
0.65
4.79
-0.31
2.73
-0.40
0.05
0.65
1.18
-2.72
1.55
0.70
3.16
-0.67
0.27
0.51
-1.13
2.24
-0.29
1.98
0.23
-2.08
-5.80
-2.18
0.13
-1.45
-0.63
-2.06
0.46
0.16
2.20
0.31
0.44
2.00
0.84
-1.01
1.43
0.18
0.80
0.72
4.90
0.07
-0.94
3.29
0.76
0.69
0.95
1.58
-0.53
1.09
-0.84
-0.13
2.51
0.30
0.13
0.15
-0.86
-0.63
-2.26
-0.36
-1.39
0.98
-2.10
-0.81
0.63
-0.09
-2.08
-0.43
1.71
1.03
0.76
0.53
1.44
-0.74
-0.45
-0.38
1.93
-4.61
-2.54
0.63
0.34
0.81
-0.50
1.40
-4.53
1.18
4.54
-4.32
2.48
0.17
-0.05
3.48
1.37
-0.25
0.95
1.03
0.27
1.77
3.67
0.57
0.17
4.37
-3.77
-0.25
1.54
1.84
1.37
-0.34
0.86
-1.85
3.15
3.76
-0.75
0.47
0.64
0.36
5.98
-2.78
-1.10
-0.82
3.91
-1.22
-1.76
-0.59
4.67
0.21
3.19
3.87
4.50
-0.74
1.88
0.40
4.15
0.93
0.97
-1.64
-1.34
2.35
-0.60
-3.05
-1.68
0.49
-2.49
-3.67
2.63
0.27
-4.10
1.87
-0.57
2.91
2.66
0.90
0.71
-1.89
-1.44
2.06
2.66
0.95
-3.13
1.68
-5.05
5.98
-0.62
1.10
-2.45
-4.59
1.25
0.10
1.71
-2.90
-1.22
2.67
0.67
0.96
-0.65
-1.15
-1.63
2.89
-1.52
