0.15
-2.10
-2.09
-2.35
-19.33
6.84
-7.67
1.03
-1.70
0.41
-3.92
-1.58
2.98
1.98
-2.43
-1.28
-4.82
7.41
-3.17
-5.60
-1.23
1.17
-3.00
-3.57
-1.48
-0.50
-1.51
1.37
3.28
6.60
-0.54
1.54
-3.10
-3.05
0.81
-2.32
4.26
-7.06
3.89
-0.49
4.25
-2.12
6.49
-2.63
0.85
2.99
4.61
4.69
-7.81
-4.42
-3.39
2.23
3.98
0.98
-2.97
-1.61
-0.47
2.11
14.55
-0.87
5.19
0.64
-0.83
3.60
-1.18
-1.07
-3.42
-0.26
3.36
-0.19
1.28
2.77
-1.04
0.74
-0.12
0.00
-0.18
2.34
0.96
-1.79
-1.16
-2.40
-28.04
-7.71
6.07
3.13
-1.91
-4.47
-1.34
-1.41
-2.00
1.55
2.58
-0.37
-3.09
3.19
8.70
0.52
4.45
0.25
2.37
-0.16
6.32
3.61
0.29
2.82
4.51
5.19
0.26
-5.30
-0.54
-2.44
0.70
2.07
0.74
2.48
3.87
-4.92
3.92
-3.90
-2.06
1.22
4.96
-0.89
2.19
-0.50
2.60
1.42
2.13
1.79
-1.05
1.01
-0.41
1.00
0.06
0.47
1.39
-1.54
-0.06
-1.10
1.18
-2.56
0.18
-0.30
-0.84
-1.32
3.60
2.06
-3.06
-0.36
1.67
-3.11
0.24
0.42
1.57
-0.59
1.67
-0.47
-1.65
0.48
-2.21
-4.27
0.00
1.66
1.38
-0.56
-1.06
0.75
-0.25
3.12
0.55
3.19
-4.03
2.19
-1.61
-0.61
4.57
0.70
-1.56
0.53
-0.58
3.00
-1.37
-1.50
4.64
-0.62
-2.26
2.77
1.35
-0.11
3.17
-2.26
1.38
3.97
-2.93
-1.56
-0.44
0.49
0.27
0.76
0.11
1.68
0.96
-0.37
-0.95
-6.08
-6.88
3.48
0.65
2.40
-3.78
6.30
0.73
5.66
1.79
-1.14
1.88
-5.07
-1.24
0.66
-1.20
2.31
1.45
-0.21
1.01
2.42
-2.26
0.52
-2.40
0.59
1.22
3.42
3.00
1.92
0.63
-0.91
0.29
-2.57
-0.60
-1.00
1.06
-0.65
-0.05
1.21
-1.49
0.76
3.20
0.34
-1.35
-0.39
-1.38
1.50
0.84
0.00
1.02
2.32
6.32
-2.66
1.00
0.59
-2.33
-0.73
-0.79
1.17
-0.92
1.26
-0.78
-1.44
-3.62
-2.44
1.55
1.67
0.19
0.97
-1.77
0.63
-0.63
-0.24
-1.32
0.25
2.12
-0.39
-0.73
-0.05
0.54
0.34
-0.87
1.47
-0.96
-2.43
0.60
1.86
4.84
-1.11
-5.92
-1.45
1.27
-1.00
-0.13
0.18
0.20
-2.12
-0.31
-0.15
-3.26
2.08
-1.78
2.88
1.19
2.05
0.40
2.32
0.17
1.17
-1.83
-2.36
1.36
4.66
0.05
0.81
-2.40
-0.63
1.21
-0.43
0.91
1.67
-0.61
1.23
2.70
-0.05
0.41
0.09
-0.36
1.45
-2.37
-0.50
0.87
-1.28
-0.97
1.31
-0.46
0.42
2.44
0.36
-1.12
0.09
-0.14
1.27
-0.94
0.14
3.02
-1.05
1.06
-0.39
1.58
0.74
-1.93
-0.09
0.57
0.35
-0.39
-0.92
1.83
-0.11
-1.08
-0.70
3.17
-0.60
0.30
0.69
1.74
-0.17
-2.30
4.93
-2.08
1.63
-1.93
-0.67
-3.29
1.48
0.09
3.95
1.16
-0.37
1.19
0.28
-0.16
0.08
0.97
0.04
1.96
0.82
-1.32
-2.84
-3.12
1.88
-0.21
-9.64
-1.41
6.20
0.83
0.60
-0.04
0.09
1.97
0.88
0.29
-0.02
-1.19
-1.30
-0.41
0.92
-1.53
-0.65
-0.04
0.67
-0.28
-0.13
1.17
0.43
0.04
-2.64
-4.15
1.73
3.09
1.17
-2.36
-2.16
-7.02
0.87
-1.06
1.36
-0.48
0.24
0.53
-0.29
3.30
-4.26
2.61
4.90
0.00
1.84
-1.54
-2.38
-18.41
1.35
4.16
1.39
0.00
2.10
0.26
2.67
-1.20
1.16
0.10
-0.75
-0.45
0.30
-1.06
-1.22
1.65
-3.05
-2.10
1.28
1.43
-2.60
0.91
-1.54
0.05
-1.29
0.38
3.37
-0.26
-0.21
1.79
0.88
-0.46
0.15
0.98
-0.77
1.13
-3.71
-4.97
-0.94
-2.86
-1.33
0.64
1.69
-0.69
0.40
-0.29
3.57
0.28
-0.33
1.72
-1.48
0.89
-0.93
0.22
0.44
-0.77
1.83
-0.76
0.60
4.86
7.87
-2.42
0.20
1.63
-1.56
0.54
1.62
-1.16
1.96
1.15
0.71
-1.41
0.00
2.39
0.61
-0.42
-1.91
-1.66
-0.53
-5.24
0.61
-1.98
-4.26
0.49
-0.11
0.16
1.51
2.02
0.68
-1.19
-0.05
2.93
1.53
3.11
-0.53
1.22
-9.22
2.87
0.00
1.96
2.33
-0.35
-2.09
-0.46
-1.22
2.22
2.17
3.46
-3.11
-1.97
-0.45
-3.34
-3.66
2.17
-1.12
