0.24
-0.23
-3.61
2.03
-2.31
-6.29
-8.62
-1.14
-1.74
-3.73
-2.14
4.17
1.70
-1.18
1.99
-2.54
1.90
8.06
-0.82
-4.31
3.74
1.85
-1.81
-0.83
-2.33
0.29
0.00
4.66
5.00
2.68
-3.20
-9.49
7.50
-5.01
0.75
-0.09
0.00
-3.27
2.22
0.66
2.44
7.25
0.09
-4.44
-1.97
0.18
0.36
3.63
0.96
2.69
2.20
1.90
-3.57
0.00
-2.02
0.34
-0.77
5.34
-1.72
3.66
-3.37
-1.16
-0.17
0.84
-1.50
1.27
0.00
0.50
1.50
0.00
0.33
-0.49
-1.32
0.33
0.00
1.00
-0.99
0.50
-0.74
-0.58
-0.25
-0.17
-3.11
-0.43
-0.87
1.93
2.07
0.68
0.25
-1.59
-1.02
0.95
-1.28
5.26
-3.20
2.12
-0.91
1.67
1.23
-0.89
0.33
0.65
0.97
0.56
0.00
1.44
1.42
0.78
-3.47
-0.08
-2.48
-0.57
1.49
2.28
2.23
-0.70
-0.31
-0.94
1.43
-5.79
-5.81
2.64
2.58
2.09
-0.98
-2.81
0.51
-0.93
1.71
2.10
1.73
-0.40
0.33
1.30
0.56
-0.56
4.72
-0.38
1.00
0.38
0.00
-0.91
-0.53
0.23
0.00
-1.91
1.64
0.38
0.08
0.15
1.53
-0.83
0.08
-1.44
1.00
0.61
-0.08
-0.53
-0.84
1.07
0.53
-0.30
0.15
-0.76
0.00
0.69
0.53
-0.23
3.70
-1.09
1.91
-3.54
-2.62
1.69
-2.72
-0.70
0.63
0.16
0.70
-0.54
2.71
1.21
-1.34
-0.76
0.61
0.91
-0.75
0.08
-1.74
-2.23
-0.47
-1.50
-0.56
0.65
-0.64
0.40
-0.48
-1.05
-0.65
0.16
0.49
-0.08
0.24
2.85
0.63
-0.55
-0.87
0.32
0.88
-1.42
1.36
0.71
3.68
1.74
-1.04
2.55
-0.95
1.55
0.80
1.16
1.28
0.42
1.40
0.83
1.92
-2.49
0.97
-0.48
-0.21
-1.17
-0.63
4.77
3.15
-0.91
-8.58
-0.07
1.65
-1.76
-0.72
0.43
-1.30
0.88
2.10
1.27
-0.07
-3.78
-0.22
-0.58
-0.66
0.81
0.44
2.77
-0.64
-0.79
-0.07
-0.43
0.87
1.08
-0.85
0.79
0.14
-0.28
-0.50
0.29
-0.64
-0.36
0.00
0.14
-1.44
-0.15
-1.02
1.03
0.29
0.80
0.58
-0.57
-1.08
-0.07
0.07
1.53
-1.51
-0.73
2.28
-0.43
0.72
-0.36
1.94
-1.91
0.86
2.92
2.43
-1.08
0.82
0.34
0.81
-3.69
-2.44
-0.93
-1.22
0.44
2.54
1.56
1.60
-1.10
-0.83
1.05
-0.69
-0.14
0.63
0.69
0.34
0.55
-1.37
0.83
0.27
-0.34
0.34
0.89
0.20
1.49
-0.53
0.34
0.67
-0.60
-1.20
-0.54
-0.07
-0.27
-0.34
0.89
-0.27
-0.41
1.09
-1.28
-1.30
-0.76
0.91
0.62
-0.76
0.00
-0.35
-1.81
0.78
0.21
-3.02
0.00
1.59
1.28
0.91
0.35
-0.83
-0.63
-0.92
0.14
1.71
0.49
-0.97
-0.63
0.00
-0.49
1.07
-0.14
-0.49
-0.64
-0.36
0.57
1.63
-0.91
-1.06
-0.71
-1.44
0.29
-0.58
0.51
-1.82
-0.74
1.04
-0.15
-1.26
-0.15
-0.30
-1.20
0.53
-1.36
0.92
-0.46
-1.45
0.78
0.38
0.38
0.76
-0.38
-0.61
1.45
-0.75
0.00
0.30
0.08
2.95
0.37
-1.03
0.30
0.00
-0.30
-0.07
0.59
0.66
0.29
-0.95
-0.29
-0.37
0.00
0.52
0.29
-0.29
0.81
-0.73
0.15
0.96
0.95
-3.83
0.90
-0.97
-1.88
2.76
0.60
-0.96
0.37
1.04
0.81
0.37
-0.51
-0.29
0.00
-0.59
-0.07
1.11
0.22
0.58
0.80
-0.29
-0.65
0.58
-0.65
0.51
0.14
-0.72
0.58
-0.07
0.14
-0.43
-0.07
-0.51
0.73
-0.29
-0.73
-0.26
-1.43
1.12
-1.18
0.22
0.97
-0.81
1.78
-0.44
-0.95
1.33
-0.29
-0.51
0.88
-0.44
0.22
0.29
-0.15
0.29
1.02
0.43
-1.01
-1.38
0.29
0.07
-0.59
1.55
-0.07
0.22
0.22
-1.30
0.29
0.07
-0.22
-0.37
0.73
-0.58
-1.39
-0.15
1.41
-0.15
0.59
-0.07
0.80
-1.09
-0.88
-0.07
-0.30
0.67
0.66
-0.95
-0.30
0.74
0.15
7.58
0.89
1.83
-0.20
-0.27
-0.13
-0.07
0.20
-0.40
-0.54
-0.95
-1.36
0.14
-1.38
0.84
0.00
0.76
-0.90
-0.21
0.49
0.28
0.76
0.96
0.41
-0.14
-0.75
0.07
1.71
-0.60
-0.47
0.14
1.08
0.47
0.47
0.00
0.73
0.59
-0.26
0.72
-1.76
0.00
-1.00
0.47
0.53
-0.13
-0.13
-1.26
-1.48
1.03
0.95
