-0.33
-1.04
-2.34
-1.30
0.32
0.89
-2.98
1.69
-2.31
-1.66
-0.82
-1.26
1.25
1.41
6.57
-0.33
2.25
2.92
-1.65
-1.59
2.13
2.66
0.06
2.48
1.43
-0.82
-2.17
2.31
2.22
1.96
0.76
-0.51
-0.15
-5.89
0.18
-0.02
-0.97
0.46
2.35
1.65
0.28
0.07
1.61
-0.90
0.19
-0.03
1.44
-1.84
-1.00
2.58
2.39
0.22
-0.32
-0.17
-2.48
0.07
-1.47
1.72
0.28
0.64
0.07
0.99
-2.18
-0.43
-1.23
2.18
1.15
0.56
1.33
-0.77
0.76
0.38
3.14
-0.16
0.61
0.90
-1.78
2.25
1.25
-1.31
-0.74
-0.03
-0.59
-2.75
-0.31
0.10
-1.08
2.32
-0.28
0.56
-1.86
0.02
-0.25
-1.80
-1.32
1.37
0.51
1.15
1.65
-1.02
-0.23
-0.07
0.38
0.78
-1.12
2.46
0.10
-0.16
-0.84
-1.13
-0.86
-0.22
-0.17
-0.07
0.60
0.75
-1.31
0.13
1.71
-4.94
-2.23
0.90
1.72
1.93
-0.20
-1.63
-0.02
0.76
1.93
0.20
1.14
0.58
1.30
-0.15
-0.77
0.56
-1.14
0.07
1.53
1.61
0.29
-1.20
-0.39
0.53
-0.85
-1.76
1.89
0.83
1.10
1.66
0.63
0.31
0.40
-0.73
1.23
-0.26
-0.05
0.17
0.03
-0.43
0.39
-1.14
0.12
-0.68
0.67
-0.03
-1.01
0.02
1.02
-0.47
0.38
-0.69
-3.09
0.40
-2.50
-0.60
1.30
-0.21
0.64
-0.56
1.65
0.47
-0.45
-0.45
0.70
1.60
-1.21
0.71
0.43
-0.75
1.06
1.35
-1.20
-0.44
-1.72
0.95
-0.72
-0.19
-0.57
-0.42
1.55
1.32
5.89
-2.58
-0.35
1.47
-0.35
0.06
0.50
-1.64
-1.85
0.71
0.97
2.65
0.26
5.41
6.70
-0.05
4.40
-2.81
-0.12
0.01
-0.62
-0.28
0.76
1.51
0.48
-0.18
0.26
1.64
1.92
-2.51
0.81
0.18
2.01
-1.31
0.66
-0.50
0.03
-1.17
0.66
-0.63
1.22
0.64
-2.11
-0.22
0.03
0.83
-2.80
0.23
-0.16
1.62
0.90
-0.97
0.57
-0.37
1.76
1.29
-0.56
1.48
-0.84
0.24
-0.09
0.11
0.02
3.20
1.91
-1.00
-0.27
0.19
-0.66
-0.55
-1.30
1.61
-0.41
0.43
-1.66
1.30
0.59
0.43
0.20
2.22
-0.17
-0.18
0.04
-0.19
-1.81
0.51
1.43
-1.38
3.95
-2.35
1.97
-0.45
-0.39
-0.32
-1.25
1.52
0.79
-0.87
2.17
-0.36
0.73
-0.68
-2.25
-0.50
0.01
0.11
-0.69
1.07
-0.01
1.11
0.05
-1.02
0.64
-1.61
0.83
0.73
0.00
0.69
-4.49
-1.52
1.34
4.55
0.22
1.13
-0.49
1.34
1.50
0.30
-0.79
-0.61
0.79
0.51
-0.09
-0.88
1.11
-0.49
-0.02
1.01
-0.36
-1.66
0.37
-0.37
-2.75
0.65
2.42
0.42
-0.74
-0.14
0.14
-0.47
0.86
0.20
2.69
0.21
-0.02
-0.73
-0.50
2.00
2.97
-0.37
0.51
-0.58
0.05
1.57
0.88
-1.03
-3.30
-0.55
-0.42
-0.54
-0.54
1.08
-0.57
0.38
0.38
-0.01
-0.51
0.49
0.57
0.70
0.02
-0.78
0.51
0.17
-0.58
1.33
-0.87
-0.03
0.12
-6.55
-0.90
1.13
-0.87
0.55
-0.55
0.90
-0.65
1.06
0.71
-0.37
-1.25
-2.02
0.86
1.38
-0.28
0.86
-3.12
0.62
-0.47
1.61
-0.88
-0.48
0.37
0.02
-0.05
1.03
0.35
0.35
-1.15
-0.20
0.01
1.72
1.53
0.62
0.36
0.31
0.80
0.83
0.38
1.74
-0.93
0.37
0.25
-1.88
0.67
-0.14
-0.13
1.42
1.10
0.12
0.03
-0.02
-0.14
-0.16
0.14
0.22
0.27
0.47
-0.45
0.58
-0.28
1.25
1.37
1.21
-1.15
1.46
-6.41
-1.95
1.24
-0.70
0.35
-1.67
-0.37
-1.39
-1.98
0.24
-0.43
0.05
-0.58
2.42
0.58
0.47
-0.90
-0.44
-0.10
0.66
1.81
-0.14
1.65
-0.80
0.46
-0.43
0.54
0.19
1.42
-0.11
-1.52
0.61
-1.77
0.61
0.60
-0.03
0.09
0.13
-0.59
1.01
0.49
-0.04
-0.30
0.63
0.25
2.12
0.68
1.44
-0.05
-0.61
1.80
0.44
1.19
-0.49
0.39
1.10
0.12
-0.32
0.28
-0.27
-0.25
-0.35
-0.55
-1.11
0.30
-2.86
-4.62
-0.02
-0.72
-3.94
0.45
2.00
0.56
1.61
3.20
-2.32
-1.13
0.54
0.83
0.13
-0.29
-1.94
-2.22
-1.39
0.47
1.52
1.60
0.44
1.64
1.98
-0.06
0.76
-1.48
-0.19
1.19
0.24
-0.31
1.05
-3.65
-2.06
2.64
-1.99
