0.08
-4.52
-3.32
-2.47
-2.35
0.69
-3.95
-0.65
-2.63
-1.81
-3.75
0.97
2.64
-2.68
1.56
-0.64
-0.80
2.31
-0.58
-4.38
0.00
-4.27
-0.36
-6.65
1.20
1.42
-10.21
6.08
3.89
5.78
0.11
0.11
2.11
-2.31
-1.03
2.54
3.05
-2.61
6.46
0.90
1.43
-0.68
-0.23
-3.52
0.16
0.05
5.06
0.82
-1.11
0.88
1.39
2.01
-0.48
-0.80
-1.99
-2.60
1.53
-0.70
0.96
-1.93
1.56
-0.85
-2.25
0.18
-3.31
0.40
1.97
2.64
4.38
0.00
-0.71
0.79
1.85
3.42
0.76
1.84
-1.24
1.62
0.29
-2.02
-0.64
1.57
-2.20
-1.20
-4.15
1.35
0.43
3.34
-0.09
0.21
-1.05
1.29
0.32
4.14
-1.53
0.47
-0.74
1.69
1.84
-1.24
1.97
-0.67
-0.31
0.74
-3.52
2.39
0.02
0.33
-2.89
-2.91
-0.49
-1.77
-0.14
-0.14
0.38
1.16
-0.05
0.19
4.01
-13.30
-7.72
3.58
3.18
2.19
-0.05
-4.26
1.37
-0.32
3.71
1.72
4.65
-1.04
4.66
-0.42
1.24
0.21
0.28
-0.25
0.30
-0.53
1.11
-0.76
0.78
-0.09
-0.92
-1.06
4.65
-4.02
5.84
1.38
-0.07
-2.13
1.17
-0.96
1.90
0.04
0.20
-1.21
0.48
-0.44
0.59
-0.02
1.13
0.32
1.35
1.84
-0.10
-1.23
1.31
-2.21
-0.15
0.45
-0.36
0.62
-0.32
-0.62
1.64
-2.79
0.50
-0.17
1.62
-1.08
-0.75
-1.68
1.16
1.13
-1.50
2.42
0.36
1.38
2.68
0.24
-1.10
1.27
-1.12
0.35
-1.35
1.37
-0.16
0.00
0.66
-0.63
-0.72
0.60
-1.09
1.43
1.59
-0.56
-0.69
-0.53
-0.76
6.00
-2.12
3.70
1.00
9.21
2.63
1.85
2.15
1.68
-1.52
1.85
-0.61
1.53
0.73
0.79
0.00
-1.56
0.27
1.23
3.20
-1.56
-0.17
1.75
1.51
1.98
-0.51
-1.39
-0.21
-1.21
1.87
-1.60
0.42
1.57
0.09
-0.52
0.24
0.00
-1.46
-0.72
0.23
0.97
1.27
-1.39
0.79
-1.23
0.96
0.70
-1.61
1.01
-2.54
2.38
-0.55
0.36
-0.34
1.65
1.78
0.93
-0.50
-1.17
-1.43
2.09
-0.57
1.42
-0.59
0.36
-1.41
2.47
0.46
1.01
1.48
1.32
-0.57
-1.33
0.81
-0.79
-0.01
-1.21
0.03
-0.96
3.09
-2.36
0.75
-1.97
-0.72
0.00
-0.26
-0.09
0.12
-0.20
0.03
0.52
-1.98
-1.35
-5.28
-0.25
0.76
-0.02
-0.53
1.12
-0.37
2.33
0.03
-0.34
-0.09
-0.97
1.80
-0.14
-0.46
0.06
-2.11
-1.16
1.36
-1.22
0.82
1.93
-0.52
3.09
0.87
-1.19
0.05
-0.90
0.44
-0.11
0.02
1.74
0.40
1.54
-0.01
0.15
-1.24
-1.74
1.74
0.37
-5.35
0.22
1.19
-0.37
0.58
-0.92
1.00
-0.92
-0.12
0.17
2.72
-1.45
-1.41
-1.88
1.27
2.76
3.07
0.51
-0.07
-0.44
-0.32
0.01
1.07
-1.05
-3.01
-0.68
-0.76
0.60
0.28
1.54
0.96
0.46
2.26
-0.22
0.58
1.21
0.61
-0.65
0.63
1.66
-0.61
-0.31
-1.11
1.21
-0.65
0.01
0.92
1.34
-1.15
1.17
0.64
0.34
0.73
-0.39
-0.18
1.48
-0.38
0.50
-0.81
-2.69
-0.50
1.06
0.01
-1.43
-3.16
-1.26
-1.40
1.15
-0.19
0.43
0.26
-0.41
-1.09
0.92
0.12
1.59
-3.03
0.46
-2.89
0.89
2.10
2.20
0.84
-0.09
0.62
1.52
1.19
0.98
0.17
0.76
-0.15
0.23
1.62
-1.07
0.20
1.06
-0.66
0.58
0.94
0.13
-0.40
0.84
-0.07
-0.57
0.03
0.77
-0.93
-0.27
0.60
0.73
0.09
2.10
-0.98
0.71
0.44
-1.20
-0.81
-0.29
1.54
-1.41
1.32
-1.62
-1.42
-1.13
0.56
-0.62
0.69
0.08
0.36
-0.13
-0.92
0.12
-0.61
0.16
2.14
2.30
0.00
-0.05
1.29
-2.05
0.78
1.42
1.22
-1.74
0.52
-2.22
-0.20
0.65
0.33
0.48
0.78
0.68
-0.24
-0.33
-0.37
0.19
-0.62
1.35
-0.46
1.78
0.20
-0.19
3.47
1.36
1.34
0.56
-2.20
0.57
0.10
0.13
0.22
-0.54
0.53
0.07
1.69
1.06
-2.02
-1.41
3.76
-3.34
-5.96
0.61
-0.08
-5.92
2.06
0.12
-1.50
3.98
-0.16
0.52
0.58
0.37
-1.65
1.29
0.51
-0.26
-2.62
-3.01
-0.20
1.59
1.27
0.25
0.47
3.02
-0.38
-0.73
-2.02
0.29
-0.17
-0.73
1.00
0.84
-4.66
-4.40
3.91
-1.57
