-1.87
-1.80
-2.11
-2.17
-0.81
0.80
-3.42
3.87
-4.55
-0.79
0.02
-3.89
5.05
-1.69
1.21
-5.53
-0.02
2.03
-0.08
-1.17
-1.63
-2.42
-8.60
-4.46
0.32
-0.51
0.58
3.73
7.02
3.36
-1.80
2.67
1.02
-0.32
-0.18
0.46
1.18
-0.80
3.12
-0.55
0.77
-1.18
-0.67
-0.50
-0.78
-0.35
1.75
-0.95
-1.29
0.97
-0.53
1.54
-0.17
0.43
-3.16
-2.08
0.76
3.69
-0.78
-0.63
2.12
-0.10
-1.32
2.99
-1.72
-1.65
-2.95
-2.75
3.73
-0.61
0.53
0.71
0.44
1.78
0.96
0.70
-0.46
2.56
-0.34
0.15
13.15
3.85
-3.16
-1.45
-1.12
-0.38
-0.14
1.41
0.42
-0.96
-1.04
0.04
-1.23
0.68
-1.51
3.60
-0.37
2.84
0.65
0.21
0.18
0.34
3.18
-0.65
0.35
1.25
-1.44
-0.03
0.14
-1.29
-0.16
0.19
-0.23
-0.29
-2.07
2.89
1.70
0.38
3.32
-4.70
-7.01
4.99
3.16
0.52
-0.49
-3.15
0.26
0.08
2.62
-0.27
1.48
0.46
0.11
-1.09
0.19
-0.54
2.14
-3.19
3.25
1.30
6.74
19.95
2.51
0.22
-1.42
0.26
-1.02
-0.90
0.46
-1.45
1.41
-0.37
1.03
-1.49
0.19
-1.58
-1.32
-0.30
0.44
-0.77
3.43
-1.59
-0.72
1.79
0.65
0.35
0.25
3.04
2.52
2.62
-0.20
-0.84
-0.63
0.29
-2.14
3.89
1.60
-1.70
-0.20
-0.69
1.56
-1.08
-0.61
0.10
0.77
0.71
-0.97
0.16
1.77
1.55
0.00
0.06
-0.09
-0.14
-2.08
0.00
-1.95
0.07
-1.04
0.20
2.90
-0.81
-0.13
-0.07
-0.80
-0.99
-1.95
8.50
0.43
-0.84
-2.65
-0.38
2.03
2.31
1.57
3.36
2.85
-0.87
-2.11
-0.50
1.56
2.53
1.64
2.90
-0.69
0.42
0.83
-2.99
-1.37
-3.17
-3.97
0.10
4.33
0.44
-2.51
3.38
-1.56
2.78
0.24
-0.39
-0.63
-2.97
-2.36
0.77
-0.25
-2.96
0.26
2.52
-0.15
0.15
-1.13
1.50
2.65
-2.63
0.41
1.88
0.85
1.48
-3.61
1.42
0.15
3.09
2.37
1.42
0.42
-1.25
2.91
-6.43
0.63
2.66
1.98
-1.39
-3.38
-1.17
0.93
-1.61
-0.64
3.29
-1.93
1.52
-8.66
1.32
0.00
0.26
0.37
-1.90
-2.20
0.81
0.75
-2.13
6.76
-2.19
1.98
0.82
0.05
-0.30
0.15
0.86
0.50
-0.45
0.05
-1.71
0.31
-0.56
-3.90
1.12
0.48
1.10
-0.62
1.20
1.91
-0.46
-0.61
1.54
-1.26
-1.79
1.67
2.87
1.59
0.93
0.05
-0.83
1.32
0.19
0.92
2.72
-0.14
2.89
1.95
-2.22
3.09
-0.44
1.64
-0.70
-1.23
0.09
7.27
-4.88
-0.83
1.05
-0.48
0.22
0.30
-0.09
-4.69
0.46
2.45
-1.50
-0.09
-0.45
-0.59
0.09
0.23
0.50
1.80
0.93
-1.93
0.36
-0.22
2.88
-3.49
-1.53
0.96
-1.54
-0.09
-0.14
2.85
-3.13
1.62
-0.41
0.73
0.00
-3.94
1.79
-2.46
-0.67
-1.39
1.21
-0.19
2.93
2.52
0.14
2.45
-2.00
-0.14
1.00
0.22
1.43
-0.71
-1.02
0.49
0.63
0.62
-1.55
4.22
0.24
0.28
-2.40
-0.57
-0.57
4.35
-0.38
-0.55
-4.29
1.93
3.70
-1.44
1.33
-3.61
0.04
0.18
0.13
-1.10
0.22
-1.91
1.13
0.31
0.93
0.93
1.84
-2.58
-0.62
-0.71
-1.79
0.82
0.72
-0.22
0.09
-0.31
1.53
-0.31
-1.60
-0.14
0.50
-1.62
-1.28
0.42
-1.01
2.56
0.82
2.12
1.72
0.69
-0.04
0.99
0.30
-1.06
-0.69
0.52
0.39
-1.03
1.78
1.36
0.17
1.59
0.74
-0.45
0.54
0.00
-1.23
0.41
2.19
-0.65
-0.12
2.04
-2.83
-4.64
-0.47
0.09
-0.95
-0.09
2.62
-0.85
0.00
1.46
0.93
-0.13
0.34
1.17
-3.72
2.28
-1.93
-2.74
0.35
-0.09
1.27
1.52
0.26
-0.68
2.32
-0.04
-0.34
1.43
-3.07
-3.13
0.40
0.48
0.09
0.35
0.22
-0.30
1.00
0.48
2.28
1.56
0.46
-1.57
-0.92
1.23
1.09
-1.32
0.21
-0.96
0.89
0.04
2.80
-0.16
1.38
1.17
0.12
0.63
-0.83
0.52
-1.54
-3.21
0.91
1.07
-0.85
0.53
1.84
0.96
3.37
2.76
-8.48
-4.12
-0.64
1.07
-0.25
1.87
-2.59
-0.99
1.30
2.05
2.34
-1.76
2.50
-0.24
2.81
1.19
-0.20
-0.27
0.63
-1.17
-1.66
1.13
-0.87
-4.29
-3.14
3.68
-3.51
