2.33
0.11
-0.82
-0.01
1.34
0.26
-0.14
-0.24
-0.42
0.80
-4.18
-0.29
3.81
-0.28
2.70
-1.98
-0.61
3.71
0.18
-0.21
-1.06
-2.23
-4.74
-2.54
0.90
0.07
-0.25
-0.27
1.31
1.62
-0.98
2.88
-0.11
0.04
-0.76
3.20
-0.50
-1.92
1.61
0.84
-0.59
-0.16
0.30
-0.51
0.68
0.18
2.19
0.89
0.77
1.33
1.42
-1.44
-0.54
-0.55
0.17
0.65
0.87
2.08
-0.13
0.31
-0.75
0.32
-1.10
-0.17
-0.16
0.20
-0.86
-0.17
-0.67
-1.45
0.93
0.56
-1.59
-1.43
-2.76
0.24
1.25
0.71
-1.91
0.93
-2.44
1.90
1.78
2.07
0.72
0.97
0.46
-0.03
-1.26
1.15
-0.61
1.41
-2.59
-1.12
-7.17
2.50
0.13
1.52
-1.26
0.66
1.00
0.15
-0.03
0.20
0.41
-1.80
-0.37
-1.14
-1.97
-1.31
-0.34
-0.78
0.67
0.74
-0.03
-0.55
-0.11
0.13
-0.06
0.92
1.37
1.83
-1.24
0.41
-0.91
2.18
-0.36
-1.21
1.78
0.45
-0.15
0.33
-0.98
-0.79
-0.22
0.72
0.26
-0.14
1.28
-1.98
-0.82
-0.43
-2.45
1.10
0.41
-2.00
-1.26
-6.90
0.33
-0.58
0.44
0.32
-0.59
-0.35
-0.35
-1.48
0.76
-0.26
-2.03
-0.01
0.92
-1.71
-0.17
-0.27
1.16
0.53
0.56
0.89
1.22
-0.07
2.20
-1.38
-1.51
0.03
-1.28
-0.89
0.00
-0.26
1.19
0.36
1.05
2.23
0.52
0.11
-1.18
-0.54
-2.12
-1.60
-2.14
-0.67
-1.35
1.34
1.01
0.00
-0.06
0.08
-0.56
0.26
-1.65
-0.90
-0.64
-0.53
-0.32
0.18
-0.35
0.22
-4.88
0.88
0.50
-0.55
-0.14
-0.59
-0.16
2.99
1.25
-0.40
-1.88
0.28
2.03
-1.51
0.05
-1.55
-0.44
-1.15
1.87
-0.43
0.65
1.06
0.64
-1.16
0.41
0.83
0.89
0.92
2.28
0.02
-1.42
0.68
0.00
-1.46
-1.68
1.37
-0.18
-0.11
-1.07
0.19
0.25
-0.41
-0.07
2.21
1.32
-0.52
2.19
0.13
-0.40
-1.11
-0.81
-3.08
-1.96
-1.33
1.12
0.22
0.01
1.56
2.30
0.69
-1.67
-0.53
-1.07
-0.72
0.58
0.10
0.33
0.77
0.57
0.23
0.54
0.45
0.46
-1.30
-1.45
-0.62
3.64
1.26
1.86
-0.93
1.51
1.15
0.07
-0.05
0.11
-0.12
-0.87
-0.34
-0.25
-1.67
-1.56
-2.41
-0.41
0.90
1.59
-0.26
1.01
-0.01
-0.50
-0.66
0.48
-0.09
-2.09
0.70
-0.83
-0.49
0.27
-0.22
2.44
0.66
0.47
0.11
0.86
0.75
-0.46
-0.80
2.17
0.60
-1.08
0.28
-1.88
-1.92
-0.96
-4.42
-0.10
0.66
0.60
0.52
