-4.26
-4.04
-6.91
1.27
-1.34
1.00
1.70
-0.97
-0.09
-0.09
-0.98
0.81
0.54
0.80
2.03
0.26
-2.24
-0.44
0.44
1.23
-0.96
-1.50
0.00
1.79
-1.84
-1.97
0.00
1.09
0.00
-0.45
-0.45
0.09
0.64
-0.27
5.43
-1.29
-0.44
0.61
-1.74
3.45
1.28
1.60
1.74
-0.08
0.08
-1.31
-0.50
-0.91
0.17
0.25
-1.34
0.42
-1.10
-0.60
3.52
-0.25
0.17
1.58
-0.08
-1.14
-3.14
-0.51
1.63
0.59
-0.50
-0.84
2.47
0.75
-2.06
-1.26
1.11
3.71
-0.24
0.41
0.00
2.19
1.43
0.70
0.85
1.31
-1.29
1.62
1.67
0.00
0.97
1.48
-0.58
1.83
0.65
2.86
-0.83
-4.06
-2.55
-1.57
0.46
0.38
0.60
4.13
-0.50
0.80
0.00
-1.44
2.26
-0.71
-1.01
0.51
0.14
-1.87
-0.59
0.22
1.77
-1.23
0.81
1.16
-3.52
-0.52
2.17
-0.44
-1.03
0.60
-1.48
1.13
-1.63
0.38
-2.78
1.01
-0.92
-0.54
5.83
6.31
-7.53
1.87
0.73
-2.11
-0.37
0.97
-1.92
-4.67
-0.55
-0.32
-2.23
0.08
-0.98
-0.58
0.83
0.74
2.61
1.11
1.96
6.55
0.87
-0.93
-1.66
0.96
0.87
-0.14
0.80
-0.22
3.81
-1.11
1.33
1.52
1.16
1.08
0.53
2.98
3.67
-2.17
3.81
1.89
0.06
0.66
-1.73
1.70
1.13
0.65
0.64
-1.40
0.77
0.29
-3.79
-3.28
4.45
-2.22
-4.12
-0.90
1.94
-0.82
2.62
1.56
-2.33
3.52
-0.67
1.16
1.39
0.60
-2.13
-1.63
-0.37
-2.72
-1.08
-0.51
-0.90
2.08
2.42
0.62
1.05
-1.22
-3.35
0.58
-1.02
-1.61
0.33
-1.96
-0.67
1.07
-1.19
