1.47
-3.07
-9.16
0.59
-0.05
-0.21
-4.99
1.30
3.39
-0.75
-3.17
1.16
3.69
0.20
4.50
1.76
2.89
5.40
-1.04
-5.44
0.85
0.28
-1.64
-3.45
-2.34
1.39
0.30
9.54
3.92
1.09
-0.65
-0.35
3.60
-0.59
-0.66
1.11
1.01
0.75
5.01
0.67
3.06
-1.52
-1.87
-3.66
2.25
1.06
1.94
1.47
-0.76
2.71
1.39
-0.87
-0.65
0.02
-1.69
0.17
-1.01
1.14
-0.57
-1.05
0.08
-2.34
-1.11
-0.34
0.88
-1.47
-0.34
0.45
2.93
-0.55
0.47
0.43
2.62
-0.61
-9.18
-1.10
-2.24
0.61
-0.93
0.42
-1.55
3.54
-2.10
-1.22
-1.68
2.34
-1.19
2.60
-1.43
0.40
-1.64
1.54
-0.35
-1.28
-1.16
1.51
0.13
1.11
1.65
-1.90
1.70
0.11
0.26
0.88
-0.04
-0.30
1.65
0.46
-0.69
-2.16
-0.52
1.93
0.13
-1.02
1.03
-5.64
1.99
-0.58
2.74
-6.17
-3.44
1.60
2.68
-0.32
0.51
-2.08
1.87
-0.09
1.31
4.06
1.33
-1.50
0.39
0.37
1.65
-1.28
1.34
-0.53
1.31
1.01
5.90
-0.85
1.16
-0.24
-0.81
-0.92
0.38
0.44
-0.64
2.19
1.73
-0.23
0.70
-0.54
1.47
-0.38
0.25
-0.70
0.17
0.71
-0.68
-3.56
0.79
-0.85
1.13
0.12
-1.47
7.17
0.22
1.48
0.58
1.14
-0.07
2.25
-0.62
3.13
0.21
-0.21
-1.68
-1.83
0.85
0.72
0.37
-1.60
0.76
1.04
-0.96
1.07
2.31
-0.10
0.10
-0.12
-0.71
1.18
-0.19
-0.34
-1.14
-0.62
-0.28
-0.21
1.24
-0.45
-1.28
1.38
0.09
0.03
-1.69
1.24
0.23
1.30
-1.77
-1.48
4.12
-0.32
1.00
0.39
-1.88
-1.01
-1.66
3.35
-1.36
2.84
1.32
1.85
1.56
-0.40
0.67
-0.46
-0.64
0.84
-0.78
-1.91
0.21
2.21
0.34
-12.78
1.23
1.43
3.06
-0.24
-2.63
1.46
-4.05
-0.80
0.48
-0.55
0.06
-0.11
-0.59
0.35
-1.20
-0.15
3.09
0.18
0.71
0.43
1.62
-1.63
-0.41
-0.32
1.28
0.09
-0.36
-0.18
-0.48
0.88
1.23
-7.48
1.74
-0.98
-0.42
-1.58
-0.12
0.23
0.33
-0.08
0.39
1.52
-0.36
0.80
-0.19
-0.11
-0.92
-0.91
0.02
-0.13
-0.38
0.77
1.42
0.08
3.80
-2.37
0.34
0.87
-0.02
-0.59
-0.43
0.86
1.77
0.71
0.97
0.75
1.15
0.33
-2.51
-0.11
-0.48
0.05
1.82
0.53
0.56
-0.38
0.07
0.19
-0.89
-0.88
0.91
-0.85
-1.14
1.06
0.64
-1.08
0.97
0.76
-0.32
1.91
-0.68
0.47
1.43
1.34
-0.10
-0.35
0.68
-0.34
0.20
-1.37
0.43
-2.64
1.47
0.50
-1.49
2.07
-0.60
-0.34
-2.17
0.02
-0.14
1.64
-0.29
0.00
0.73
0.12
1.17
0.73
4.94
0.81
-0.22
2.00
0.31
1.21
-1.45
0.41
1.44
0.57
-0.72
0.34
1.74
-2.27
-0.08
-0.36
0.98
-0.74
-0.54
1.26
-2.22
0.60
-1.97
0.22
-1.94
0.36
0.65
-0.45
0.63
-0.18
-1.77
0.11
2.18
-0.88
0.39
0.32
0.56
-0.14
-1.55
1.01
-1.59
0.54
-0.62
-1.13
0.40
0.31
0.16
-0.11
-0.36
-1.02
-0.83
1.89
1.76
-0.52
-2.32
-0.17
0.40
0.53
-1.12
0.58
-0.20
0.27
0.71
-0.25
2.72
1.06
-0.33
0.96
0.21
-0.43
1.84
0.31
-0.06
-0.54
-1.31
0.60
1.41
-1.39
-0.02
-0.08
-1.98
1.38
1.57
-0.81
0.82
1.26
-0.12
0.26
-0.03
-1.20
-0.93
-0.47
-0.06
-2.59
0.54
1.27
-0.78
-0.67
0.73
0.56
0.70
0.03
-0.35
-0.56
-1.33
-0.47
3.12
1.56
0.82
1.51
1.02
1.19
0.12
-0.03
-0.22
0.03
-1.52
0.65
-0.27
0.87
1.06
-0.13
-0.07
0.16
0.89
-1.17
2.56
0.79
-0.09
-0.49
-0.99
1.24
1.09
1.01
-1.39
1.07
-0.40
-0.07
0.88
1.20
-1.68
-0.65
-0.80
0.56
1.01
-1.21
-0.70
-0.56
-1.13
-0.25
-0.34
0.12
2.24
0.75
0.84
0.55
2.32
1.16
0.30
1.06
3.48
0.73
-0.28
-2.69
0.19
4.68
-0.82
-1.10
0.89
-3.87
-3.72
2.39
-0.92
-3.32
0.01
0.76
2.25
1.78
0.52
0.24
0.03
0.03
-2.81
1.89
-0.51
-1.23
-0.31
-2.69
0.93
0.08
1.50
0.55
4.90
-0.20
-1.10
-2.34
0.05
1.18
0.37
0.00
0.13
-2.44
-2.70
-2.83
1.63
1.72
