3.27
-2.19
2.05
-2.71
8.16
-0.54
0.08
-2.59
0.64
2.32
2.50
2.21
1.82
-4.91
2.19
0.27
-1.79
2.12
1.24
-0.02
1.76
-2.11
-1.18
-1.52
-0.35
-1.77
-2.34
3.56
3.11
1.56
0.07
-2.19
2.06
3.04
1.28
1.21
0.14
-0.51
1.13
0.59
0.30
1.11
0.09
-1.30
0.61
-0.25
0.34
-1.08
-1.73
0.90
1.08
2.05
-1.60
-0.84
-0.82
0.14
2.07
0.09
-0.72
-0.02
-2.56
-1.86
-1.64
0.24
-2.29
-2.31
0.35
0.63
0.65
-1.66
2.47
0.20
1.06
0.51
0.46
-1.42
-1.54
0.52
1.16
-1.00
-2.49
0.81
-1.05
-2.05
-2.02
-0.66
0.24
-1.99
-15.17
-0.54
0.03
-1.57
-1.07
-1.09
2.66
1.36
0.00
-0.32
1.99
-0.75
3.64
1.50
-0.54
4.00
-0.06
-0.15
0.12
-0.17
-1.93
-1.07
-4.93
-0.92
2.01
1.28
2.72
-0.06
-0.51
-0.70
1.74
-3.89
-1.15
2.27
2.74
0.87
-0.03
-1.49
1.54
0.00
2.23
1.46
2.27
-1.60
-0.71
-0.43
1.64
-1.08
1.23
0.54
-0.59
3.34
0.99
-3.04
0.48
-0.11
-1.42
-7.25
2.05
0.78
1.25
1.88
-2.79
0.65
17.09
0.03
1.61
0.59
-0.71
-0.40
0.12
-2.36
1.65
-0.68
-1.21
-1.76
0.34
-1.29
-5.26
0.44
0.83
-1.34
2.88
-3.20
-1.44
0.48
-2.72
1.53
0.99
-0.06
-0.90
-0.74
3.00
0.69
0.99
-1.04
0.99
-1.37
-0.14
2.77
-2.08
0.77
2.19
0.86
0.96
-1.31
-0.80
0.81
-1.97
-3.34
-1.35
0.31
1.11
0.79
1.78
0.36
-1.94
0.06
-1.81
0.74
2.62
0.96
0.14
0.00
-0.11
2.50
0.26
1.35
5.60
2.05
0.48
-0.41
1.09
2.89
-0.05
0.37
2.94
1.01
-1.71
-2.29
-1.48
-0.68
0.52
0.14
-1.34
1.17
1.84
-0.25
-1.46
-4.67
0.62
-1.35
-0.05
-6.65
-1.25
2.57
-1.16
-3.57
0.86
0.14
-0.68
0.03
-1.32
-1.62
1.73
-13.90
-0.13
-1.17
-0.53
-1.16
0.10
-0.33
0.07
-1.54
0.03
0.85
-0.24
1.18
0.57
-0.76
-2.71
1.41
0.07
-1.12
5.17
6.41
-2.75
-1.86
2.50
1.22
-1.17
1.84
0.31
0.18
-2.81
1.51
-0.03
0.22
0.25
2.25
1.21
-1.04
-0.81
0.82
-4.36
-3.40
0.39
3.12
-0.76
0.63
-2.62
0.16
-2.04
0.30
0.43
-3.83
-3.23
-0.18
-0.35
-0.35
-0.85
2.22
2.52
0.65
0.61
0.00
-2.53
-0.24
2.08
-1.09
1.44
0.64
-1.82
0.00
-1.20
-0.38
1.32
3.16
-1.77
-0.98
0.31
0.51
0.27
-0.98
-1.23
2.22
-1.15
-0.82
0.17
-1.04
2.20
0.14
-17.01
-3.04
-1.69
-1.68
0.83
-1.09
1.10
1.74
-1.54
0.56
0.78
0.34
0.68
-0.42
2.47
-1.12
0.21
-8.21
-0.41
-0.18
4.27
-0.13
-1.81
2.25
-0.13
0.88
-0.96
-2.69
-2.26
2.27
0.81
0.90
2.76
0.39
-0.99
1.26
2.58
-1.34
-2.85
-0.74
-7.05
0.43
0.28
4.10
1.18
3.09
-1.61
1.37
0.35
1.26
-2.87
3.53
0.21
2.80
-1.12
-0.75
0.97
-3.38
1.81
-1.23
1.12
-0.17
-2.08
-10.25
-0.24
-1.31
-0.29
-0.74
-2.58
-0.66
0.21
4.56
0.39
0.93
2.03
0.24
-1.04
-0.53
-0.29
3.08
-1.87
5.52
-2.03
-1.84
0.75
3.45
1.94
-2.87
2.64
-2.13
-1.45
-1.38
-1.49
1.75
1.30
0.28
1.23
-0.54
-0.91
-4.26
0.77
-2.00
1.94
-1.05
-2.21
1.52
-0.92
-1.12
-0.20
-1.53
0.30
1.00
0.20
4.85
0.76
0.33
-0.72
0.45
-7.73
-4.32
-0.42
1.01
-0.90
-2.24
-1.09
-3.47
11.24
2.46
-3.25
1.91
1.42
1.35
0.49
2.21
-1.83
1.03
2.13
0.66
4.53
8.16
-0.75
1.64
6.66
-2.25
-0.52
0.76
2.06
0.35
-0.77
0.54
-3.99
-0.85
5.12
-2.32
0.32
0.95
0.39
4.60
-4.51
0.31
-2.06
4.45
-3.72
-3.32
-0.04
-0.16
1.02
3.69
2.73
2.24
-3.61
1.23
1.37
1.54
0.89
0.40
-0.40
-2.24
2.85
-0.33
-3.88
-1.14
-1.27
-2.85
-5.71
2.94
2.48
-3.07
0.62
0.17
2.85
3.05
3.20
-0.76
-2.32
-0.23
2.27
2.18
2.66
3.46
3.56
-0.54
3.97
-0.20
0.03
-1.45
-3.34
-0.14
-0.42
3.69
-1.98
-1.47
0.35
1.38
-1.26
-0.86
-1.43
-3.75
2.54
-0.14
