0.19
-1.73
-1.83
-1.91
0.77
0.95
-2.46
1.70
-2.20
-2.81
-1.26
1.16
2.18
-1.40
0.27
-2.52
-1.63
6.71
-0.45
-3.05
0.63
-0.16
-4.14
-2.55
1.64
1.63
-1.44
3.39
1.52
1.20
-1.34
0.87
1.19
-1.83
0.24
1.16
0.17
-0.74
3.66
-0.23
-0.17
0.35
-1.94
-1.64
0.38
-0.33
1.94
0.33
0.55
0.73
1.56
0.98
0.04
-0.64
0.40
-0.24
-0.73
1.69
1.11
0.74
1.45
-0.86
-0.74
0.42
-1.31
0.30
-0.34
0.42
2.01
0.44
0.53
1.02
-0.44
0.68
-0.37
-0.09
-0.48
0.30
1.14
-1.22
-0.20
0.80
-1.35
-0.21
-0.06
0.51
0.04
0.95
-1.26
-0.58
-0.51
0.83
-0.57
0.03
-0.97
0.81
-0.41
1.47
-0.03
-0.07
0.83
-1.32
0.53
0.49
-0.88
0.64
0.04
1.35
-0.99
-1.87
-1.07
-0.08
-0.82
0.79
-0.84
1.14
0.81
-1.10
1.75
-4.43
-2.62
1.52
1.89
-4.42
0.90
-0.69
-1.60
1.13
0.85
0.21
1.41
0.38
1.23
-0.57
0.74
0.85
1.00
-0.90
1.30
-0.70
0.46
0.34
2.41
-0.80
-0.18
0.19
-0.18
0.87
1.01
-0.10
-0.08
-0.42
0.25
-0.42
0.33
-0.85
-0.03
-0.33
-0.05
0.60
0.52
-0.79
0.06
0.92
0.32
0.32
-0.47
1.02
0.28
0.92
0.79
0.41
-1.83
2.00
-0.72
-0.68
0.77
-0.11
0.32
0.81
0.77
0.85
-0.45
-0.49
0.29
0.06
-0.89
1.15
0.11
-0.65
1.17
0.53
-0.67
0.39
-1.27
0.01
-0.70
0.23
-0.03
0.87
0.98
-0.18
0.29
0.33
-0.30
0.33
0.37
3.19
0.11
-1.92
-0.91
-0.21
-0.72
2.84
-0.25
0.46
-1.59
0.11
-3.33
1.32
1.48
0.43
0.32
1.11
-0.01
-1.29
1.12
-2.24
0.45
-1.56
-1.98
0.92
2.42
-1.50
3.19
-0.41
-0.39
-1.08
0.04
-0.04
1.04
-0.88
0.11
0.97
-0.35
0.13
0.38
0.09
-1.07
0.09
-0.50
2.07
0.95
0.56
0.72
-0.19
-0.21
0.46
0.83
-0.01
-0.28
0.24
-0.12
1.32
-0.30
0.26
0.25
-0.74
0.42
-0.49
-2.72
-1.25
0.13
1.37
0.01
0.01
0.11
0.54
-0.03
0.94
0.55
0.72
-0.33
0.11
0.68
-0.65
1.19
0.23
-0.39
-0.10
1.67
-0.87
0.37
-0.34
-0.36
0.02
-0.17
0.38
0.29
-0.93
1.38
0.58
0.14
-0.37
-1.51
0.67
0.13
0.34
-0.04
0.47
-0.36
0.54
-0.18
-0.20
-0.13
-0.02
0.32
-0.17
0.07
-0.19
-0.57
-0.22
1.30
-0.13
-0.20
2.05
-0.28
1.25
0.38
0.03
0.80
-0.67
0.04
1.50
-0.67
0.50
-0.36
-0.76
-0.17
0.21
-0.10
0.51
0.92
0.24
-1.43
-0.48
1.15
1.21
0.50
0.92
1.01
-0.24
0.02
1.01
0.42
1.46
0.56
-0.52
-0.04
-0.34
-1.38
-1.85
1.29
0.15
-0.88
0.44
0.93
-0.13
0.14
0.16
0.58
-0.40
-0.63
1.69
-2.64
-0.05
-0.55
0.99
-0.97
1.16
0.43
1.22
0.85
0.15
1.23
0.33
0.24
0.24
0.34
0.62
0.19
0.36
0.78
-1.57
-0.79
-0.09
1.32
0.86
-0.55
-0.05
0.43
-0.41
-0.09
-1.58
0.69
1.98
0.37
0.60
-1.13
0.20
0.61
1.41
-0.55
-0.08
-0.16
0.83
-0.01
-0.03
-0.37
-0.05
-0.44
0.17
2.74
0.51
3.48
0.30
-1.63
0.98
0.08
-0.13
0.77
-0.18
-0.37
0.12
-2.34
-0.14
0.94
0.38
0.71
0.44
0.85
-0.65
1.17
-0.16
0.72
0.76
0.82
-0.07
0.41
-0.76
-0.20
0.18
-0.83
0.28
0.12
0.16
0.35
0.19
1.32
0.29
-0.12
0.08
-0.43
0.70
0.54
-0.08
-0.45
0.17
0.10
0.17
-1.08
1.35
-0.87
0.36
1.97
-0.83
0.99
0.15
0.80
-3.79
1.43
-0.52
-4.18
1.19
1.58
1.38
0.29
0.66
1.07
-0.53
0.16
0.97
-0.18
-0.94
-0.15
-0.61
0.21
0.29
0.08
0.24
-0.27
0.36
1.26
1.29
2.07
0.14
0.14
0.23
0.66
0.88
-0.02
1.25
0.71
0.82
0.87
-0.65
-0.11
0.95
1.04
-1.05
-0.81
1.08
2.33
-1.38
-3.49
2.85
-0.32
-4.81
2.85
1.81
1.15
2.69
0.55
-0.17
-1.73
0.37
1.62
1.20
-1.09
-0.10
-1.29
0.88
2.01
-0.56
0.95
0.02
2.23
-0.38
-0.84
-0.49
0.46
0.88
-1.08
1.07
-0.96
-2.89
-2.10
3.11
-2.62
