1.26
-0.52
0.18
-0.65
0.33
-0.30
-1.10
0.10
1.07
0.81
-1.88
-0.03
2.40
1.15
2.45
-2.57
-0.47
2.06
0.03
-1.53
0.06
-5.23
-2.36
-1.08
0.64
1.22
-1.57
0.73
3.31
0.60
2.88
0.21
1.50
-1.01
-0.89
1.17
-0.57
-1.97
4.38
0.66
-0.43
-0.77
0.45
0.19
0.13
-0.03
1.57
0.61
1.12
2.24
1.61
0.27
-1.73
-0.07
-0.48
-0.65
1.12
1.89
0.19
0.72
0.30
-0.45
-0.26
0.50
-0.35
0.78
-1.45
0.54
-2.50
-3.14
1.79
0.83
0.40
-2.07
-1.41
0.82
0.87
0.28
-0.89
-0.09
-0.88
1.78
0.03
1.79
1.40
1.52
0.52
0.18
-2.07
1.18
0.83
0.92
-2.44
-1.54
-0.48
0.92
-0.58
2.12
-0.33
-0.29
1.43
0.63
-0.22
-0.84
-1.62
-2.09
0.04
-0.05
0.35
-0.35
2.26
-0.28
1.28
0.80
-0.48
-0.20
0.28
0.21
0.35
-1.19
1.78
1.69
0.62
1.04
0.87
1.84
0.34
-1.08
-0.44
-0.12
0.60
-0.47
-1.81
-0.67
-0.21
0.91
-0.08
-0.28
0.98
-0.28
-0.64
-1.89
0.03
2.14
-0.28
-1.40
-1.16
-0.26
0.43
0.08
-0.08
-0.19
-1.53
0.72
-4.89
-3.23
1.07
-0.76
0.28
-0.21
0.00
-1.28
1.32
-0.65
0.68
-0.56
0.12
1.07
0.87
0.16
-0.50
-0.53
-2.61
1.69
-2.24
1.10
-0.25
-0.13
1.78
0.20
0.39
1.11
0.31
1.25
-1.47
1.76
-1.53
-2.25
-2.09
-1.62
-3.15
-1.08
-0.84
1.24
-1.31
1.25
2.16
0.12
1.74
1.50
-0.64
0.77
0.26
0.38
0.21
-0.26
-2.79
0.41
2.66
-0.57
0.38
1.20
0.50
-0.22
1.37
-1.55
-2.34
0.19
1.06
-2.91
1.03
-1.36
-0.71
-0.06
2.11
-0.03
0.74
0.81
1.68
-2.32
-2.98
0.48
-0.51
-0.43
0.58
3.52
1.19
1.64
0.92
-0.97
0.80
1.31
0.19
0.56
-3.18
1.12
0.15
0.84
-0.46
0.73
1.38
-0.61
0.91
-0.13
-0.08
-0.61
0.10
-2.58
1.19
-1.03
1.67
-0.40
-1.10
0.64
0.07
0.74
0.03
0.13
-1.12
-0.97
0.16
-1.23
4.14
0.33
-0.16
-0.46
0.37
0.17
0.62
-0.10
0.39
-0.59
1.28
0.15
0.93
-0.20
1.21
0.48
0.65
0.02
-0.16
-1.16
-0.29
-0.35
0.04
-0.81
-1.83
-1.00
0.63
1.16
2.27
0.09
0.55
-0.61
-0.01
0.12
0.63
0.00
-0.74
-0.14
1.00
-0.25
-0.04
0.03
0.77
0.18
0.06
-0.84
0.79
0.11
-0.99
-0.73
0.62
0.18
-0.50
0.17
-0.29
0.06
0.13
-0.45
-2.97
1.23
0.40
-0.04
-1.13
0.59
1.04
-0.64
-0.65
-0.06
0.09
-0.46
0.82
-0.45
0.64
0.56
0.11
0.06
0.05
0.42
0.26
0.34
-0.08
0.88
0.26
2.05
1.23
-0.52
1.69
0.54
-0.16
0.19
0.71
0.67
1.03
0.04
0.25
-0.41
0.29
-0.81
-0.11
-0.53
-1.73
-0.44
-0.61
-0.21
0.49
-0.55
-3.58
0.81
-1.70
-1.03
0.24
-0.09
0.67
0.83
-0.32
0.38
-0.29
0.18
0.91
-0.69
0.82
0.65
0.79
-0.17
0.34
-0.03
0.09
-0.17
0.25
0.33
0.70
-0.58
-0.44
2.10
0.85
-0.38
-0.16
-0.70
1.59
-0.52
0.68
-0.14
-0.35
-0.71
-0.52
0.79
-0.15
-0.23
0.25
-0.11
0.62
0.85
1.08
-1.88
-0.76
0.72
1.13
0.04
-0.52
-0.37
-0.03
-0.10
-0.23
0.19
-0.99
-0.06
0.84
0.30
-0.02
0.65
0.35
-0.30
0.38
0.17
0.26
-0.13
0.11
-1.13
-0.36
-1.25
-0.69
-0.27
-0.38
-0.24
0.02
-4.29
0.83
1.43
0.35
0.74
-0.91
1.19
0.86
0.72
0.55
-0.13
0.53
-1.97
-1.67
0.92
-0.76
0.41
1.76
-0.45
0.04
-0.84
-0.41
-0.60
0.19
0.39
-0.31
-1.08
0.91
-0.06
0.84
-0.24
0.97
-1.26
-0.12
0.63
-0.15
-3.35
-0.02
-0.71
0.99
0.40
-0.08
0.49
0.00
-0.95
-0.11
-2.92
-0.45
0.34
-1.52
-1.16
-1.96
-0.81
0.96
0.73
-1.43
1.07
0.79
1.88
-0.41
-0.12
0.01
-1.33
-0.31
2.59
-3.80
-0.07
-3.04
0.33
-1.41
-2.89
2.76
-0.01
0.28
-0.16
1.29
-0.26
-0.56
-3.10
0.47
2.49
-0.32
-2.48
0.27
0.10
-0.27
1.25
-0.61
0.56
0.38
2.68
-0.02
0.15
1.02
0.52
1.16
-0.95
-1.30
-0.42
-1.46
-1.51
1.17
0.40
