3.85
-0.88
-1.25
-2.40
-0.05
0.05
-0.86
-1.38
-1.06
0.60
-1.88
0.73
3.83
-1.22
0.80
-2.51
-0.47
2.55
0.77
-1.15
0.85
0.37
-3.21
-1.25
-0.31
-0.11
-1.28
1.91
0.28
0.38
1.25
0.23
3.08
-1.00
-0.24
2.03
-0.45
-0.58
1.58
0.16
-1.18
-0.39
-0.53
-0.77
0.60
0.29
1.51
-0.31
-0.20
0.19
1.17
-1.04
-0.30
-0.26
-0.93
-0.19
0.09
0.98
-0.44
0.25
0.71
-0.56
-0.25
0.57
-0.79
0.48
-0.64
0.29
-0.08
-0.20
0.18
-0.11
-0.34
-0.80
-1.92
0.41
0.26
0.04
0.17
-0.32
-1.09
1.83
-0.65
1.33
1.03
1.73
0.70
0.88
-4.64
-0.84
-2.71
1.20
-2.84
-1.15
0.18
2.54
0.09
1.00
-0.25
0.42
0.61
0.17
0.47
0.82
-0.13
-0.36
0.77
1.19
-0.24
0.54
-0.04
0.32
0.41
0.73
0.30
0.74
1.12
0.00
0.48
-1.22
0.16
2.12
1.41
1.74
-0.16
1.67
-0.31
-0.78
2.05
1.13
0.08
0.49
-0.57
0.11
0.06
0.45
0.13
-0.17
-0.03
-0.19
-0.48
-0.38
1.25
0.13
0.58
-2.15
-1.29
-0.95
0.38
0.09
0.49
-1.30
-1.58
0.30
-0.02
-1.82
0.18
-0.10
-1.46
0.55
-0.15
0.26
0.40
-0.69
0.77
-0.74
-0.26
-0.50
0.54
1.06
1.03
-1.54
-2.82
1.37
-2.64
0.76
0.35
0.54
0.90
-0.91
1.20
1.46
0.47
0.14
-1.09
-0.01
-1.87
0.46
-2.31
-0.95
-2.49
-0.34
0.09
0.78
-0.85
0.55
0.60
-0.65
-0.24
0.33
0.46
-0.20
-0.16
0.48
-0.53
-2.34
-2.89
-2.71
0.23
-2.94
-2.27
-0.07
0.72
2.58
-1.18
-1.11
2.41
0.63
3.21
-2.03
-1.36
-0.53
-0.36
-0.13
0.54
-0.19
-0.19
-0.12
0.30
-1.82
-0.71
1.07
0.98
0.36
2.42
0.18
0.41
0.28
-0.29
-2.66
-1.18
1.97
0.16
0.09
-1.94
-0.34
-0.26
1.23
0.00
0.35
2.30
0.20
1.23
0.79
0.37
-1.75
-1.86
-1.36
0.78
-0.26
1.02
0.23
-1.66
0.98
0.29
-0.03
-0.73
0.40
-2.62
-0.47
1.49
-0.55
0.66
0.84
-0.46
-2.38
-0.28
1.83
-0.07
-0.98
-0.78
0.03
-0.52
-0.64
2.11
-0.75
0.03
-0.16
1.07
-0.81
0.47
-1.18
-0.49
-1.16
-0.81
-2.24
-1.02
0.54
-0.27
-0.41
2.89
-0.42
-0.73
0.00
0.22
-2.26
1.02
0.61
-1.22
1.30
0.14
0.37
0.25
0.71
-0.85
-0.17
-0.06
-0.14
1.15
0.96
-0.12
0.20
0.67
0.80
-0.39
-0.11
-1.62
-1.95
0.03
-2.65
0.97
-0.45
3.59
0.42
-4.39
-0.84
0.11
-2.50
-0.77
1.49
-1.70
-2.17
0.15
-1.48
0.09
1.13
2.08
-1.33
-0.61
1.75
1.60
-2.33
-2.08
-0.24
1.57
-0.87
-1.73
1.02
1.50
-1.75
1.97
1.85
-0.07
-0.89
-0.20
-1.65
-0.52
0.19
-1.30
0.58
0.51
1.95
0.44
1.04
-0.82
-1.51
2.36
-2.49
-1.74
0.68
-0.47
-1.03
0.74
1.23
1.77
0.75
-0.97
0.22
0.55
-0.22
-0.77
1.53
1.87
1.46
-5.52
-0.80
0.91
-4.08
2.47
4.25
2.14
-1.67
0.15
-3.02
-2.02
1.27
-3.17
-1.40
-0.66
-2.46
0.17
-0.38
1.41
-0.74
1.65
-2.17
-0.62
0.80
-0.75
0.99
0.11
1.93
0.35
-0.62
0.30
-1.42
1.60
2.39
-0.27
-2.03
-2.50
-0.32
-0.09
-0.38
2.73
3.75
-1.58
-0.04
-0.56
0.24
0.29
2.21
1.13
-1.19
0.87
1.32
0.26
-0.48
1.06
-1.01
0.59
-1.43
0.07
-0.63
1.44
-1.53
-1.06
1.69
-0.86
-1.52
-1.97
0.68
1.24
-2.26
-0.37
8.43
6.21
3.14
-0.47
1.08
-0.25
0.09
-0.70
-1.23
0.17
1.16
-0.02
-0.70
0.09
0.56
0.81
-0.82
1.53
0.06
-0.61
-0.57
1.99
-3.74
5.02
0.45
-0.30
-1.64
0.31
0.27
-1.84
-0.37
1.23
0.81
0.23
0.20
-0.50
1.42
-1.44
-2.51
1.27
0.65
-2.59
-0.80
0.11
-0.21
-2.24
2.37
-0.19
1.35
3.53
4.33
-2.25
-3.36
2.23
-0.72
-2.64
0.45
-2.85
-2.02
-2.81
-0.13
0.91
-3.04
3.51
0.65
0.05
1.20
-0.75
-0.72
-2.11
-2.39
1.45
0.95
0.76
-3.28
1.88
0.32
-0.15
0.20
0.03
0.15
-0.83
-1.29
0.14
1.36
1.21
-0.82
-0.30
-1.83
-0.85
0.21
0.70
-1.04
0.98
-4.05
