0.32
-3.00
-2.83
1.34
0.81
1.84
-6.30
0.78
-1.96
-1.96
2.45
3.08
1.31
-3.75
3.03
-2.10
-2.36
3.50
0.23
-3.83
0.54
2.22
-1.15
-0.95
2.24
1.00
0.34
3.59
1.97
2.49
-2.61
1.19
1.64
-0.78
1.15
1.89
-0.22
0.00
1.14
-0.15
-0.22
0.44
0.81
-1.62
0.26
-0.92
1.37
2.96
-0.73
1.18
0.79
1.89
-1.18
-1.91
-1.86
-1.38
3.93
-0.90
1.20
-0.52
-5.69
-1.15
-0.78
0.46
-0.92
1.59
0.83
0.33
0.43
0.31
0.12
-0.56
0.40
0.07
0.55
-2.48
0.66
0.03
2.51
0.82
1.23
-0.07
0.09
-1.24
0.06
-0.07
-0.13
1.92
-2.19
-1.38
-1.60
1.24
-0.67
-2.30
-1.13
0.02
-0.18
0.79
1.27
-0.97
1.14
-0.41
1.68
2.04
-0.72
-0.26
-0.80
0.37
-0.50
-1.09
-0.80
-0.88
0.52
-0.20
1.34
2.06
-0.19
0.06
1.77
-7.31
-4.22
2.25
3.69
2.40
2.00
-1.03
1.13
0.75
2.18
0.39
1.63
-1.60
0.47
-0.35
0.27
-0.34
-0.40
0.73
0.87
0.31
0.65
-1.58
1.40
0.24
-0.71
-0.84
1.02
1.26
0.69
-0.23
-0.95
0.01
0.33
-0.22
1.31
-0.14
0.32
-0.07
1.38
-1.30
0.16
-0.89
0.76
-0.31
0.38
-1.03
-1.38
-0.28
-0.24
-1.23
0.44
-0.53
-4.10
2.47
-0.60
0.12
1.17
-0.87
-0.51
2.34
0.29
-0.56
-1.88
-1.88
-0.15
0.49
-0.42
0.34
0.18
-0.50
0.54
0.06
-0.55
0.37
-1.16
0.45
0.54
0.27
-0.79
1.36
0.19
-0.82
-0.39
0.36
-0.25
-0.77
0.34
0.78
1.87
-0.55
0.12
1.23
0.53
2.14
2.70
1.45
-0.89
-0.04
5.25
0.61
-0.18
-0.13
-0.43
0.19
0.72
0.30
0.56
-0.57
1.33
-0.42
1.32
-0.78
2.27
1.33
2.24
-0.51
0.07
0.43
0.58
-0.55
0.46
2.04
-1.38
0.28
-0.29
-1.32
0.43
0.06
-0.93
-0.05
-0.77
-0.22
-0.19
-0.68
0.64
-0.06
-0.39
1.11
-1.15
0.92
-0.31
0.75
1.84
-0.18
-0.01
0.17
1.30
0.27
0.28
-0.95
-0.77
0.05
-0.17
1.12
0.23
0.19
0.64
0.50
-0.39
1.08
0.58
1.79
-0.02
-0.09
-1.53
-0.35
-0.78
0.09
0.42
-0.53
1.72
-1.10
-0.83
-0.08
-0.66
0.28
-0.09
0.36
0.47
-0.87
1.80
0.27
0.31
0.40
0.47
3.41
1.09
0.39
-0.35
1.42
0.11
0.05
-0.49
-1.52
-0.30
-0.55
-0.21
-0.61
-0.16
0.37
0.38
-0.22
0.44
0.08
-0.58
1.40
-0.32
1.14
1.12
1.83
-0.58
-1.38
1.23
1.57
-0.09
-0.11
0.18
-0.70
6.36
0.72
-0.41
-0.36
1.57
-0.07
-1.81
0.41
0.28
1.36
1.22
0.37
0.61
0.35
-0.15
0.85
0.96
1.27
-1.70
-2.98
0.12
-0.02
-2.53
-0.34
1.77
0.03
0.80
-0.23
1.37
-1.64
-0.06
-0.23
0.16
-0.12
-2.79
0.94
-1.74
0.10
-0.20
1.06
-1.50
0.70
0.36
0.02
0.07
-0.10
0.29
0.36
0.64
0.24
0.16
0.43
-0.13
0.34
-0.02
0.99
-0.69
0.82
0.90
-1.56
0.16
1.31
1.10
-2.09
-2.51
-1.78
-0.14
0.67
0.33
-0.10
-2.45
0.19
1.07
2.95
-1.54
-0.48
0.71
0.05
-0.48
3.40
-0.06
0.21
-1.46
-0.47
-0.04
1.64
1.16
0.43
1.59
-0.34
-0.94
0.14
1.71
0.32
-0.11
0.29
0.92
-0.73
0.27
1.51
0.24
0.24
-1.02
-0.53
2.25
0.44
0.89
1.17
0.04
0.29
0.57
-0.31
0.25
0.63
-0.49
-0.16
0.25
1.30
-0.41
2.13
0.05
-0.29
0.81
0.57
-0.43
1.60
0.35
-0.89
-1.72
1.09
0.23
2.22
-0.65
1.73
0.88
0.34
1.36
-0.96
0.09
0.34
-0.02
-0.32
0.40
-0.11
0.69
-0.16
-0.18
0.43
1.15
-0.58
0.15
-0.23
-0.58
1.64
2.71
-0.15
0.53
0.08
0.01
-0.50
2.21
0.23
-0.62
-1.46
2.02
-0.55
-0.96
1.44
1.00
-0.01
1.26
0.25
-0.47
2.07
-0.61
2.08
-0.18
1.38
-0.97
0.77
1.13
0.58
-0.49
0.05
0.12
-4.30
-2.85
2.10
-0.28
-4.17
1.76
2.14
1.09
3.29
-2.72
-1.97
1.40
1.08
-0.96
1.12
-0.58
-2.29
2.24
-2.60
1.48
-2.76
1.39
1.00
0.27
2.83
-1.03
-0.04
-0.23
0.21
-0.47
-0.88
0.52
-0.09
-2.26
-2.54
3.86
-2.40
