-0.62
-1.25
0.52
-0.48
-0.85
1.54
-3.14
0.15
-2.32
-3.19
0.44
3.36
1.63
1.91
1.38
-0.52
0.78
1.51
-3.01
13.83
4.27
1.67
-1.49
0.47
-2.47
-2.95
-0.96
2.67
-1.33
5.14
-1.38
1.02
1.92
-1.33
1.09
2.54
-2.02
0.15
-0.77
1.15
1.04
-2.30
1.30
1.35
0.60
1.02
-1.73
-0.67
-1.77
-0.22
1.99
-0.09
-0.55
-1.17
0.78
-0.37
0.09
1.24
2.47
0.09
1.90
-1.31
-2.16
-0.51
-1.43
-0.43
0.90
1.44
1.09
-0.42
1.41
0.53
-0.06
-2.57
-5.78
2.86
0.16
0.65
-0.09
-2.88
-0.73
0.77
-1.63
-0.71
-0.42
0.98
0.81
0.87
-1.18
0.97
-0.48
-0.42
-1.13
-2.55
1.68
0.79
1.51
1.16
0.73
0.09
0.47
0.31
-0.16
-0.50
-0.13
-0.19
1.87
-1.00
0.47
-2.84
-0.42
0.48
1.48
0.98
-0.38
2.11
-0.89
0.00
0.78
-8.09
-2.92
3.32
3.85
0.94
0.83
0.22
1.61
0.65
0.87
0.74
2.01
-0.84
-0.96
0.12
-1.00
-0.80
1.42
-0.30
0.09
0.06
0.27
0.12
0.43
1.00
-1.98
-0.43
0.46
1.01
2.69
0.32
-1.67
0.81
1.07
-0.18
-0.12
-1.00
-0.12
-0.77
-1.53
2.07
0.69
-1.78
0.57
0.99
0.00
-0.39
-1.31
0.09
1.60
-2.34
-0.15
-1.16
-2.28
0.66
-1.03
-0.92
-0.03
-0.22
1.60
-0.66
1.08
0.75
-0.44
-2.16
0.26
-0.99
-0.90
-1.59
1.62
-1.82
1.22
-0.26
-1.44
0.80
-2.84
0.54
1.28
0.40
0.27
1.76
-0.29
6.01
0.89
1.04
-1.48
-1.90
-1.66
0.89
-0.63
-1.59
-0.42
-2.75
1.36
1.28
0.68
1.06
-2.23
0.62
3.66
1.12
-1.14
-0.59
-4.06
1.54
1.52
1.78
1.19
-2.81
0.22
0.03
-3.74
-1.41
-0.50
-2.08
1.27
0.41
-0.64
-0.27
0.82
0.00
-1.96
-0.89
-1.56
1.90
-1.31
-0.63
0.00
-1.80
-0.86
0.14
-0.29
3.38
2.74
5.74
-1.52
0.16
-2.00
-1.34
0.27
-0.24
4.71
-1.42
-1.31
-0.17
0.73
3.14
1.19
-17.65
1.92
-0.64
-0.42
-2.67
1.02
0.19
0.39
-0.15
0.27
-0.46
-0.39
0.70
-0.85
1.21
-1.27
1.68
-1.19
-0.08
-0.93
0.90
0.93
-1.04
-0.70
-0.74
0.35
0.08
-1.77
0.44
0.28
1.35
-0.31
-1.10
1.63
-0.86
1.14
-1.36
-1.38
0.40
0.08
0.32
0.00
1.11
-0.31
0.16
0.83
-0.27
-2.23
0.68
0.76
-1.62
1.89
1.34
0.00
-2.80
0.92
0.00
-0.52
0.40
-13.57
-0.87
2.45
1.17
0.80
-0.62
-1.96
0.32
-1.50
0.23
1.56
0.43
0.97
0.67
-0.75
1.20
-0.97
0.85
-2.16
-0.36
0.23
-1.08
-0.64
3.03
-1.03
1.58
0.98
0.70
-0.57
-0.97
1.06
0.00
-1.89
0.27
-0.71
-0.18
1.89
-2.21
-6.68
0.24
-1.40
-2.01
-0.15
1.55
1.87
-0.34
0.10
0.29
0.87
3.16
-2.51
-0.10
-1.00
0.24
0.53
-0.19
0.00
-0.67
1.54
-1.00
0.00
2.16
0.05
1.50
-3.84
1.39
-0.81
1.82
-7.82
1.96
-1.50
-0.51
-3.26
0.11
-1.16
-2.02
-2.17
-1.50
-1.27
-0.43
0.34
-0.40
-1.44
-2.04
-2.38
-0.67
-1.66
1.25
1.42
0.00
-2.19
0.06
0.62
1.60
-1.64
-3.21
-0.83
-1.80
1.96
0.77
2.55
-1.61
0.13
-6.24
1.21
-0.27
-0.07
-3.20
1.31
1.84
0.20
0.00
3.13
-0.65
1.95
0.26
-1.02
-0.06
0.32
-0.58
0.97
-0.26
0.77
0.06
-1.02
0.26
1.15
1.01
-3.19
-0.39
0.32
-0.52
-8.91
11.29
-9.37
-4.04
-3.76
0.61
-0.46
0.00
6.66
4.95
20.66
5.10
-1.19
-0.55
2.52
0.27
-1.07
1.51
-1.59
-1.51
0.05
0.00
0.05
-5.42
-2.38
-5.34
-4.95
1.52
-2.27
2.19
-4.88
6.63
4.17
-4.68
-4.13
1.75
0.13
3.90
0.83
-0.76
-0.64
-1.79
0.26
4.16
0.75
-1.43
2.20
-2.77
0.06
-0.88
-1.28
-1.23
-1.11
0.26
0.46
5.98
-0.31
10.38
-2.76
-3.65
-0.42
-2.72
-0.81
-0.94
-3.28
7.90
-1.39
3.37
0.89
-5.88
7.94
0.52
-5.76
0.92
2.73
-2.42
-0.48
3.34
-2.23
0.00
-3.37
-0.68
-0.44
-0.31
4.54
-0.91
0.12
-2.80
-0.06
-7.11
1.04
-3.47
-2.00
-2.40
0.14
-4.62
-1.89
-1.31
0.78
2.56
-1.59
1.31
