0.28
-3.05
-6.58
-0.46
-2.72
4.07
-2.92
0.12
-4.38
0.74
-3.11
1.52
2.29
-1.83
1.62
-0.57
0.12
4.35
-0.71
-2.10
0.49
1.61
-1.62
-0.08
0.04
0.56
-5.09
2.66
2.38
-1.00
-0.69
-0.45
0.49
-1.02
-0.99
0.37
1.74
0.82
1.86
-0.64
4.60
0.15
0.76
-1.82
0.89
-0.23
3.45
-0.81
-2.54
0.77
2.47
2.45
0.04
-1.09
-1.17
1.22
0.29
2.44
0.93
-0.39
1.06
-1.54
-4.63
2.16
-2.12
0.41
-0.63
1.20
3.48
-0.57
-1.19
2.44
-0.39
1.46
-0.04
0.07
-0.81
0.57
0.60
-1.01
-0.64
2.70
-4.88
-1.17
-0.18
0.11
-0.18
1.00
-1.24
-0.33
-0.71
-0.04
-0.75
0.94
-1.46
1.10
-0.68
2.19
0.11
-0.33
-0.22
-1.04
0.90
-0.82
-0.11
0.94
-1.45
-0.34
-1.29
-1.92
-0.20
-2.66
1.13
1.83
-0.16
2.39
-0.88
1.47
2.58
-9.78
-7.72
-2.00
1.41
0.76
0.93
-2.03
1.17
1.51
2.36
1.24
1.65
0.12
4.15
0.56
-0.08
-0.87
0.44
-0.92
0.92
-0.16
0.24
1.03
-1.34
-0.64
-0.12
-1.77
1.11
7.13
2.34
-0.11
-0.78
-1.57
-0.76
0.31
1.14
-0.45
-0.42
-1.21
0.58
1.07
1.47
0.11
0.78
-0.81
-0.30
0.63
-0.07
-1.71
0.45
-2.41
1.00
0.42
-2.35
2.72
-3.41
0.67
1.56
0.23
-0.23
-0.54
2.24
0.90
-1.34
-1.59
1.12
0.46
-0.83
2.71
-2.12
-0.99
1.34
-0.64
-0.95
-0.73
-1.94
-1.78
-3.22
2.29
-1.42
0.62
1.64
-0.20
1.41
-0.20
0.20
-0.80
5.62
-0.57
-2.87
0.00
-2.95
-0.81
1.64
1.61
1.78
1.95
4.58
1.82
1.79
0.35
1.05
-0.52
1.05
0.17
0.34
0.00
2.23
-5.21
1.24
2.28
-1.20
-0.35
0.17
0.87
2.93
0.33
-0.50
-1.01
2.03
2.49
4.85
1.23
3.66
3.97
-2.97
-1.17
1.18
-0.29
-1.61
1.34
-0.59
0.29
2.65
-3.72
0.45
0.59
0.74
-0.15
-1.46
1.93
-1.90
1.63
-0.29
-0.73
-0.44
2.08
0.15
0.00
-0.29
-0.73
0.00
0.44
-0.15
2.34
-0.29
0.29
5.43
1.76
0.13
0.66
1.45
-1.30
-0.40
-0.53
-0.13
0.13
-1.46
0.27
0.27
-1.08
2.17
0.27
0.66
-0.40
0.13
0.66
-1.44
0.53
0.53
-1.05
2.26
0.78
-1.81
-0.53
-2.25
-1.22
1.78
1.21
-2.79
1.23
0.27
2.29
1.45
-3.77
0.27
-2.15
1.65
-1.49
-1.92
1.82
-2.48
-1.69
2.30
5.75
0.00
2.65
-0.52
1.04
-0.39
0.39
-4.88
-0.81
0.14
3.13
1.19
-1.04
-1.05
0.40
1.19
0.26
-1.18
-1.32
0.40
-0.53
-6.17
1.14
1.41
1.26
-0.14
-0.14
1.52
0.00
-2.31
-2.23
3.70
-0.69
2.35
-0.14
-0.68
0.00
1.91
-0.80
3.91
-1.69
0.92
-1.05
2.77
-2.06
-0.13
0.13
0.00
-0.26
1.32
0.39
0.39
0.13
0.26
0.26
0.26
-0.77
0.64
0.64
1.02
0.63
-1.25
1.39
0.12
0.37
0.37
-0.25
0.87
7.75
-5.25
-2.89
-1.36
2.89
-0.37
-1.10
-1.12
0.50
-0.25
-0.88
0.13
-1.51
-1.28
1.82
-0.13
-0.64
-1.28
-0.39
1.31
-0.13
-0.13
0.52
0.90
0.51
-1.65
0.90
0.64
0.63
-2.27
-0.13
-0.52
0.78
2.06
0.51
0.13
0.88
0.50
0.87
1.47
0.48
0.84
0.36
-0.36
1.19
2.00
0.12
-0.58
0.12
0.00
0.00
0.00
-1.97
-0.47
0.36
-0.12
-0.71
0.12
0.95
0.24
1.53
0.35
0.58
-0.92
1.51
0.69
-5.45
2.76
0.00
0.00
-0.23
0.82
-1.98
1.19
-1.88
4.90
-0.91
1.95
0.45
-0.90
0.68
0.45
2.91
2.07
0.00
-0.11
0.21
0.11
0.96
0.95
0.00
0.10
0.00
-2.29
1.28
1.48
-0.83
1.47
-0.62
-1.25
0.95
0.52
-1.14
0.52
2.61
0.61
0.61
-1.71
0.10
-1.02
1.13
-2.04
0.83
0.21
0.10
1.44
-0.81
1.43
1.31
-0.70
2.10
-0.79
2.08
-0.10
0.29
-0.87
1.56
-0.38
0.19
-1.92
1.47
0.10
-1.74
-2.75
0.20
0.40
4.52
0.10
0.29
1.25
1.61
1.12
-2.85
0.38
-0.94
-2.10
-0.29
0.39
-0.58
-0.68
0.59
0.20
0.88
0.68
0.19
-0.19
2.50
-0.56
-0.85
0.19
-0.19
1.24
-0.56
2.37
-0.18
-5.83
-4.92
3.00
-1.31
