-2.20
-0.66
-3.86
-0.69
-3.34
-1.44
-4.68
-1.07
0.16
-2.94
-0.48
3.04
3.42
-3.91
2.66
-0.30
0.76
1.52
0.60
-3.27
0.00
2.46
-0.60
-3.92
-6.44
-7.72
-2.36
3.17
3.97
3.82
-0.50
-0.84
-6.10
-0.36
-0.91
-1.10
1.85
4.90
1.38
1.71
1.17
4.15
1.75
-2.50
2.09
0.63
0.63
1.24
-0.15
0.77
1.68
3.30
-1.16
0.73
-3.06
0.75
-1.79
0.46
-0.91
0.76
0.76
-1.95
0.61
0.61
-1.06
1.07
0.45
1.51
0.89
0.15
-0.74
1.19
0.15
0.58
-1.16
0.88
0.29
0.58
0.43
-1.87
-0.29
-0.59
-1.04
0.60
-1.04
-0.75
-0.91
0.31
1.83
-0.45
-0.30
0.90
1.64
0.00
-3.08
1.36
-3.44
-1.39
1.10
0.31
1.08
-0.46
0.00
-0.15
0.15
1.69
-0.45
-0.91
-0.15
-0.31
-1.23
-2.34
0.48
0.32
3.01
1.23
0.46
-0.45
1.37
-0.45
-3.77
2.50
1.22
1.06
7.31
-1.11
0.28
0.00
1.26
0.28
1.52
-1.09
0.00
0.69
1.09
-0.41
0.00
-0.41
0.54
0.54
-1.21
0.14
-1.23
0.55
-0.55
-1.24
2.09
0.55
-0.82
-0.82
1.66
0.68
-0.41
1.36
0.00
0.40
0.93
1.32
1.04
-2.71
-0.40
0.80
-0.79
1.20
0.66
-0.52
-0.66
0.00
0.66
-0.79
1.32
-0.92
-2.37
-1.89
-2.89
1.99
-0.14
0.70
1.38
1.36
0.27
2.55
1.70
-1.29
-0.13
0.52
-0.26
-0.65
0.52
-0.78
1.05
-1.43
1.19
-0.52
0.26
0.00
0.00
0.13
0.78
-0.52
0.00
-0.13
0.91
0.90
0.38
-0.77
-1.80
-0.13
-1.18
0.13
-1.72
0.27
-0.13
2.02
0.92
1.57
0.90
1.02
-0.88
0.51
-0.51
2.68
-0.50
-1.87
-0.51
-0.51
0.77
-0.38
0.13
0.00
-1.66
-0.91
0.52
-0.52
0.26
0.00
-3.14
-6.07
2.16
0.28
1.68
0.14
2.34
1.08
1.33
0.00
-0.66
0.00
-1.32
-0.80
1.49
2.40
4.03
-1.88
-0.76
-0.51
-0.90
0.52
-0.52
-1.30
0.26
-0.79
-0.66
0.00
0.27
1.86
-0.78
0.40
-0.79
-0.79
-0.53
0.80
0.13
1.33
1.70
0.13
0.26
0.39
2.30
-1.50
-0.25
0.64
-0.38
-2.79
1.57
-1.67
0.39
-0.13
-0.13
-1.04
0.53
-0.79
0.66
-1.05
-0.27
-0.13
-1.33
0.81
0.80
-0.27
0.67
-0.93
2.14
-0.39
-0.79
-1.59
0.67
1.20
-0.26
0.00
1.19
1.18
-0.52
-0.39
-0.26
-1.18
1.06
0.39
0.78
1.30
-1.02
-0.26
0.39
0.39
-0.26
-0.13
-0.26
0.00
1.42
-0.51
-0.64
-0.39
-0.26
0.78
-1.29
-1.83
1.33
-0.92
-16.16
-3.16
0.65
0.32
-0.65
0.00
0.16
1.62
-1.28
-0.81
0.82
-3.56
0.50
0.17
1.67
-0.16
0.66
-0.49
-0.16
-0.49
0.33
0.82
0.33
0.81
1.61
-0.32
-0.32
1.92
-0.16
-2.04
0.00
0.32
1.76
0.16
-1.25
0.63
1.74
-0.93
1.10
-0.77
-0.16
-0.16
-0.63
1.10
0.93
0.15
-0.15
-0.31
0.00
-0.31
0.00
0.00
0.16
-1.09
0.31
-0.16
-0.16
0.78
0.93
-2.00
-0.79
-0.63
-0.16
-0.48
5.46
-0.61
-1.38
0.16
-1.86
-0.32
-0.48
-0.64
-2.24
0.00
0.66
-0.81
0.33
0.16
0.49
-0.65
-1.64
1.83
-1.80
0.00
0.17
-0.50
-0.50
-0.17
-1.18
-1.19
0.86
-0.85
0.00
0.52
-0.86
1.04
-0.34
-0.17
-0.52
1.38
1.70
0.00
1.68
0.49
-0.66
-0.33
0.17
0.33
-1.32
-1.34
-1.69
0.34
-2.06
0.35
0.70
0.17
0.52
0.52
-0.17
-1.37
1.74
-0.51
-1.20
0.17
-2.60
2.85
-1.39
1.58
-0.69
0.00
-1.05
1.94
-1.38
0.70
0.35
-0.52
-0.17
1.05
-0.17
-0.17
0.69
0.52
-0.34
-1.03
0.52
-0.35
-0.35
-2.09
0.53
-4.06
-0.55
0.37
-0.74
1.12
-2.94
0.38
-0.19
3.21
-1.28
-1.86
-0.95
-2.86
2.55
1.92
-1.88
0.38
0.00
-0.38
-0.96
-0.39
1.55
0.76
1.33
-0.75
0.00
-0.19
0.57
-1.13
-0.19
-0.95
-0.38
-0.58
-1.17
0.00
0.98
-1.95
-3.57
-6.58
-3.96
-2.75
-1.42
2.39
3.97
-2.47
-0.23
-0.46
-5.10
1.22
-2.17
1.73
1.46
2.87
-3.72
-1.93
1.23
1.95
2.15
-0.47
3.05
-3.64
-2.13
1.93
-0.71
-3.10
-1.72
1.50
0.49
0.25
-0.25
0.74
-1.71
-0.50
