1.38
-0.67
-2.31
-0.16
1.05
0.64
-1.98
1.30
-1.23
2.01
-1.46
1.78
0.48
0.68
1.03
0.37
1.25
1.14
0.67
-0.53
-2.00
-0.67
-4.36
0.56
0.83
0.45
-0.69
1.03
1.06
-0.45
-1.24
-0.55
0.98
-0.65
0.14
1.12
-1.11
0.11
1.42
-0.31
-1.51
0.42
-0.03
1.08
1.03
0.28
1.31
1.11
0.43
0.07
-0.29
0.75
-0.22
0.01
0.30
-0.72
-0.10
0.65
1.50
-0.12
1.07
0.43
-0.15
0.11
0.49
-0.14
-0.31
0.04
-0.56
0.49
0.21
0.84
0.01
-0.24
-2.15
-0.23
1.56
0.20
0.46
-0.30
-1.12
1.35
0.16
0.72
-0.04
1.01
0.19
0.59
-1.87
0.76
-0.99
0.63
-1.50
-1.16
-0.73
-2.18
0.20
0.93
-0.56
0.43
-0.44
-0.97
-0.07
-0.66
0.15
0.54
-0.08
0.17
0.56
-0.35
0.51
-0.39
-0.21
0.18
-0.16
0.94
-0.64
-1.64
0.49
-1.46
-2.63
1.89
0.84
0.71
0.05
0.30
-0.11
0.24
0.32
0.57
0.20
0.47
0.90
-0.26
0.15
2.18
-0.35
0.89
0.85
-0.67
-4.47
-1.83
-0.05
-1.48
0.31
-0.26
-0.15
0.66
0.77
-0.77
0.02
0.41
0.49
0.12
-0.84
-0.49
-0.71
0.03
-1.81
0.36
-0.20
-0.28
0.49
-0.86
0.85
-0.04
0.26
-0.22
0.37
1.23
-0.28
-0.64
-1.37
1.20
-1.05
0.39
0.83
-0.74
-0.06
1.08
0.41
0.37
-0.16
-0.55
0.30
-1.45
-0.34
0.50
-0.62
-0.99
-0.08
0.45
-0.41
1.11
-0.90
0.91
0.61
-1.14
-1.47
-1.03
0.01
-0.62
3.04
-0.32
-0.75
-0.54
-0.03
0.02
0.42
-0.28
0.12
-0.60
-0.61
1.60
1.14
0.76
-0.41
-0.25
3.19
0.39
0.75
0.20
0.46
-0.42
0.16
0.38
0.43
0.96
-0.94
-1.17
-0.67
-0.19
0.89
-0.03
0.56
0.44
0.67
0.40
0.77
0.13
-0.39
0.72
-0.20
0.28
-0.12
0.44
-0.47
-0.06
-0.32
0.09
-0.87
-1.73
-0.12
0.18
0.89
-0.27
-0.15
0.52
1.01
-0.49
1.03
-0.03
-0.43
0.07
-0.72
-0.27
0.61
0.07
0.80
0.13
-0.37
-0.12
0.65
0.83
0.17
0.11
0.06
-0.15
1.08
-0.22
0.22
0.53
0.17
0.87
0.19
-0.15
0.33
0.30
-1.29
0.52
1.10
-0.64
-0.26
0.10
0.03
0.02
0.04
-0.12
-0.29
0.15
0.06
0.08
0.52
0.11
-0.20
0.45
-0.08
0.26
0.12
-0.03
-0.47
0.37
0.22
0.00
-0.25
0.87
-0.20
-0.15
0.02
0.94
0.05
-0.38
0.45
0.72
0.26
0.47
0.11
0.61
5.57
-0.61
0.02
-0.67
0.87
0.06
0.98
0.58
0.36
0.19
0.08
0.11
-0.21
0.80
0.63
0.69
-0.60
0.41
0.78
0.03
-0.25
1.14
0.19
0.05
0.05
0.64
0.99
0.89
-0.62
-1.02
0.47
-0.34
0.03
-1.99
0.91
0.57
0.33
0.54
0.76
0.61
-0.22
0.70
-0.10
-0.44
-0.16
0.38
-0.76
0.02
-0.43
0.37
0.01
2.08
-0.48
-0.39
1.08
-0.98
0.15
-0.01
-0.84
-0.05
0.21
-0.19
-1.34
4.75
-1.61
0.28
-0.70
-0.46
-0.71
1.66
-1.19
-0.58
0.75
-0.03
0.00
1.10
0.43
-0.03
0.23
0.81
-0.64
-0.08
0.38
0.81
-0.52
-0.25
0.26
0.54
-0.18
0.09
0.28
-0.10
-0.44
-0.55
1.06
-0.12
1.14
-3.22
0.43
0.00
-0.05
-0.15
0.48
1.56
-0.53
-0.08
-1.67
-1.86
0.46
2.23
-0.51
0.18
-0.06
0.22
1.01
0.50
0.33
0.29
1.60
0.47
0.89
-0.22
0.24
0.22
0.44
-0.12
-1.78
0.33
-0.20
0.28
0.84
0.51
0.41
-0.32
1.04
0.33
0.84
0.41
-2.21
-0.84
1.07
0.44
-0.47
0.46
-0.82
0.13
0.82
0.45
0.04
-0.09
1.41
-0.53
0.90
0.52
-1.28
1.37
0.28
-0.33
0.14
0.06
-0.59
0.77
-0.24
0.53
0.08
-0.46
-0.70
-0.19
-0.25
-0.08
0.81
0.25
-0.57
0.64
-0.42
0.70
0.20
-0.07
-0.22
-0.02
-0.07
0.10
0.06
0.75
-0.23
0.89
0.05
0.34
-0.39
-0.26
1.54
-0.33
-2.98
-0.78
0.44
-1.47
-3.26
0.81
0.32
-4.07
1.15
1.93
-0.92
-1.48
0.49
-1.86
-0.40
0.94
1.27
1.49
0.32
-1.79
-1.82
-1.29
-4.77
1.86
0.11
0.78
1.35
1.81
0.32
0.30
0.01
2.13
0.46
-2.06
0.23
-0.45
-1.02
-1.31
1.96
-0.34
