-0.74
-1.56
-5.05
-2.65
-0.07
0.84
-1.29
1.77
-3.62
2.91
2.76
1.77
-1.08
0.14
2.43
-2.08
-0.39
3.82
-0.85
-2.81
-1.99
0.99
-1.22
-2.37
0.10
-2.40
-1.54
1.92
3.02
2.47
-1.61
0.94
1.65
-1.88
3.36
0.30
2.44
-0.87
1.64
1.15
0.83
1.54
1.90
-2.20
1.80
-0.86
3.21
-1.05
-0.02
-0.12
0.83
1.40
-0.73
-0.90
-0.72
0.33
-0.23
1.67
0.06
-1.31
0.17
0.21
0.56
-0.02
-1.56
1.19
-0.10
-0.21
1.90
0.10
-1.04
0.29
-0.78
2.21
-0.32
0.57
-0.28
1.03
0.52
-1.65
-1.86
1.56
-1.11
-0.78
-1.24
0.27
-0.79
1.62
-0.04
-2.05
-0.36
1.68
-0.35
1.15
-1.43
2.48
0.08
2.25
0.42
0.98
0.65
1.35
0.06
0.02
0.17
-0.10
2.03
0.34
-0.42
-0.99
-0.65
0.56
-0.19
-0.10
-1.61
1.29
0.08
-0.62
2.42
-4.49
-4.64
2.56
0.69
2.13
-0.67
-1.15
-0.70
1.84
2.92
0.93
1.43
0.28
0.68
0.30
0.50
-0.61
1.17
-0.99
0.69
0.18
5.66
-0.45
-0.68
-1.85
0.31
-1.49
0.64
0.76
1.45
0.12
7.06
-0.46
0.70
-0.43
1.16
-0.62
0.20
0.46
0.11
-0.05
0.21
-0.62
0.18
0.74
0.03
-0.28
0.78
1.44
-0.18
-0.67
-2.39
-0.20
-3.53
2.29
-1.22
0.47
1.73
-0.22
0.46
-0.64
1.53
0.10
-0.88
-0.28
1.41
0.54
0.52
0.27
-0.51
-0.81
1.30
0.74
-0.83
-1.21
-2.64
-1.16
-1.00
1.01
-0.51
0.27
1.95
-0.50
-0.35
1.92
0.45
-0.59
-0.31
-0.10
0.41
-0.61
-0.53
-0.38
0.99
3.34
2.78
0.55
-2.91
1.14
0.60
2.61
0.71
-0.30
-1.34
0.98
0.57
0.82
-0.05
-0.27
0.20
0.23
-7.48
1.34
1.90
0.41
1.59
1.07
-1.01
-1.43
2.34
-0.08
1.20
-1.97
0.74
0.45
-0.20
0.32
0.03
0.00
-1.12
0.14
-0.94
-0.47
-0.05
-1.93
1.74
1.16
0.67
2.51
0.00
-0.21
-2.10
2.39
-1.22
1.89
0.15
1.30
1.35
-1.73
1.67
0.44
-2.48
1.57
0.54
0.95
-0.37
0.65
6.00
-3.89
-0.04
-0.34
0.17
1.58
-0.26
-0.04
1.12
0.77
-0.45
0.17
0.41
-0.83
1.54
-0.86
0.40
0.85
-0.11
-0.42
-0.07
0.64
0.74
-0.68
0.72
-0.54
0.22
0.09
-2.70
1.60
-1.02
0.55
-0.45
0.93
0.24
0.27
-0.14
-0.77
0.33
-0.59
0.68
0.73
-0.88
-1.02
-0.70
0.12
1.08
1.52
0.98
1.03
-1.59
2.04
1.03
-0.76
0.79
-1.52
0.77
-0.62
-0.61
-0.29
0.21
0.39
1.31
2.69
0.68
-0.05
1.43
1.87
-4.03
1.28
1.06
1.16
0.30
0.38
0.13
-0.09
0.99
0.96
0.16
1.09
0.20
0.80
1.29
0.66
-3.89
-0.48
0.54
-1.47
-0.89
-0.42
1.70
-2.74
0.60
-0.94
1.89
-1.57
-1.98
1.42
-3.07
-0.26
-1.78
2.81
-1.05
1.61
0.51
0.44
1.33
-0.84
1.70
0.24
0.67
0.91
0.89
-2.60
-0.41
0.48
2.16
-2.13
-0.28
-0.82
0.36
-0.63
1.08
3.48
1.78
-0.42
-1.21
-2.82
1.19
2.20
0.32
-0.15
-2.98
-0.09
-0.06
1.45
0.23
-0.25
-0.07
1.37
0.08
2.21
1.31
1.23
-1.57
-0.43
1.47
-0.94
2.09
0.08
-0.12
1.02
0.43
1.55
-0.03
-2.92
0.07
1.48
-1.81
-0.35
1.32
0.25
0.72
0.86
0.19
0.97
-0.33
0.27
-0.07
0.47
0.01
-0.16
-0.02
0.14
-0.21
0.46
1.01
-0.34
-0.13
0.76
-1.06
0.87
1.72
0.52
-0.43
-1.91
0.51
0.21
1.82
-4.11
-0.69
0.83
-0.59
-0.01
-1.56
1.33
0.57
0.10
0.53
-1.60
0.63
-2.24
1.86
-4.42
0.47
0.00
-0.79
-0.10
0.12
1.25
0.02
-0.02
-1.77
0.65
-1.08
1.50
2.56
0.70
0.70
-0.84
-0.60
-0.33
-0.26
0.24
-0.82
2.88
1.50
0.24
0.29
0.39
-0.12
-1.69
1.28
1.44
-0.12
2.88
1.32
0.16
1.27
-0.17
-3.21
-3.02
4.79
-0.03
-1.95
0.24
-0.71
-1.30
-3.37
1.94
-9.80
-3.63
1.38
2.49
-2.66
1.73
0.34
1.12
1.75
-0.85
-0.27
1.48
1.43
2.51
0.43
0.10
2.55
3.48
2.22
-1.04
-0.24
3.81
1.28
-2.20
-0.80
0.29
0.67
-1.23
1.62
0.68
-2.68
-2.63
4.23
-3.66
