0.82
-0.36
-5.46
-1.44
1.68
1.06
-3.63
1.90
-2.54
2.85
-1.91
-0.84
3.15
-3.37
2.86
-0.56
1.05
3.73
-0.86
-1.83
-6.48
-3.08
-0.84
-3.61
1.95
2.63
-0.91
1.11
2.68
1.76
0.38
-0.38
-0.28
0.93
1.72
2.01
-2.14
-0.39
1.97
-0.27
1.60
0.60
-0.95
-0.84
1.38
-0.67
1.66
-0.28
-1.42
0.19
-2.25
-0.10
-0.12
-1.92
0.08
-1.08
-0.18
1.67
0.90
-0.84
2.79
-0.05
-0.46
2.07
-0.86
1.93
-0.38
0.57
0.71
-1.26
2.04
0.53
0.02
-0.21
-2.94
0.69
0.17
0.57
3.25
-1.15
-0.96
3.14
-1.44
0.00
0.57
0.02
0.80
1.72
-1.42
1.01
-1.09
0.36
-2.85
-0.02
0.07
0.21
-0.39
2.22
0.16
0.29
0.97
-0.65
0.76
0.54
0.38
-0.27
0.47
-0.62
0.38
-0.44
-1.89
-0.34
-0.43
0.91
-0.43
0.43
0.57
-0.67
1.52
-5.75
-2.11
1.14
2.68
5.91
-0.88
-0.47
0.67
-0.07
2.06
-0.54
-0.26
-0.28
0.18
-0.63
0.07
0.35
-0.90
0.02
-0.11
1.40
-1.11
-2.90
0.55
-0.45
-1.14
-1.03
0.16
-1.39
1.81
0.35
0.23
-0.11
-0.76
0.07
-0.49
-0.61
0.73
0.51
-0.40
0.34
0.02
-0.49
0.19
-0.05
-0.05
3.95
0.63
-2.38
0.55
0.52
-1.85
0.09
-3.55
3.47
-1.97
-0.35
1.13
-0.26
-0.09
-0.07
0.21
1.02
-0.48
-1.02
1.03
0.56
-0.60
1.76
-0.27
-1.42
-0.30
-0.05
-0.74
0.82
-1.65
0.19
-1.27
0.43
-0.14
0.31
0.02
-0.09
0.29
0.95
0.35
3.65
-0.95
2.96
-0.58
-1.20
-0.92
-1.55
-1.62
3.78
4.05
-4.35
-4.75
-1.74
0.56
2.29
0.42
1.03
-0.16
0.14
0.98
-2.07
1.84
-0.83
-0.14
-3.78
-0.97
0.81
-0.34
-0.93
3.17
-1.45
1.50
1.69
0.98
-0.58
4.39
-0.76
0.50
-0.61
1.24
0.25
0.07
0.07
-0.71
0.27
-1.14
1.17
-0.11
0.45
0.13
-0.82
-1.16
2.04
-0.40
-0.65
0.67
0.29
-0.98
1.37
-0.75
0.16
0.36
-1.06
-0.92
0.52
-0.34
-0.88
0.27
0.80
-0.79
-0.18
1.23
0.52
0.65
0.09
-0.09
0.84
-4.78
-1.62
5.81
-0.71
0.54
1.09
-3.55
0.34
0.27
-0.59
-0.11
-0.18
-0.96
-0.21
1.53
0.11
0.82
-0.79
1.57
0.74
-0.29
-0.69
-0.77
-0.23
0.05
-0.50
-0.62
0.39
0.11
-1.07
-0.46
-0.07
0.95
1.27
0.23
0.16
0.50
-0.77
0.75
-0.79
0.23
1.36
-0.27
0.81
-0.09
1.00
0.26
-0.86
-0.27
0.07
-2.15
-0.66
2.88
0.04
-0.49
-0.54
-0.65
-0.11
0.93
0.47
2.09
-0.65
-1.41
0.29
1.62
0.83
-0.13
0.13
0.91
-0.19
-0.17
0.50
0.77
0.51
-0.40
-0.40
-0.11
-0.88
-1.57
-0.55
0.60
0.20
0.33
-1.50
0.64
-0.99
-0.11
-0.29
0.11
0.00
-2.07
0.14
-2.07
0.19
0.00
-0.19
-0.14
0.37
-0.39
-0.14
0.58
0.12
0.76
0.16
0.25
0.78
-0.75
0.50
-0.64
1.12
-0.05
0.05
-0.70
0.20
-0.91
1.10
-1.56
0.16
1.17
-0.80
-0.39
-0.46
0.74
0.25
0.37
0.75
-1.77
-1.08
0.40
0.77
-0.78
-2.83
-0.96
-0.43
1.43
-0.62
-2.33
0.54
-0.37
-0.34
0.91
-0.81
1.38
-0.51
0.34
-1.07
0.44
-0.37
-0.32
-0.42
-0.54
-0.35
1.12
0.32
-0.15
-0.12
0.35
1.08
-0.39
0.20
0.20
0.07
-0.78
1.57
0.63
0.24
-0.31
-0.31
-1.01
-0.78
-0.20
0.71
0.05
0.12
-0.02
-0.41
-0.56
-3.39
5.42
-0.39
-0.27
-0.46
-1.34
1.95
0.34
1.45
0.24
1.14
-1.36
0.57
0.26
-0.45
0.50
0.02
-0.43
0.76
0.33
0.77
0.00
-0.05
0.44
-0.28
0.79
-1.50
-0.07
0.52
0.02
0.14
-0.40
1.43
-0.62
0.32
-0.69
0.35
0.60
0.14
-0.39
-0.44
-0.60
-0.91
0.40
0.23
1.29
-0.51
-0.05
-0.84
-0.28
-0.09
1.22
2.02
-0.41
1.05
0.32
0.50
0.20
-0.27
-0.11
0.27
-0.45
0.14
3.31
-0.81
-2.95
0.88
-1.12
-3.09
-1.62
1.26
0.63
0.37
2.61
0.14
-0.82
-0.37
-0.25
0.55
2.33
-1.70
-0.25
-0.64
1.83
1.44
1.13
-4.37
0.96
0.61
0.27
-0.79
-0.36
-1.12
-0.46
-1.94
0.00
-0.76
-2.38
-1.27
2.02
-1.02
