-2.41
-7.72
-3.34
-5.54
1.47
0.72
-1.08
-2.90
0.75
-7.41
-5.60
9.32
9.30
-6.74
2.28
-5.20
2.75
5.34
-1.81
-1.85
0.38
1.50
-0.37
-6.67
0.40
-5.93
-3.78
3.93
1.26
5.39
-2.36
-2.02
4.94
11.76
1.05
3.13
7.07
3.77
1.52
7.46
6.94
0.78
5.15
-2.70
-2.02
-0.26
6.44
-1.69
-3.94
4.62
8.09
-5.67
2.16
-1.88
-8.87
4.47
-2.02
4.63
-0.74
1.24
-2.93
-4.53
-1.06
1.07
-3.17
4.09
0.52
4.69
1.74
0.24
3.41
2.12
5.08
0.00
-1.54
1.12
-1.77
2.02
1.98
-3.67
1.79
-2.20
-6.53
0.24
-1.92
7.11
-3.66
5.70
4.27
-1.08
-4.14
3.41
2.86
-5.77
0.68
2.25
2.86
0.43
1.71
0.21
0.21
-0.84
-1.47
0.21
-0.43
6.00
1.62
0.00
-1.99
-3.85
-2.95
0.22
0.87
-3.87
5.15
1.70
1.88
1.23
4.06
-6.43
-8.12
7.26
4.44
0.00
1.21
-3.60
-0.83
-1.26
5.30
-1.41
4.69
-1.75
-0.20
-0.40
-2.20
0.61
1.22
-3.21
-1.04
-1.46
5.94
3.01
-0.39
1.17
-7.34
1.25
1.23
-0.61
3.48
1.38
0.39
-3.88
0.81
-0.60
3.23
0.39
-0.58
2.35
-1.91
-0.58
1.96
0.19
-0.77
1.35
-0.76
0.38
0.19
-0.38
0.58
1.15
-0.57
-0.57
-4.39
-0.40
-4.21
0.84
1.24
-1.64
0.63
-2.28
1.69
0.21
-4.57
-0.65
-3.07
8.82
0.21
3.94
2.99
0.19
0.77
1.34
-2.08
5.03
-3.50
-0.38
1.15
-1.33
-1.34
4.86
0.74
-2.03
0.00
-1.32
-0.57
4.98
-1.09
-0.92
-4.28
6.23
-4.95
0.77
-2.49
-0.20
-0.79
3.76
1.34
5.84
2.14
4.01
-1.17
2.71
0.83
3.27
0.79
2.04
-0.62
0.78
-1.23
7.17
0.15
0.58
1.88
1.98
3.75
3.35
2.72
-0.13
-0.63
-3.05
1.05
-2.59
0.27
3.32
-1.67
-1.05
-0.40
1.72
-2.48
-0.53
-0.67
0.27
0.00
-0.81
-0.54
-0.27
1.51
2.30
-1.98
0.54
1.61
0.13
-1.05
0.53
0.93
3.41
3.93
-1.10
-0.49
-0.12
0.62
1.98
-1.57
1.85
-2.54
-1.49
-1.13
0.00
0.89
1.51
2.48
-1.09
-1.72
-0.37
-1.00
-1.14
-1.79
-2.47
1.07
-2.77
3.40
-5.52
-5.98
1.48
-2.33
-2.84
0.61
0.61
0.30
-4.08
3.94
-0.76
0.76
-1.21
-4.76
2.10
-0.63
-0.79
0.80
3.02
2.16
0.60
1.35
-2.37
-0.30
-1.67
3.10
-0.60
2.27
0.44
-3.53
-4.12
3.34
2.00
-3.92
0.16
-1.10
0.32
6.48
1.04
-1.17
-2.82
1.07
-1.36
-0.46
-3.85
5.13
0.91
0.45
2.86
-2.49
-4.50
1.10
0.31
-2.32
1.11
2.35
-1.07
-0.15
-0.78
-2.50
-0.48
-0.97
0.98
2.09
-2.21
-0.16
2.26
-2.21
2.10
4.59
0.45
1.81
-6.80
0.16
-0.48
0.32
-1.43
5.15
4.59
4.39
-3.37
-0.58
3.65
-0.85
1.85
5.58
-3.83
-0.69
-1.11
1.40
1.93
0.41
1.75
0.53
-1.98
0.00
3.23
-3.91
-2.57
-1.39
-3.95
1.32
0.43
-0.87
-1.46
-2.36
1.36
-0.90
0.75
-1.20
0.00
-0.45
-5.62
-0.32
-3.39
0.50
-3.33
-2.07
1.05
-2.26
3.38
0.52
-1.20
2.25
-1.86
2.94
1.01
1.99
1.14
1.29
2.54
-2.02
-2.06
2.75
3.62
0.91
1.35
-1.48
2.41
0.88
1.60
-0.86
1.45
2.43
0.14
1.25
0.27
-0.41
1.24
-2.04
-0.42
1.11
-0.96
0.42
-0.14
0.83
-4.81
0.58
-2.16
-3.38
-2.89
-1.56
1.91
-1.87
-1.91
-0.32
2.60
2.85
0.15
1.85
8.01
-0.56
1.83
5.94
-2.74
2.68
-0.26
-1.83
-4.27
-1.53
-0.85
2.00
0.42
1.81
1.23
-1.08
-1.37
0.97
0.14
-0.55
2.20
-0.54
-1.49
-2.34
0.28
1.97
1.79
0.14
-0.14
-1.76
2.34
2.15
-11.86
-2.39
4.90
-1.17
-1.62
0.00
0.30
-1.50
5.47
1.73
3.54
0.82
2.04
-0.80
0.80
2.39
1.17
0.26
0.26
-0.38
0.51
1.53
-1.26
14.25
-0.89
-2.70
0.69
0.34
0.34
-1.14
-4.95
-4.24
2.91
-0.98
-4.97
-3.01
3.50
-1.43
2.77
0.51
0.38
0.51
-6.97
1.23
1.75
0.79
-1.18
-3.05
-0.82
1.93
1.76
1.46
-0.79
-0.40
2.79
-0.26
-0.78
1.44
-3.09
-2.92
-3.28
-1.70
4.32
-5.24
-2.62
1.05
-6.95
