1.54
1.17
-3.10
-1.83
5.23
2.11
-2.20
-0.58
-1.61
0.73
-0.24
-1.21
2.46
-2.57
2.71
-2.05
0.17
1.22
-0.83
0.31
-3.15
-1.04
0.76
1.47
-1.55
1.44
-1.24
3.76
0.73
0.86
-0.20
0.54
0.54
0.67
1.81
1.25
-1.49
0.03
1.35
-0.62
0.07
-0.23
1.38
-0.94
0.33
0.00
-5.63
-2.38
0.64
-0.32
1.58
-0.21
-1.18
1.51
0.38
0.76
-0.89
2.21
1.25
0.70
-0.43
0.33
-0.93
-0.33
-0.77
1.62
-0.73
0.64
1.60
-0.49
-0.07
1.42
-0.88
0.49
-2.29
1.91
-0.26
1.35
1.98
0.25
0.06
1.52
-0.16
0.22
0.62
4.56
1.51
1.37
-0.84
1.63
-1.29
1.30
-1.52
-1.22
0.06
0.62
0.09
1.84
0.14
-1.46
-4.79
-2.65
2.48
-0.83
1.54
0.33
-0.51
0.40
-0.06
0.06
-1.42
1.17
-1.00
1.01
-1.61
0.46
0.18
0.00
0.74
-2.62
-1.53
1.05
1.23
3.32
0.78
-0.03
0.63
-0.09
1.42
0.79
-0.61
-0.26
-1.02
0.27
1.18
-0.64
-0.47
0.09
0.12
0.38
1.23
0.61
-0.49
1.88
0.20
-0.91
0.80
-0.99
1.49
-0.45
-0.06
-0.17
0.99
0.68
2.01
-0.55
0.00
1.38
0.00
-0.11
-0.11
-0.74
0.80
-0.79
0.77
0.65
-0.51
-0.41
1.12
0.14
0.81
-0.48
-2.12
1.70
-1.94
0.19
1.13
0.63
1.59
0.48
0.61
0.89
-0.42
-1.20
-1.48
1.34
-1.57
1.89
0.77
2.23
0.46
0.51
-1.09
-0.08
-0.26
1.86
0.15
0.86
0.65
1.37
1.08
-0.15
-0.41
1.17
0.65
-1.49
0.63
-0.80
0.27
-0.12
-1.15
-0.49
-4.56
0.75
-0.23
-0.08
-1.40
1.70
0.85
0.20
1.35
2.32
0.10
-0.59
2.32
-1.86
0.05
-2.12
0.65
-2.37
-0.69
-0.44
1.58
-0.31
1.69
2.16
0.71
-0.78
0.37
-1.23
1.17
1.23
1.16
1.89
1.15
-2.28
0.31
0.50
-0.21
-0.73
-0.79
0.91
1.36
-1.90
-0.81
-0.80
1.14
-0.96
-1.63
2.17
-0.05
-0.07
-1.77
1.28
0.24
0.68
0.82
-0.48
0.38
0.05
0.84
0.45
-1.18
1.08
-0.43
0.36
0.66
1.17
2.69
-0.95
-0.14
2.13
0.13
0.76
0.44
0.60
-1.19
-0.09
0.91
-1.17
1.69
0.55
0.57
-2.34
-0.51
-2.19
-1.00
-2.70
-1.00
0.26
3.03
0.19
0.76
0.23
-1.83
0.77
-0.14
-0.83
1.10
0.72
0.41
0.27
1.14
-1.08
-0.98
0.28
-1.24
0.42
-0.56
2.28
-0.89
-0.23
1.20
0.34
-0.43
1.09
0.38
1.14
1.84
1.18
-0.26
-0.09
1.10
-3.48
-0.27
0.98
2.42
1.09
-0.70
-0.21
-0.66
-1.14
-0.96
-0.40
-2.61
-1.95
-0.93
0.14
-1.10
-0.66
-1.33
0.05
-1.20
1.31
2.04
-0.26
-1.77
0.29
-0.24
-0.72
1.52
-0.26
0.55
0.90
0.42
-0.56
-0.94
-0.19
-0.88
-0.58
0.44
0.14
-0.22
0.75
-1.08
0.39
0.72
-1.82
-1.41
1.24
-1.47
0.52
-0.30
-0.25
1.46
1.17
-1.09
0.59
1.58
0.67
-0.17
2.47
0.12
-0.56
0.09
-0.56
0.80
-1.02
-2.56
2.17
-0.57
4.86
13.14
-0.54
2.25
-0.83
3.13
-0.77
8.04
0.07
-0.34
0.16
-0.88
0.29
0.74
-0.91
-0.38
0.82
1.96
-1.68
-1.49
0.64
0.58
-0.34
0.20
-0.36
-1.67
0.94
3.03
2.94
-0.84
-0.23
-2.33
0.30
1.72
0.33
2.76
0.88
-0.42
0.24
0.32
2.28
-1.77
0.53
-1.06
2.38
1.20
0.21
0.27
1.58
0.54
-0.87
-1.30
0.93
0.72
-0.35
1.08
-0.54
-1.27
-1.99
2.01
-0.99
0.11
-0.57
-0.39
-0.11
13.42
-0.17
-3.39
1.34
-1.46
-2.80
3.17
2.91
0.55
-1.27
-0.23
0.00
0.76
0.12
-0.57
-2.80
-1.35
1.87
-2.11
8.96
2.07
0.47
-2.31
1.76
-1.42
2.45
-0.08
-1.20
-0.72
0.00
0.80
0.14
-1.54
-1.90
-0.64
3.87
-2.00
-0.69
-0.68
0.71
0.89
0.21
1.11
0.96
-0.80
1.56
-1.72
1.39
-0.45
-0.36
-0.73
-0.11
-1.36
-0.93
-0.13
-2.14
-1.03
-1.62
-1.03
0.35
0.36
0.10
-0.07
-0.81
1.04
2.96
0.49
-0.09
-3.78
0.38
-1.23
0.83
0.98
-5.36
0.41
-0.74
3.47
2.49
0.54
30.88
-4.43
5.34
-0.75
1.71
0.41
-0.95
0.65
0.12
1.06
-0.55
-0.66
-1.21
1.24
-0.32
