2.25
-1.58
-7.91
-0.63
1.66
1.44
-5.25
1.25
-2.02
-1.16
-2.65
-0.47
1.68
-2.33
1.16
1.88
-0.98
4.15
-0.15
-4.79
-2.83
1.19
-4.74
-5.65
-1.84
3.68
-1.40
6.97
5.74
4.80
-8.32
-1.85
3.88
-2.88
0.16
0.49
2.89
0.32
5.28
1.71
0.30
-2.56
0.05
-2.47
3.72
1.45
2.31
0.62
-1.29
2.56
-1.18
2.24
-2.10
1.29
-2.26
-1.16
-0.34
3.77
0.33
0.70
2.24
-1.37
-1.62
0.42
1.45
3.32
-1.47
2.67
1.99
-1.26
-0.09
0.35
0.70
-1.04
-2.19
-0.54
-1.85
0.37
0.41
-2.64
-0.23
1.74
-1.06
0.14
1.86
0.64
-0.73
3.34
-2.52
-0.32
-1.41
2.08
-0.45
-1.27
-0.88
1.16
1.70
2.44
0.57
-1.27
1.87
-0.35
2.49
2.90
-0.17
1.41
1.02
1.30
0.48
-2.15
-1.75
-0.29
1.95
-1.47
1.86
-1.34
1.03
-0.86
0.66
-6.41
-5.98
2.55
2.94
-0.48
0.66
-1.01
1.77
0.13
-0.09
0.13
1.22
-0.60
0.69
0.21
0.21
-1.03
1.51
-1.40
0.09
0.56
2.96
-0.79
1.72
-1.03
-0.08
-0.67
-0.08
1.18
1.62
0.78
1.06
-1.08
1.06
-1.57
1.39
-1.41
-0.24
-0.29
-0.82
0.29
0.33
-3.13
0.47
0.42
0.00
0.21
0.34
3.18
-0.28
0.57
1.82
0.52
-2.13
1.29
-0.88
1.45
1.27
-0.39
-1.97
0.12
0.44
2.83
-0.54
-1.13
0.83
3.05
-1.90
0.70
0.61
0.15
1.56
0.60
-1.42
1.40
-0.90
-0.83
-1.03
-1.19
0.89
-0.46
0.89
0.11
-0.08
0.69
-0.76
0.19
-0.57
0.35
0.38
0.88
-1.74
-0.66
2.48
2.92
3.02
1.14
-1.59
-1.33
-0.47
1.68
-0.43
1.15
1.43
1.90
-0.90
-0.84
0.70
0.21
0.49
-0.55
-0.66
1.72
-0.14
2.28
1.08
-4.34
2.16
-0.27
2.06
-0.23
-2.52
-0.38
-0.94
0.14
2.27
0.17
0.10
-1.19
-1.00
-0.77
1.16
2.25
-0.07
-0.31
0.51
-1.22
1.58
-1.99
-1.38
-0.03
0.14
-0.17
0.28
0.17
-0.84
1.79
2.03
-0.41
1.05
-2.28
-1.06
-0.83
0.84
0.21
0.66
-1.69
0.28
-0.07
-0.31
2.21
-1.75
3.32
-9.26
-0.97
1.32
-1.82
-1.06
0.80
0.30
-0.68
2.05
-1.94
0.57
0.34
-3.05
-0.23
-0.97
0.28
1.76
1.54
1.78
-0.11
2.95
-3.48
-1.84
-0.38
-0.42
-0.81
3.38
2.22
0.44
0.15
0.26
1.28
0.25
-0.79
3.01
-1.13
-1.21
-0.22
-0.51
-1.38
-0.26
2.32
0.97
1.57
-0.18
2.08
1.21
1.50
4.10
-0.97
0.85
-0.03
0.48
-1.25
0.42
-1.39
1.78
0.87
-0.80
0.55
1.70
1.64
-3.26
-0.61
0.94
1.02
-0.86
-0.35
1.31
0.70
0.16
-0.47
1.70
0.81
-1.01
0.93
0.83
0.03
-2.41
-1.22
1.58
0.81
0.71
0.09
1.66
0.09
-0.66
0.88
2.74
-0.91
-0.35
-0.09
-2.40
-4.86
-2.33
1.37
-2.19
1.78
1.10
0.80
0.99
0.60
-0.06
-0.19
2.20
0.74
2.87
0.89
-0.12
0.82
-1.17
-1.42
-0.75
-0.63
-1.58
-1.33
-1.31
0.73
0.22
-0.97
-0.19
-3.11
0.26
1.31
1.94
-0.92
-2.52
0.66
1.30
1.58
-0.89
0.73
0.89
-0.44
1.10
0.25
2.62
0.76
-0.21
1.90
0.65
-2.18
-0.51
-1.00
-0.49
-1.63
-0.44
-0.75
2.78
1.60
-0.06
-2.06
-1.36
0.69
0.93
-0.37
0.77
-5.58
0.26
-0.32
0.49
-0.29
0.00
-1.23
1.54
-2.69
-1.10
-0.17
2.69
-0.16
0.13
1.80
-0.42
1.04
-0.77
-0.48
1.36
-2.18
2.55
-1.69
-0.36
1.79
1.44
-0.79
4.10
0.40
0.55
-0.64
0.12
0.33
0.00
0.55
0.48
0.33
1.32
-0.65
-1.25
1.20
1.40
-0.29
0.59
-0.82
-2.47
0.73
-0.48
0.48
-1.89
1.38
-1.00
0.15
0.21
-0.33
0.97
1.72
-1.16
0.03
1.08
-0.24
-0.71
0.36
-0.54
0.99
0.68
-2.33
1.60
0.86
3.51
-0.23
2.85
1.42
-1.29
0.78
2.12
-0.27
1.65
-2.18
0.65
2.65
-2.42
-1.78
1.04
-3.39
-3.12
1.19
-0.57
-3.40
-0.21
-0.69
-0.21
3.95
1.63
-1.51
0.70
-0.89
0.32
2.52
-0.14
-3.00
-0.12
-2.78
1.35
0.36
2.66
0.32
3.01
2.45
-0.05
-2.67
-0.28
-0.03
0.87
0.81
1.24
-1.66
-4.40
-3.68
4.99
-0.17
