0.16
-0.36
-1.76
-1.15
-1.27
1.17
-2.11
1.82
-0.03
-0.39
-0.05
-0.87
1.86
-1.09
1.03
0.62
1.57
1.73
-0.90
-1.09
-0.70
-0.34
-2.83
-0.40
0.53
-0.53
-0.20
0.68
2.93
1.20
-1.71
1.69
-1.16
-0.04
0.40
0.28
1.58
-0.50
0.86
-0.57
1.08
-0.40
-0.42
1.67
-0.54
0.83
0.21
0.21
1.32
0.46
0.91
0.80
0.41
0.28
0.79
-0.82
1.17
1.36
0.53
0.55
1.33
-1.30
-1.20
0.54
-0.84
-0.05
-1.12
0.05
1.80
0.63
-0.05
-0.06
-0.26
0.26
-0.90
-3.36
-0.39
-0.14
0.33
-0.74
-0.34
0.93
-1.45
-1.22
0.55
-0.04
0.44
1.11
-1.44
0.17
-0.64
0.43
-0.77
0.60
-0.41
0.88
-0.28
1.93
0.30
-0.57
0.69
0.33
-0.33
0.20
-0.85
0.81
0.11
-0.25
-0.59
-1.96
-0.44
-0.86
-0.41
0.99
-0.23
0.12
-0.55
-0.53
0.93
-2.59
-3.02
1.56
2.67
2.23
-0.72
-0.76
-0.16
0.20
0.97
0.21
1.83
0.43
0.61
-0.25
-0.37
0.35
0.42
-0.42
1.43
-0.41
0.07
0.47
-0.19
-0.29
-0.31
-0.72
-1.08
0.01
0.10
-0.34
-0.06
-0.47
0.86
-1.06
0.16
-1.11
-0.15
0.99
0.72
-0.23
1.06
-0.29
0.24
0.25
-0.05
-0.19
-0.10
-0.17
1.77
-0.86
0.05
-0.92
-1.64
0.17
-1.21
-0.51
0.41
-0.73
-0.56
-0.16
0.10
0.58
-0.45
-1.32
0.10
0.65
-0.63
0.72
-0.34
-1.24
-0.44
-0.23
-0.57
-0.12
-1.68
0.28
-0.74
0.68
-0.18
0.77
0.73
-1.48
-4.95
0.17
-1.01
-0.32
-0.63
-1.03
1.00
-1.84
-1.25
2.40
-2.41
-0.18
0.21
0.76
0.99
2.18
2.36
-1.39
0.74
1.77
-0.65
-0.05
-0.36
1.22
0.57
-1.62
0.41
-0.48
-0.63
0.66
0.03
0.42
2.05
1.03
0.00
1.10
0.07
-2.17
0.25
-0.32
0.21
0.32
-0.71
-0.48
-0.11
-0.27
-1.66
0.44
0.74
0.84
1.19
-0.17
-0.57
0.87
-1.01
0.81
-0.23
0.11
-0.43
0.48
-0.07
0.88
-0.29
0.42
1.07
-0.59
-1.14
0.59
0.75
-0.25
0.67
0.47
-0.29
0.48
0.05
0.01
0.83
0.48
0.00
0.91
0.90
0.59
-0.25
2.09
-0.61
1.01
-0.12
-1.70
0.90
-0.61
-0.55
-0.71
0.84
-0.37
-0.18
0.82
-0.68
-0.26
1.28
-0.27
-0.42
-0.05
-1.68
-0.03
-0.33
-0.36
-0.79
0.19
0.71
-0.27
0.82
-1.87
-1.10
-0.46
1.26
1.00
0.27
0.64
-0.66
-1.86
1.47
0.74
-0.17
1.01
-0.11
-4.00
-1.47
-0.58
-0.39
-0.75
0.59
-0.65
-0.68
-0.15
1.06
0.01
0.86
2.26
-0.65
0.21
1.79
-1.92
-2.50
0.19
0.07
-0.03
-0.56
-0.34
1.46
-0.08
-0.98
0.23
2.01
0.03
-0.51
-1.35
-0.55
-0.37
0.55
1.93
3.65
0.35
0.97
-0.41
0.08
-1.23
-1.07
0.80
0.33
0.61
0.43
1.30
-0.56
-0.03
0.33
-0.19
-1.02
0.72
-0.17
-0.45
0.03
1.41
-0.15
0.36
0.51
0.39
0.00
0.35
0.47
1.83
1.08
-0.57
1.05
-0.66
0.67
-1.18
0.66
-0.79
0.15
0.46
-0.36
-0.51
0.28
0.87
-0.46
0.81
-0.63
-1.08
0.25
0.17
-0.34
-0.06
0.58
0.05
-0.68
0.54
0.82
-0.12
-1.54
-0.87
-1.04
0.48
1.31
0.99
-0.84
0.33
0.53
0.90
-0.14
0.94
-0.43
0.61
0.06
0.13
1.60
-0.15
0.06
0.56
0.19
-0.01
-0.11
-0.87
-0.20
0.84
-0.09
0.60
-0.15
-0.01
-0.22
0.94
-1.62
0.31
0.53
1.46
-4.65
6.84
-1.55
-2.62
0.53
0.41
0.95
0.85
0.55
-0.90
1.22
0.97
-0.32
0.44
-0.62
1.26
-0.03
1.69
1.97
-0.13
-0.26
-0.33
0.67
-0.24
-0.09
-0.31
1.38
0.16
0.61
-0.22
-1.34
2.45
1.36
0.35
0.02
1.13
-0.56
-0.41
0.61
-0.50
-0.28
-0.11
-0.32
1.27
-0.26
-0.03
-1.58
0.92
0.21
0.92
-1.01
-0.21
0.59
0.57
-0.75
1.81
2.83
-0.56
-1.84
0.20
-0.91
0.94
-0.04
-2.50
-0.55
0.26
0.46
-1.45
-2.48
1.35
-0.26
-3.52
1.97
2.82
0.02
2.57
-1.31
0.50
0.10
-1.25
0.15
-0.70
0.63
-0.98
-1.18
-1.04
0.72
1.62
0.32
-0.47
0.35
2.56
0.48
0.49
-0.75
0.85
-0.34
-0.31
0.25
-0.01
-2.65
-1.37
2.71
-0.97
