-3.54
-8.90
-7.47
-6.83
-12.67
-24.77
-3.56
1.01
-18.75
1.28
-1.95
-4.47
6.76
-12.65
-1.64
4.60
22.20
17.57
-13.47
-19.44
0.15
0.00
0.00
0.00
0.00
0.00
0.00
0.00
0.00
0.00
0.00
0.00
0.00
0.00
0.00
0.00
0.00
0.00
0.00
0.00
0.00
0.00
0.00
0.00
0.00
0.00
0.00
0.00
0.00
0.00
3080.73
-9.49
-1.02
-3.89
-0.77
-3.10
1.60
-0.26
0.53
0.26
0.52
-1.77
3.38
-1.32
-1.52
-3.68
-0.60
-1.12
-2.09
3.07
3.58
2.39
4.68
1.04
-0.59
-1.28
0.85
0.50
3.41
0.24
-0.10
-0.10
-2.15
2.44
-1.43
-1.98
0.30
-2.95
-4.15
2.48
2.42
0.00
0.65
2.00
-0.54
0.79
2.79
-1.33
1.25
-0.05
1.24
-0.28
-0.24
-0.66
1.62
-0.19
0.00
0.42
-0.65
-0.33
0.76
-1.36
0.67
0.24
-2.31
0.72
-1.67
-1.85
1.59
0.05
0.00
-1.95
0.75
-1.78
0.55
0.00
-0.10
2.20
3.82
-0.33
0.38
0.14
-2.40
-1.59
-0.25
-1.87
-0.20
0.35
-0.40
0.15
-0.25
0.10
-0.25
-3.12
-0.05
-0.88
-3.57
-0.65
2.24
-2.57
4.84
-0.21
-2.57
-0.65
-0.38
0.76
-0.49
-0.16
-0.38
0.76
-0.33
-0.27
-1.47
3.10
-0.81
3.19
1.15
-0.78
0.21
0.89
-1.29
-1.15
-0.69
0.00
0.80
0.79
-2.31
0.70
-0.96
2.37
-2.32
0.86
-5.98
-0.06
1.42
0.56
0.95
0.22
0.06
-2.53
-0.28
-0.23
-1.87
2.20
-0.34
-0.28
-0.51
-0.57
-0.40
1.16
-1.89
-1.52
-2.19
-1.63
0.31
-2.08
-1.00
0.57
-2.83
2.65
-6.43
-2.29
0.21
-2.48
-5.86
-11.77
-0.76
-5.14
6.59
0.93
2.35
6.31
-2.31
5.21
-5.40
1.11
0.16
1.41
1.93
-1.06
1.00
0.45
2.11
-2.96
1.52
-0.30
0.53
-3.37
3.56
-0.52
0.75
2.01
3.73
-1.41
-2.22
-1.83
1.71
0.73
0.44
5.36
-1.10
-3.06
0.29
-2.43
-0.51
1.62
5.14
-3.58
0.79
-0.71
0.00
6.43
-4.23
0.84
0.69
0.00
0.62
2.74
1.00
0.59
4.86
2.13
-1.35
1.24
0.68
-2.07
-0.31
-1.00
0.25
0.63
-0.81
0.57
-0.38
-2.27
0.00
0.13
2.19
0.13
-2.96
0.06
-3.76
-3.63
-0.77
1.62
-0.83
1.61
0.27
1.23
1.35
0.40
-1.86
0.07
3.52
-3.66
-2.65
1.12
1.31
3.88
4.59
2.63
2.08
1.62
0.06
2.47
0.00
-0.17
-5.06
0.67
1.93
3.19
-1.09
-1.39
1.12
-1.33
-1.35
-0.06
-0.24
-0.66
2.35
-0.94
-0.59
-3.58
-0.87
1.56
1.78
-0.12
-0.12
0.42
-2.78
1.18
-0.49
-0.25
0.49
0.00
2.15
-0.30
0.36
-0.24
0.06
-0.60
3.03
-0.82
1.36
1.76
2.19
5.29
-1.44
-1.52
0.11
-0.06
0.17
0.66
-0.22
-0.55
-0.72
-0.39
-1.61
-4.52
-2.78
-0.43
-3.24
-2.28
-0.97
-3.66
-1.76
-0.76
0.63
-1.52
1.26
-0.35
0.00
0.14
-0.90
-0.21
4.50
0.54
-3.88
-6.19
0.15
3.48
2.29
-2.45
-1.79
-0.95
1.92
0.94
-2.51
-1.03
-7.43
3.69
2.24
-1.14
1.30
-1.51
-0.23
2.08
-3.32
