-1.86
-1.72
0.35
-0.35
1.75
-1.90
-2.11
0.72
-4.10
-2.97
1.72
2.07
6.09
-2.43
2.85
10.75
3.76
17.65
0.90
-3.30
-1.71
2.27
-5.62
1.39
-1.50
4.30
-4.39
0.28
3.05
0.00
-1.88
-0.69
-1.66
-2.11
1.15
1.56
-2.65
5.45
1.36
0.54
0.00
-0.27
-0.67
-0.27
1.08
-0.27
0.40
1.47
-3.55
0.95
-0.41
1.36
-1.07
-1.22
-0.41
0.14
0.41
3.15
0.66
0.00
0.13
-0.79
-0.27
0.27
-1.33
-0.94
0.81
1.35
3.45
0.90
2.42
0.37
1.61
-1.71
0.87
1.72
1.57
1.90
-0.12
-3.04
-1.33
2.08
-1.32
-0.61
-1.46
-4.21
6.98
1.57
0.71
2.01
-1.85
-0.12
-4.84
-0.25
0.50
2.23
0.85
3.60
0.58
-0.46
-1.04
1.29
-0.46
1.04
0.34
-4.23
-2.03
2.07
1.19
1.89
0.46
0.69
0.34
-0.23
-3.09
1.42
-4.07
-2.91
3.62
-3.38
1.25
-0.12
2.22
2.17
-0.71
-1.31
0.00
1.09
4.77
1.82
0.00
0.78
-0.11
1.00
1.98
-4.42
2.26
-0.55
0.22
-1.66
1.80
-2.43
2.49
1.00
-0.55
-1.65
0.22
0.00
1.01
-1.77
-0.56
-0.79
-0.80
-0.23
-2.65
0.71
-1.76
6.83
0.22
-0.11
0.22
0.67
-0.22
-0.22
-0.33
-0.34
0.00
0.22
0.34
0.11
0.33
-0.56
-0.78
0.68
-0.56
0.45
0.67
-1.67
1.13
-0.45
0.11
0.56
0.00
-1.12
0.79
0.22
-0.22
0.45
0.89
-1.44
0.11
0.11
-0.22
0.67
-0.45
0.34
-0.33
0.00
-0.22
-0.34
-0.56
0.11
-0.68
0.68
0.23
4.06
1.41
0.85
-0.95
-0.11
0.21
-0.21
0.64
0.53
-0.11
0.85
-1.26
1.60
0.52
0.00
5.83
2.46
2.59
0.19
0.37
3.35
2.43
3.52
-2.63
-1.22
2.65
-3.36
3.12
-0.35
2.60
13.60
-0.45
-1.12
0.76
-1.05
2.20
4.89
-0.14
2.55
-1.17
-2.86
0.86
-0.71
0.00
0.07
-0.50
1.59
3.97
-2.53
-1.19
-1.42
2.08
1.34
-2.64
-1.28
-4.12
-0.08
-1.58
-0.46
-2.31
5.60
-9.86
-7.13
1.69
-3.16
3.35
-2.80
-3.07
2.14
-1.09
-0.83
-0.46
0.47
0.37
1.85
-3.63
-0.19
1.13
0.09
-0.47
2.06
-0.28
0.18
-0.28
-2.12
3.20
-1.92
0.19
-2.97
-0.67
-1.64
-1.86
0.00
3.69
2.69
3.84
3.34
0.79
-5.81
-1.20
-2.42
2.86
-0.19
1.39
0.27
-1.83
1.68
-0.46
5.70
-3.13
-4.22
3.38
0.18
-1.63
1.10
-2.28
-2.80
2.88
3.08
1.45
2.94
3.03
1.01
-1.33
3.88
-1.79
-1.16
3.51
-0.65
-2.03
3.07
4.59
-0.46
0.15
4.32
-3.77
-0.23
0.00
-1.77
-1.49
2.95
-0.54
-0.93
2.12
0.69
2.29
-0.30
-0.75
2.72
2.28
1.22
-3.41
2.65
-1.43
1.74
-0.14
3.36
-4.70
0.29
-0.36
0.65
0.00
1.08
0.43
1.56
2.10
2.40
-0.13
2.21
2.30
0.06
-0.51
-4.89
2.37
1.92
1.36
1.02
-0.89
1.21
0.19
-2.90
-1.43
1.25
-3.51
-0.13
0.20
1.48
-5.31
1.89
1.03
-1.09
0.69
1.71
-1.55
0.27
2.86
-0.26
-2.06
-3.46
0.00
2.95
0.55
-0.20
0.34
0.07
0.54
-0.61
0.07
0.47
3.64
2.34
-3.18
0.26
1.96
-0.90
-4.02
0.74
-0.60
-0.67
-0.88
1.44
0.27
0.74
0.33
4.06
-0.70
0.32
0.19
2.50
0.81
1.18
4.11
-0.29
-5.20
1.93
-1.65
0.62
0.56
0.86
-1.77
-0.19
-0.68
-2.44
-0.90
-4.85
2.11
2.53
-0.39
-0.98
0.26
0.53
-4.11
-2.18
0.07
-2.78
2.86
-1.18
2.25
0.00
1.93
-5.34
0.29
-0.14
-0.78
0.93
0.28
0.85
1.20
1.74
0.75
-0.34
3.88
-0.98
-0.40
1.86
-1.89
-1.93
-1.90
1.80
-0.41
1.23
-0.07
2.02
-1.32
0.47
-0.80
2.82
-1.83
-1.73
0.68
-0.34
-1.42
-0.68
-2.14
-5.92
-4.64
0.86
1.79
0.54
3.42
-1.32
-1.64
1.36
2.17
-1.02
-0.96
0.67
-2.30
5.16
-0.43
1.23
11.24
1.03
-0.83
-0.51
-0.06
-5.68
-1.03
-3.46
-5.45
3.34
4.55
-0.77
1.34
0.07
-0.56
3.58
-2.17
0.28
-0.76
-0.28
1.46
0.76
0.55
-1.02
-2.12
0.35
2.72
0.14
0.47
0.47
1.61
0.86
-2.23
-2.01
-0.96
-0.35
1.18
1.17
-2.03
-1.18
1.68
-1.58
-1.89
-1.35
