1.28
-1.37
-0.88
-1.69
0.33
1.00
-2.13
2.25
-1.27
0.39
-1.54
0.73
0.84
-0.84
1.04
-2.10
-2.32
2.99
0.16
-0.67
-0.71
-2.92
1.63
-1.11
0.68
0.75
-1.37
0.37
1.53
1.65
-0.55
-0.40
1.30
-0.45
0.04
0.87
-0.71
-0.85
3.07
1.00
-0.33
-0.04
1.08
-0.36
-0.17
1.30
0.30
-0.23
-1.24
-0.92
-0.79
1.40
1.05
0.44
0.09
-0.02
-0.45
0.93
-0.19
-0.58
1.49
1.30
-0.29
2.56
-0.38
-0.11
-0.56
0.53
1.12
0.88
-0.55
0.66
0.62
-0.49
0.04
0.25
-0.92
-0.32
0.48
-1.01
-1.61
0.84
-0.40
-0.49
-1.31
-0.91
0.93
1.07
-0.68
-0.35
-0.44
1.43
-0.60
0.64
-0.16
0.97
-0.34
1.24
1.74
-0.32
0.16
-0.39
0.12
0.87
-0.32
0.94
-0.30
1.09
-0.76
-0.65
-1.23
0.25
-0.28
2.51
-2.80
0.45
0.20
1.40
1.12
-3.12
-1.02
0.49
2.64
0.98
0.57
0.10
2.00
-0.64
0.97
-0.02
0.44
-0.08
0.17
-0.03
-1.02
-0.61
0.22
0.00
0.05
-0.44
-0.34
0.41
-0.29
0.39
0.00
-0.56
-1.17
0.33
10.41
-1.57
-0.59
0.24
1.58
-0.44
-0.05
-0.44
0.40
0.54
-0.42
0.30
0.05
-1.34
-0.65
0.85
0.25
-0.48
0.13
0.18
0.13
0.41
-0.59
0.59
-1.19
1.12
-2.18
-0.74
1.68
-0.16
-1.53
0.99
1.23
0.51
-0.10
-1.29
0.68
1.17
-2.20
0.81
0.18
-0.10
0.54
-0.22
0.18
1.80
-3.08
-0.44
1.38
-0.59
-1.00
0.93
-0.35
0.08
-1.16
-0.74
1.98
-1.74
0.69
-4.00
-0.20
0.99
-0.78
-0.70
0.67
2.09
0.77
6.07
1.22
-1.55
-0.66
0.19
-1.60
0.11
-1.32
0.70
-0.96
-0.10
0.92
-0.66
0.63
-1.61
-0.70
0.61
-1.44
0.05
-0.36
0.10
1.85
0.80
0.11
0.02
0.92
0.11
-2.08
-1.05
-1.77
0.25
-0.03
0.39
-0.87
-0.39
-0.29
2.17
-0.03
-0.03
0.27
1.38
-1.93
2.85
0.94
0.21
-1.38
-0.50
-1.37
3.65
-1.15
-0.97
-0.21
0.20
0.90
-0.52
0.91
0.18
3.35
0.17
1.01
-1.14
0.19
0.11
-0.37
0.97
1.37
-0.76
0.15
0.20
0.14
-0.29
0.86
0.47
-0.47
0.03
0.52
-0.20
0.76
-0.17
-0.77
-0.24
0.14
-0.44
-2.21
0.08
0.78
-0.80
-0.44
0.33
-0.31
-0.64
-0.35
-0.16
0.02
0.24
0.47
-0.30
0.14
-0.11
0.32
-0.16
-0.52
-0.17
-0.92
0.05
0.75
-0.70
0.30
-0.84
0.59
-0.14
-1.06
0.40
0.26
0.64
-0.19
-0.40
0.08
0.51
1.48
-0.39
0.93
0.06
-1.12
1.03
0.77
-1.33
-0.09
0.44
-1.24
1.41
-0.17
0.41
0.80
0.59
0.17
-0.18
-0.06
0.35
0.23
0.32
-0.61
-0.61
-0.94
-1.34
1.88
0.00
-1.74
0.16
-0.28
-0.35
1.13
1.33
1.44
0.86
0.21
-0.36
-0.58
-0.58
-1.26
-0.39
0.28
-0.17
-1.65
0.10
-0.52
-0.78
0.71
0.18
0.27
-0.71
-0.32
0.34
0.51
-0.49
-0.10
-0.34
-0.90
3.06
0.66
-0.36
0.06
-0.75
0.13
-0.66
-0.41
-0.83
0.27
-0.50
0.32
0.46
-0.27
0.32
-1.37
-0.57
0.78
0.73
-0.43
0.90
0.37
0.60
-0.32
0.00
1.17
-0.05
-0.33
0.60
0.50
-0.08
1.34
0.51
-0.02
1.02
0.06
-0.26
-0.06
-0.24
-0.29
-0.72
0.08
-0.64
-0.29
-0.43
-0.40
0.81
-0.28
0.36
0.00
-0.08
-0.34
0.20
-1.05
0.08
-0.69
-0.08
-0.19
0.46
0.38
0.20
-0.75
-0.46
-1.04
-0.74
-6.05
-6.06
0.69
0.45
0.05
1.25
-0.32
-0.52
1.12
-1.30
-0.68
-0.20
-0.35
0.68
0.05
-1.99
0.31
0.18
-0.04
0.37
0.70
0.78
-0.16
1.09
0.63
-0.80
-2.55
0.77
1.46
1.39
1.30
-0.28
-1.58
0.41
-0.04
0.02
-0.21
0.87
-0.42
-0.04
0.00
0.46
-0.58
-0.09
-0.14
1.62
-0.11
-0.58
0.25
0.88
0.52
1.84
5.81
-0.06
-1.45
0.25
-0.05
0.73
-0.84
0.20
1.21
-0.66
-1.59
-2.31
1.03
-2.17
-3.69
-1.67
0.76
-2.06
0.26
1.02
-0.96
0.00
1.99
0.54
-2.33
-0.78
0.04
0.55
2.17
-2.39
-0.91
-0.96
1.23
0.07
-0.18
0.31
0.53
0.69
0.40
0.02
-1.03
0.82
0.76
-1.87
0.02
0.09
-1.04
-1.31
1.18
-0.54
