-0.47
-11.60
-5.41
-3.00
-7.05
-4.47
-7.07
6.21
-10.25
-5.65
2.34
11.83
2.62
-9.76
3.81
3.55
4.80
6.11
0.10
-10.27
7.78
-2.44
-7.94
-7.57
-6.78
-2.19
-0.98
6.09
-1.20
0.14
-6.48
-2.89
11.29
-6.14
2.70
2.35
8.66
2.24
-3.05
14.32
9.56
10.33
0.27
-8.25
3.56
1.05
5.38
-0.63
1.98
1.86
-0.61
1.57
-1.72
-1.05
-9.90
0.98
-1.26
2.36
1.25
5.79
-5.21
-0.28
0.95
3.67
1.81
4.99
-0.93
12.43
-1.52
1.47
-0.76
2.69
4.42
0.79
-1.42
3.46
-3.56
4.41
2.77
-3.30
-1.81
-3.83
-5.61
-4.85
-0.82
-0.33
-4.90
4.37
4.36
-1.04
-0.24
3.90
0.63
-1.56
0.63
2.90
0.61
-1.29
3.99
-2.73
-2.05
1.32
1.22
1.13
-0.45
4.80
4.73
-0.62
-1.86
-5.89
-1.04
-0.38
-1.28
-2.99
3.87
10.03
4.21
-2.25
3.53
-4.45
-6.37
8.20
2.44
-0.86
4.46
-6.12
0.82
-0.67
1.22
-1.54
6.19
-1.99
-0.13
-0.39
-0.20
-2.83
0.61
-2.83
-2.15
-3.76
1.47
-4.72
1.68
2.17
-5.28
-0.15
4.03
-0.07
3.43
2.74
1.19
-3.05
3.36
1.87
1.22
1.81
3.49
6.24
0.72
-6.90
5.05
-2.25
-0.31
-0.37
0.25
-2.75
-3.41
0.60
2.51
0.97
0.32
6.69
-6.39
-1.28
-7.30
-2.30
1.78
-0.14
-1.05
-1.56
5.62
1.50
-2.56
-0.55
-2.43
7.97
4.74
-0.57
1.08
-2.19
3.13
-0.25
-3.23
1.03
-4.07
-0.93
-1.07
-1.35
-2.74
0.14
3.17
0.34
-0.41
-0.34
-2.81
0.49
-2.11
-1.65
-3.94
0.68
-3.69
10.72
-3.25
3.36
0.71
4.42
1.75
-1.65
0.27
5.16
-0.89
-0.64
1.03
5.51
0.42
1.39
-2.98
-4.55
-3.80
20.80
-0.94
1.73
1.04
-0.22
0.38
-0.22
-0.71
1.32
1.68
-3.19
0.22
1.92
-0.43
-1.08
-1.26
-0.22
0.11
0.44
-1.60
-1.57
-1.48
2.60
1.63
0.72
-1.65
-2.68
0.46
1.20
-1.41
0.06
-0.06
-0.63
-0.35
1.97
-1.08
1.61
0.28
0.00
-1.92
-5.05
1.33
-0.96
0.54
3.30
-4.12
-2.97
-0.94
1.07
0.87
-0.80
2.18
-0.67
-0.80
0.37
0.92
-3.79
1.40
-1.56
0.76
0.95
2.81
-1.88
0.25
1.79
-1.15
-8.66
8.07
0.56
-1.98
-3.28
1.57
-0.06
-0.58
0.13
-2.78
-0.20
-2.26
-0.48
0.96
3.25
4.07
0.00
-0.32
0.13
2.02
-0.99
2.07
-0.31
1.85
0.24
-1.14
-3.05
0.69
-1.75
-4.32
0.20
0.46
-0.07
2.97
-1.86
-2.81
-0.07
-0.34
-1.21
1.43
-4.58
0.85
2.10
-1.30
2.08
-1.50
-1.04
1.47
-0.76
-0.55
-1.60
2.90
-0.62
0.83
-0.21
-7.09
0.15
-2.96
-0.76
0.61
-2.90
0.47
0.78
-5.20
-0.98
3.72
0.64
3.09
-2.84
-2.14
1.21
-0.24
-3.44
-3.73
-0.17
-0.52
0.00
-1.56
0.88
2.27
1.20
2.45
-3.29
-1.28
-1.04
0.44
0.61
-1.38
0.17
1.75
-0.52
0.78
4.88
-1.22
-2.07
0.25
3.87
-1.30
0.41
1.06
-1.05
-2.62
1.09
3.90
3.12
-4.26
0.16
-1.37
-1.23
0.58
-4.04
-0.86
-2.95
-3.31
0.46
-0.92
1.11
1.19
-0.27
0.55
-1.18
-0.37
0.18
2.02
1.35
0.18
3.90
0.43
-3.99
1.59
0.87
2.76
0.17
0.59
0.17
-0.17
3.50
2.50
0.47
3.13
1.59
2.46
-1.46
0.22
0.22
1.25
1.02
-0.14
-2.38
0.22
0.29
0.44
-0.44
0.95
0.73
0.79
-1.36
-0.22
1.38
-2.15
0.59
-1.64
0.56
1.84
2.53
0.42
4.57
3.83
0.91
4.81
-1.04
-2.35
-1.01
-0.45
-4.57
-0.34
-1.83
3.65
-3.85
0.35
2.48
1.68
-4.30
0.55
1.30
0.61
1.62
-1.19
-0.13
-2.89
2.01
2.78
0.00
0.20
0.13
-0.53
-0.73
2.80
3.82
1.87
4.47
-0.88
2.13
-1.45
0.35
-0.82
2.66
1.67
2.55
-1.27
0.45
0.45
-0.83
3.91
1.18
-3.08
3.29
-0.80
-0.59
3.77
-0.31
0.31
-3.11
0.86
-1.17
-3.01
0.72
1.32
-4.94
-4.22
2.68
-5.22
-3.98
-1.08
4.90
-1.23
5.48
-3.72
-4.11
1.28
-3.47
-0.78
2.37
-1.29
-2.22
-3.20
0.07
2.27
1.95
-0.79
-1.53
0.20
2.63
-0.85
-1.79
0.34
0.27
1.41
-1.79
2.76
6.95
-2.94
-0.51
3.24
-2.77
