-0.64
-2.49
-4.98
-2.07
0.28
0.00
-5.52
0.97
-4.35
1.12
-3.88
-1.82
3.35
-2.46
2.04
-0.47
-0.79
2.82
-0.66
-4.71
-0.73
2.84
-2.64
-6.90
1.15
-1.00
-4.45
6.45
2.73
2.15
-1.11
0.17
2.25
-3.38
0.00
3.88
2.15
-1.83
5.63
0.08
0.11
-0.04
-0.15
-4.14
-1.60
0.16
5.48
-0.35
-1.85
-1.06
2.74
1.66
-1.29
-0.39
-2.21
-1.35
-0.84
0.24
1.17
-0.24
2.08
-1.92
-2.64
0.16
-2.87
0.13
1.52
1.95
5.29
1.12
-1.57
-0.12
2.84
3.59
-0.55
1.61
-0.61
0.07
-0.07
-1.09
-0.62
0.74
-1.36
-2.27
-0.42
0.31
-0.57
2.03
-1.01
-0.49
-1.30
1.24
-0.19
4.13
-2.31
0.60
0.22
2.16
1.35
-1.30
0.40
-0.58
0.44
-0.76
-2.71
1.17
-1.23
0.08
-1.73
-2.07
-1.10
-2.61
0.49
1.42
0.96
2.33
1.16
0.73
3.41
-10.15
-3.71
4.24
2.52
2.97
-0.23
-3.55
0.60
2.15
2.65
0.34
3.44
-0.77
3.09
0.04
0.71
-0.07
2.09
0.31
0.17
0.73
0.34
-0.72
-0.55
-0.45
-0.80
-1.75
1.50
-0.49
2.58
0.38
0.76
-0.78
0.93
-0.71
1.68
1.99
0.40
0.59
0.00
0.16
0.39
0.62
0.19
0.61
0.80
2.48
-0.40
-0.47
-0.06
-0.44
-0.19
1.10
-1.40
2.06
-2.42
0.32
1.24
-1.13
0.03
0.32
0.69
1.00
-1.02
-2.76
1.03
1.34
-2.30
3.29
-0.34
0.28
1.62
-0.52
-0.25
0.77
-1.17
-0.84
-0.56
1.07
-0.87
1.67
1.89
-0.09
1.64
-0.18
-0.09
0.72
0.68
-0.89
0.15
-0.63
-1.32
-0.33
-0.09
3.72
0.29
7.10
4.11
1.24
2.23
1.65
-2.03
1.99
1.15
0.32
-0.05
1.23
0.15
-1.61
0.40
1.87
1.93
-0.78
0.62
1.00
0.31
2.20
0.34
-1.72
-0.98
0.70
0.35
-0.70
0.28
1.56
-0.30
-1.34
0.63
0.14
-1.16
-1.10
0.24
1.89
1.32
-0.92
1.46
-2.60
0.82
1.42
-0.09
0.41
-3.79
1.68
-0.96
0.33
-1.48
1.84
2.64
0.36
-0.84
-1.21
-1.46
0.49
-1.33
5.46
0.45
0.54
-2.14
2.14
-0.33
1.25
1.72
0.98
-0.82
0.09
0.89
-0.09
0.13
-2.25
0.68
-0.37
2.50
-1.13
1.19
-0.56
-0.52
0.13
0.63
-0.41
-0.49
-0.15
-0.74
1.05
-2.83
-0.96
-4.33
-1.05
0.90
-0.31
-2.07
2.19
0.73
1.47
-1.36
-0.30
-0.47
-1.81
0.84
-0.33
-0.10
-0.79
-1.23
-0.93
1.97
-0.67
2.01
1.09
-1.65
4.21
1.63
0.23
-1.87
-0.39
0.85
-0.89
0.30
-0.46
-0.46
-0.14
-0.44
0.63
-0.53
-0.33
1.64
-0.12
-5.56
0.83
1.19
-0.33
1.82
0.50
0.00
0.49
-1.31
-1.28
2.08
-0.21
0.87
0.12
0.79
1.89
1.84
-0.13
0.67
-0.53
-0.49
-0.47
2.79
-0.48
-1.30
-0.67
-2.06
0.71
0.50
0.23
0.97
-0.42
2.36
1.21
-0.06
-0.17
-0.13
-1.11
-1.14
1.25
-0.70
0.29
-0.42
3.28
-0.24
0.17
0.26
1.93
-0.84
-0.25
-0.91
0.51
0.66
0.25
-0.15
1.74
0.48
-0.79
-0.58
-2.83
-1.40
1.88
-0.17
-0.90
-2.00
0.67
-1.56
1.99
0.50
0.44
-0.13
-1.00
-0.29
0.68
-0.35
1.52
-2.77
0.36
-2.22
-0.14
2.61
1.31
1.03
0.43
0.39
1.55
0.74
0.46
0.77
-0.08
-1.00
-0.59
1.29
0.17
0.04
1.56
0.74
-0.55
1.27
0.26
-0.76
0.22
-0.63
-1.20
-0.60
1.33
0.37
2.10
-0.72
1.79
-0.14
0.91
-1.08
0.49
0.77
-1.37
-0.91
-0.74
1.59
-0.79
0.24
-1.50
-1.15
-0.12
-0.27
-0.51
-0.58
1.04
0.21
0.84
0.55
-0.59
-0.06
-0.12
2.86
1.83
0.57
0.66
1.41
-1.27
-0.62
1.28
1.03
-0.23
2.05
-1.24
-1.02
0.87
0.26
-0.58
-0.79
0.70
-0.30
-0.47
0.19
0.15
-0.34
-0.53
0.27
1.53
-0.04
-0.41
0.78
1.18
0.50
1.70
-0.94
1.37
0.89
2.90
-0.17
-0.78
0.58
-0.75
1.39
-0.26
-1.48
-0.09
1.59
-3.43
-5.28
3.39
0.40
-5.06
0.68
2.47
-0.07
3.11
0.64
-0.47
-0.15
0.07
-0.44
2.21
1.68
-0.51
-1.23
-2.73
0.46
1.37
1.93
0.57
0.14
3.00
0.41
-1.49
-1.79
0.40
0.51
-0.97
0.91
-0.63
-4.32
-4.70
4.28
-2.12
