0.34
0.23
-0.19
-1.30
0.50
-0.38
-1.47
1.72
-1.31
1.29
0.46
0.34
3.47
-2.29
0.60
-0.60
3.78
5.53
0.86
-0.21
-0.07
-2.78
-2.75
4.21
-0.63
-0.67
0.18
-0.18
-0.21
-1.06
0.96
-0.95
-0.79
1.30
1.42
0.81
-4.41
1.85
-0.46
-0.61
-0.79
1.64
5.19
2.99
1.78
-0.62
0.39
-1.72
-0.63
1.10
1.25
-0.49
-2.19
0.97
-1.16
3.68
-0.32
3.82
-2.81
-0.93
2.11
0.54
-1.96
0.87
1.02
1.52
2.65
1.21
1.35
2.04
3.59
0.92
2.16
-2.96
-1.12
0.59
0.34
1.60
-0.52
-0.08
1.47
1.83
0.00
1.53
-0.74
1.17
0.90
0.08
-2.89
-0.05
-0.97
0.49
-4.89
0.65
2.20
-1.24
-0.92
5.02
-2.52
1.79
0.76
-0.75
2.52
0.21
1.03
-1.46
0.85
3.07
-0.84
0.90
-0.99
2.42
-0.53
2.47
-3.87
0.33
0.77
-0.28
0.33
1.77
4.13
-0.31
1.10
2.82
-1.78
1.90
-0.94
-3.44
0.75
0.31
-0.91
0.38
-0.22
-0.19
-0.48
-0.60
0.88
-0.70
1.31
0.41
-1.43
0.24
-1.04
0.81
-0.36
-0.46
-3.22
-0.71
-1.45
-0.62
-0.05
-1.17
0.16
-0.21
-3.31
-3.97
0.96
1.74
-2.07
0.79
-0.64
-0.42
1.47
-2.45
0.46
-2.61
-2.82
-0.78
1.90
0.83
1.91
-0.23
-3.73
1.29
-2.61
0.24
1.58
2.63
0.87
0.20
2.22
5.19
-0.43
-1.86
-0.05
-1.70
-0.95
-0.68
-1.25
-2.18
-0.73
-0.80
-1.49
3.21
-1.76
1.49
0.09
-0.50
-0.44
0.30
0.56
1.00
-0.50
2.31
2.00
1.12
1.25
-2.52
1.49
-3.05
-1.57
-1.63
0.91
1.70
0.75
0.46
-1.39
8.18
3.91
0.23
-0.74
1.88
1.77
1.52
4.60
-4.61
2.53
1.84
-0.80
-3.53
1.35
0.00
2.54
-1.63
1.13
2.18
1.05
0.97
-2.87
-2.72
1.52
0.21
-0.40
0.67
-0.54
-1.00
1.18
1.16
-1.90
1.17
1.44
-3.77
1.45
-1.62
-3.66
-3.10
2.91
-0.10
-1.95
1.26
0.18
-1.04
-2.23
0.97
0.68
-0.21
2.43
-0.86
-0.66
-4.31
1.37
-3.23
0.74
-0.73
-1.64
-1.11
0.11
-0.84
2.63
0.30
-2.09
0.65
1.00
-1.93
1.94
2.10
1.43
-0.53
0.83
0.16
1.94
0.50
-1.74
-3.19
-0.49
-3.37
-1.45
2.50
1.37
-0.03
2.52
-0.78
0.98
-1.43
-0.44
-0.11
-0.25
0.06
-0.41
-0.94
0.25
-0.03
2.95
0.11
0.27
-0.22
-0.27
0.92
-0.64
3.35
-1.96
-1.23
1.73
0.82
-0.61
1.54
2.37
0.59
1.14
0.98
-2.63
-2.90
0.58
-0.89
-2.26
-1.18
-1.04
-1.60
-3.05
-0.66
0.52
-0.03
0.00
-0.29
-3.45
-0.93
1.55
2.54
1.86
-1.40
1.45
1.26
-0.51
0.17
2.72
0.11
-1.16
0.17
0.86
3.09
2.92
-0.99
6.82
-0.59
0.57
-0.47
-0.17
0.67
-0.84
-1.29
0.33
0.00
-2.60
1.03
-1.45
2.17
1.72
-2.78
-1.07
0.54
-2.34
0.76
1.02
-0.88
-0.96
0.26
1.89
1.44
1.02
2.31
-0.81
0.40
0.10
-2.69
0.66
-1.28
2.14
-0.85
-2.87
2.05
-1.98
0.65
-1.78
-0.05
-1.68
3.73
-1.80
-0.16
-1.21
0.40
1.11
-0.52
-0.42
-0.66
0.21
0.19
-0.05
-0.40
0.93
-0.92
0.27
1.56
0.21
1.51
0.59
-2.27
0.60
1.19
0.03
1.85
-1.01
0.38
-1.04
0.38
1.33
0.86
-0.50
0.65
-2.19
3.08
-0.02
5.61
-1.19
0.38
-0.31
1.59
0.68
1.23
-0.32
2.48
1.63
0.75
0.15
-1.79
-0.58
-3.55
1.07
1.95
0.56
-1.25
-1.54
-0.78
2.64
-2.78
0.98
-0.30
-1.27
-1.75
0.78
3.09
-1.17
0.63
-0.05
1.31
1.59
-0.43
-1.08
0.00
1.86
3.48
-0.60
-0.93
-1.27
-3.50
0.25
-1.10
-2.09
-1.16
-1.80
1.39
-1.76
1.69
-0.22
-2.87
1.29
0.56
-0.95
-0.49
0.10
0.59
-1.97
-2.05
-1.59
-0.70
-1.39
4.01
-1.05
-2.22
-0.34
-1.09
-0.59
2.80
-1.18
2.09
0.00
1.53
-1.94
1.02
-1.16
-0.57
-2.39
1.32
-1.99
-1.00
-3.45
3.43
0.33
-1.07
2.46
-0.22
0.54
-1.18
1.33
0.83
-2.77
0.33
0.76
1.84
0.00
-2.98
-2.93
-0.71
-1.73
0.69
-0.86
5.16
-0.52
1.41
0.41
-1.82
-1.11
1.93
3.02
-0.67
-1.69
0.25
0.57
-3.82
1.72
0.39
