0.46
-1.82
-3.48
0.31
-0.06
0.92
-2.16
2.85
-3.99
-0.84
0.45
-0.61
3.59
-0.96
0.73
-1.82
1.63
5.83
-0.69
-3.13
-1.58
-0.31
-3.54
-1.50
-0.26
0.87
-0.04
1.63
1.17
2.60
-0.44
-0.71
1.60
-2.79
0.35
1.44
-1.54
-0.82
3.34
0.70
-1.13
-0.61
-1.92
1.21
2.30
-1.50
1.96
0.19
0.79
1.42
0.57
-2.14
0.69
0.39
-0.18
0.44
-1.24
2.19
0.62
0.33
0.62
-0.25
-1.57
1.03
-1.20
-0.07
-0.20
0.63
1.28
0.02
0.52
1.46
-0.12
-1.42
0.34
-7.17
0.64
-1.29
-0.97
-2.04
-0.06
1.48
-1.64
0.18
0.14
0.90
-0.64
1.90
0.06
0.90
-0.83
1.47
-2.55
0.59
-0.96
0.60
-1.17
3.12
1.03
-0.44
0.83
1.30
-0.28
-0.70
-1.31
0.66
-0.06
-0.12
-0.81
-0.27
-2.60
-0.62
-0.28
1.41
-0.52
-0.12
2.24
-0.39
1.80
-4.01
-2.81
2.09
2.22
1.25
-0.02
0.02
0.41
0.00
1.79
0.55
1.18
0.56
0.43
-0.07
0.48
-1.61
5.31
-0.20
1.38
0.28
0.05
-1.00
0.04
0.84
-0.18
0.00
0.69
0.74
0.99
0.17
0.24
-0.31
0.48
-0.62
0.31
-1.17
0.21
0.07
0.03
0.09
0.38
0.10
0.38
-0.24
0.12
-0.36
-0.74
0.23
0.14
-0.10
0.09
-0.40
-2.12
1.49
-0.91
-0.48
1.65
0.10
-0.56
-0.21
1.67
0.10
-0.67
-0.92
1.85
0.14
-1.09
0.35
-0.31
-0.31
0.70
0.17
0.10
0.42
-1.46
-0.14
-0.33
0.88
-0.35
0.77
-0.23
-0.49
4.21
2.25
-0.02
-0.59
-0.87
-0.38
0.08
-0.20
-0.62
-0.37
-0.84
2.91
0.08
-0.50
-2.44
0.55
-1.52
1.29
1.32
1.66
-0.48
0.85
0.43
-1.18
0.22
0.13
0.79
-1.36
-1.76
0.08
1.64
-0.45
2.37
-0.59
1.57
0.32
1.30
-0.48
-0.16
-0.45
2.12
-0.13
0.00
0.02
-0.49
0.06
-0.46
-0.14
-1.21
0.71
-0.45
0.00
0.87
-0.32
-0.03
0.91
-0.92
0.14
-0.27
-0.05
-0.32
0.71
0.35
0.89
0.25
0.93
2.35
-0.99
-0.74
-1.66
-0.64
0.81
-0.06
-0.33
-0.14
1.14
-0.09
1.12
-0.23
-0.06
-0.02
0.15
-0.20
-0.20
0.40
0.00
-0.60
-0.39
1.50
-1.43
0.37
0.03
0.20
0.92
-0.40
0.31
-0.34
-0.46
0.53
-0.17
0.36
0.09
-1.11
1.28
-0.25
0.17
0.18
0.29
0.28
0.37
0.23
-0.47
0.27
-0.26
0.26
-0.08
-0.23
-0.08
-0.38
-0.43
0.82
-0.14
-0.54
0.71
1.37
1.70
0.58
-0.13
0.65
0.28
1.39
-0.16
-0.32
-0.39
0.28
-0.09
0.15
0.39
-1.23
-0.12
0.07
1.43
-2.78
0.34
-0.03
1.12
0.34
0.13
1.24
0.50
0.63
-0.81
0.37
2.37
0.72
0.33
-0.18
-0.61
-2.26
-0.77
1.25
-0.54
-0.53
0.14
1.24
-1.35
0.51
-0.01
1.35
-0.95
-1.87
0.85
-1.88
0.64
-1.10
1.33
-0.74
1.30
0.75
0.01
1.66
0.87
1.41
0.78
-0.07
0.76
0.51
-0.61
-0.26
0.80
-0.19
-1.20
-0.16
-0.44
-0.19
-0.44
-0.15
0.73
-0.39
0.54
-0.44
-1.46
1.53
1.50
-0.50
0.59
-1.70
0.12
-0.47
1.40
-0.60
-0.04
0.18
0.01
0.30
1.31
1.03
-1.11
-0.45
-0.29
1.28
-0.48
1.05
-0.11
0.71
-0.59
0.72
-0.20
0.37
-0.66
-0.97
0.27
-1.55
0.00
0.81
0.03
0.84
0.16
-0.47
0.58
1.71
0.04
0.38
0.00
0.17
0.92
0.48
0.21
-0.08
0.03
0.39
1.16
0.03
0.04
-0.29
0.17
6.41
0.10
-0.85
0.00
1.05
0.11
0.39
-0.24
-0.21
-0.26
0.07
0.14
-1.27
0.27
-0.96
0.16
1.44
-0.73
0.18
0.73
1.20
-1.81
1.00
0.11
-3.77
0.63
1.46
-0.35
2.02
1.27
0.41
-0.27
-0.77
2.55
-0.54
-0.64
-0.36
-0.02
0.01
-0.13
0.36
0.01
-0.21
0.48
0.47
0.88
1.24
0.10
-0.07
-0.45
0.30
1.70
-1.37
2.03
-0.04
-0.11
1.79
0.32
-0.09
0.56
1.87
-0.15
-1.26
2.45
-0.79
-2.63
-2.97
2.56
-1.88
-5.27
3.78
1.17
0.79
1.09
2.04
-0.71
0.78
-1.33
0.27
2.53
1.45
-1.28
-0.46
-0.98
0.22
0.63
-0.34
0.58
0.61
2.23
0.24
-2.44
-0.59
0.35
0.45
-1.81
0.26
-0.70
-2.91
-2.91
7.57
-4.60
