0.37
-1.46
-4.87
-8.00
2.90
2.45
-3.75
1.46
-1.70
-2.39
2.29
0.35
-0.21
-2.69
0.87
-3.23
17.47
3.14
0.48
-0.84
-0.24
-2.12
-6.78
-0.93
-1.96
-1.19
-0.39
1.56
0.30
2.78
-4.65
2.63
0.88
-1.30
2.61
1.00
0.27
1.46
7.15
-2.41
1.51
-1.05
-0.14
-0.65
0.35
-0.67
2.08
-1.49
-1.33
0.95
0.96
3.63
0.25
0.13
-3.58
1.97
-0.46
3.35
1.73
-0.64
1.69
1.07
-0.87
-0.42
-1.78
-0.17
1.07
1.07
2.42
0.47
-0.95
1.12
0.58
-0.57
-0.01
1.88
-3.28
2.33
0.07
-3.90
-1.78
2.67
-2.04
-0.15
-0.13
1.52
3.06
1.24
-2.79
-0.40
-1.25
0.19
-1.91
0.70
-0.79
0.25
2.37
3.20
-1.21
0.50
1.54
-2.30
-0.04
2.27
-1.05
3.19
-0.43
-0.81
-0.11
-2.25
-0.77
-0.44
-0.35
-0.08
-3.00
2.67
-0.96
-1.42
1.85
-5.37
-3.46
0.61
3.67
0.40
-1.50
0.28
0.01
0.54
2.56
1.27
0.58
-0.01
0.35
2.74
0.10
-0.45
2.11
-3.51
2.20
-1.77
0.38
-1.20
1.15
-5.51
-1.65
-2.77
-0.24
-1.41
1.11
-1.13
0.38
0.32
0.33
-0.42
0.80
-0.81
-0.83
0.95
0.64
0.14
0.92
-0.97
0.92
-0.50
-0.88
0.58
-0.10
0.32
1.47
0.50
0.63
0.55
-1.13
1.03
-1.46
-0.91
-0.46
-1.66
-0.36
1.40
0.65
1.59
0.87
-0.53
-1.06
0.70
-2.65
1.03
-2.15
4.06
0.30
1.03
0.12
0.99
-0.93
0.06
-0.46
-0.10
-0.20
0.42
-1.41
-1.00
0.10
3.22
-1.01
-0.28
1.01
10.34
1.74
0.12
-1.63
-1.52
0.64
1.13
-1.20
0.99
0.67
1.86
-2.36
0.52
1.75
0.50
-0.40
0.13
0.83
-0.18
-0.18
-1.43
0.10
-0.61
-1.25
0.18
1.99
1.44
-0.06
1.27
-0.00
0.45
1.27
-2.37
0.98
-0.57
1.39
0.35
-1.76
-2.06
2.57
0.13
-1.93
0.46
-0.55
0.22
0.05
0.84
-0.22
-0.27
1.08
0.11
-0.26
1.66
-1.41
0.79
-1.73
1.28
1.76
-1.04
0.17
-0.98
-0.85
-0.06
0.92
-2.38
-2.55
2.08
-2.65
-1.21
-0.27
1.34
-0.35
1.05
0.86
0.60
-0.76
0.10
1.52
-0.61
-0.67
0.53
0.05
-1.31
0.99
-1.83
-0.12
-1.08
-0.20
0.85
-0.81
-0.35
1.01
-0.12
0.74
0.54
0.42
0.29
-2.30
-0.55
-0.29
-0.14
0.43
0.43
0.04
0.26
-0.26
-0.20
-0.63
-1.15
-0.34
-0.38
1.09
0.48
-0.94
-1.26
1.44
0.64
0.29
1.17
-0.28
1.64
0.01
1.22
-0.27
-1.21
0.62
-1.75
-0.09
0.71
0.94
0.30
-1.90
-0.41
-0.03
-0.93
0.95
0.32
-2.00
0.13
-0.19
0.78
-1.68
-0.06
-0.27
-0.40
1.15
-0.26
1.96
1.28
-2.22
-0.71
-0.16
1.15
-2.07
0.22
0.51
0.70
-0.32
-0.12
-0.12
0.41
0.73
0.07
0.19
-0.06
0.15
2.01
0.14
1.36
-2.68
-1.08
-1.03
1.30
-0.66
0.31
1.81
-1.01
-0.57
0.59
1.58
0.56
-0.26
-0.44
1.81
0.32
-0.49
-1.24
-26.00
-3.91
1.32
-0.26
-1.74
1.62
-2.65
-0.48
-0.68
-2.19
0.99
-0.07
-0.18
0.02
-0.98
-1.20
-0.57
0.74
-0.40
0.00
0.10
0.44
0.31
-0.77
2.60
-0.39
-0.15
-0.09
0.13
-0.09
-0.04
0.25
2.87
-1.60
-2.53
-0.68
-0.08
-0.44
-0.63
0.20
-0.64
0.47
2.24
0.31
-0.01
1.06
0.16
1.33
0.13
0.15
0.58
0.17
-0.17
1.09
1.07
0.61
0.04
0.08
-0.32
1.06
-0.09
0.12
0.59
2.26
-0.07
-3.59
-2.61
1.72
-0.41
-0.23
0.46
-0.44
-0.24
0.08
-0.96
0.73
-0.71
0.89
0.25
0.62
1.79
0.34
-0.02
-0.82
1.39
-1.16
0.12
-1.29
0.17
-0.50
-0.07
-0.36
1.69
-1.89
-0.99
0.37
-0.83
0.68
1.00
0.63
0.19
-1.05
-1.29
-0.67
0.27
0.16
-0.23
0.38
0.44
2.02
-0.04
1.19
-0.26
0.27
1.27
1.00
-1.03
0.93
-0.54
1.53
-1.25
-0.09
-0.50
-0.77
0.33
0.12
0.31
-0.47
1.02
-2.42
-2.34
0.31
0.39
-1.38
-1.03
1.96
1.23
0.98
1.49
-0.22
0.32
-0.88
0.44
0.44
-0.21
-1.84
-5.31
-3.21
1.26
6.94
-0.70
0.04
0.72
1.53
-0.15
-0.76
-1.19
-0.04
-1.21
-0.69
-0.11
0.02
0.10
-0.83
0.72
-1.74
