-1.18
-3.24
-4.31
-1.39
-0.74
0.62
-3.78
4.81
0.89
-6.94
4.67
-2.81
5.02
-3.94
4.24
-2.25
1.39
4.41
-2.29
-3.95
3.41
1.03
2.99
1.04
3.54
1.02
-0.80
2.17
4.69
2.07
-0.21
2.81
2.43
-1.59
0.94
-0.18
1.70
1.24
1.63
1.55
2.42
1.30
1.10
-4.47
-0.48
0.32
1.39
-0.56
-1.51
0.92
5.72
2.01
-2.47
-0.11
-2.39
0.67
-0.48
5.33
-0.07
-0.05
0.47
-0.23
-1.37
0.14
-4.14
0.28
1.15
5.74
4.23
-0.45
0.48
-1.38
1.61
-0.78
-0.93
0.76
-0.18
1.91
1.21
-2.61
-0.25
0.65
-3.04
-0.38
0.45
1.37
-1.01
3.83
-1.26
-3.69
-0.86
0.77
-1.42
-1.51
-1.16
0.52
0.84
2.52
1.52
-1.45
0.47
-0.78
-0.36
0.96
-0.07
2.18
0.57
0.20
-0.87
-0.56
-2.01
-1.11
0.72
0.78
0.55
1.03
-0.46
-0.94
4.28
-9.54
-3.22
-0.64
5.41
2.58
1.02
-2.41
0.54
0.91
4.59
0.47
4.30
1.19
1.76
2.11
-0.41
0.43
-0.05
-0.41
-0.29
-1.49
1.05
0.68
0.81
-0.61
0.00
-0.60
1.62
0.03
2.79
3.97
-1.42
0.43
1.19
-2.22
2.00
-0.50
0.44
0.57
0.03
-0.37
0.34
-1.20
1.37
-0.21
1.82
-1.28
-0.75
1.08
1.65
-6.74
2.04
-0.54
-5.04
2.72
-4.69
1.19
1.39
0.89
-0.12
0.06
2.97
1.16
-1.29
-0.57
0.96
3.10
-1.67
2.36
-1.32
-1.68
2.49
0.13
-2.54
1.15
-1.79
0.48
-0.93
-0.38
0.62
0.96
0.87
-1.37
-0.95
2.22
-1.23
-1.46
-1.49
-0.30
1.66
-0.89
-0.60
0.91
1.65
-0.52
-0.30
4.60
2.13
2.57
0.61
0.40
0.34
0.94
2.12
2.53
1.45
0.69
0.68
-0.55
-1.42
1.63
-1.98
-2.90
3.44
0.19
2.63
1.10
-1.57
-1.16
-0.87
-1.31
1.96
1.93
-0.79
-0.55
-1.42
-1.69
1.15
0.50
-2.20
0.38
-1.28
0.65
1.61
-1.77
-0.71
-0.78
1.18
1.42
-0.45
1.15
-2.03
1.03
-0.96
1.74
-0.63
4.53
2.26
-1.14
0.18
-1.99
-1.35
0.94
-0.68
-0.44
-1.25
-0.82
-1.60
0.91
1.74
-0.88
0.57
0.44
0.50
-0.25
0.38
-1.69
-1.08
-0.26
1.81
-1.90
2.46
-2.34
0.06
-1.94
-1.52
-1.47
-0.88
0.00
1.23
-2.23
3.74
0.20
0.53
-1.06
-2.95
0.07
1.17
2.04
0.07
1.34
0.07
-0.07
0.92
-1.50
0.46
-1.25
1.27
0.99
-0.78
1.71
-3.04
-2.34
1.57
-0.47
0.47
2.89
0.20
2.09
0.77
1.21
0.56
-1.87
0.89
-0.06
-1.20
-0.26
-0.58
-3.02
0.00
0.93
-1.91
-0.07
-0.40
-0.20
-2.36
-1.86
2.46
0.69
0.61
-0.47
-0.89
0.00
0.00
-1.10
3.20
1.08
-1.87
-0.81
-0.07
2.60
0.47
-0.86
0.47
-1.40
-1.96
-1.66
1.26
-0.97
-0.35
0.21
0.21
0.00
-1.40
3.33
-0.27
0.76
0.82
-1.02
-1.37
2.08
-1.22
-0.34
2.07
-0.61
-0.61
1.78
-0.34
2.09
-1.85
-1.28
-0.68
1.72
-2.64
-0.69
-1.68
0.64
-0.14
-0.28
0.50
-2.68
-2.47
-0.22
-2.61
-1.84
-0.16
1.48
-1.77
0.86
-0.39
-0.62
-0.24
0.31
-0.16
-0.24
-0.08
0.24
-1.10
1.11
0.55
1.25
-1.31
0.78
-1.78
0.32
2.76
1.15
1.14
0.67
-1.04
2.03
-0.22
1.03
2.41
0.71
-0.85
0.79
1.84
-0.49
-1.12
2.62
1.24
-0.68
-0.34
-1.10
0.84
-0.41
0.62
0.21
1.10
-1.36
0.00
0.41
-0.69
0.00
-0.35
0.62
0.00
0.34
0.27
-1.85
0.35
0.00
-0.28
-0.91
1.27
0.83
-0.90
-0.83
1.12
-1.18
-2.53
2.38
-0.49
1.06
1.33
-0.76
0.42
-0.55
0.70
0.90
-0.69
-2.28
0.49
-1.83
-0.86
-0.07
-1.01
-0.58
0.29
-0.15
-2.64
0.98
1.19
0.22
1.47
0.07
-0.65
-0.15
0.58
0.65
-0.72
1.02
0.22
1.29
0.28
-0.07
-0.35
0.57
4.65
2.16
-0.33
-0.20
-0.46
2.27
0.20
-0.65
-0.72
0.86
0.59
-1.69
0.26
-0.92
0.27
-3.92
-5.46
1.02
-0.14
-3.04
0.82
2.22
0.07
1.30
1.57
0.28
-2.18
1.65
0.42
1.55
-0.21
-1.53
-3.24
0.51
1.52
1.57
1.76
-0.41
-0.14
2.78
-0.20
-1.15
-0.55
-0.55
0.07
-0.83
-1.53
1.35
-3.77
-3.27
2.33
-2.49
