3.42
-4.05
-3.94
-2.42
-6.00
1.52
-5.19
-0.33
-7.82
-2.53
-6.94
7.96
2.03
-5.33
0.67
-1.52
-4.86
11.58
-0.63
-3.38
1.61
4.37
-2.05
-7.55
-1.87
-0.80
-2.12
3.41
7.88
5.74
0.52
-2.87
-0.99
-5.07
1.43
0.75
-0.19
-0.65
4.14
5.51
0.94
0.76
-2.53
-7.94
1.41
0.65
4.69
-2.11
-2.69
-1.20
1.40
2.48
3.50
-0.78
-6.91
-1.41
-1.14
0.67
0.29
-0.10
5.35
-2.09
-3.70
0.67
0.38
2.00
-2.52
-2.68
6.98
-4.41
2.79
1.87
-1.56
0.28
-0.93
0.09
-1.03
9.10
0.43
0.52
-7.49
-1.21
-2.45
-3.47
0.60
-0.70
-1.20
2.23
0.10
-4.65
-0.73
1.26
-0.10
3.93
0.20
7.25
3.15
3.14
0.96
3.02
3.01
3.33
2.91
0.15
-1.91
-0.70
1.80
-3.23
-0.56
-2.96
-0.74
-1.08
0.84
-0.58
2.09
0.98
3.49
-0.24
10.46
-5.98
-7.42
6.21
1.54
4.32
-9.16
-4.72
-1.51
4.01
3.44
0.16
4.67
0.45
0.00
-1.20
1.60
-0.90
2.80
-3.02
-0.38
6.02
5.39
-3.27
-2.68
-0.51
-1.31
-1.18
0.82
3.85
3.49
-0.69
0.42
-1.93
1.62
3.47
4.02
-0.26
0.19
1.61
3.04
-0.37
-0.06
-4.14
4.45
1.91
2.42
-1.01
-1.49
0.91
0.36
1.86
0.88
1.69
-3.67
2.02
-2.33
1.07
3.07
0.17
-3.03
-0.18
4.37
-0.40
-0.63
-0.69
3.69
-3.11
0.57
1.37
-0.28
0.39
-0.56
0.17
-0.68
-0.62
-3.66
-0.47
0.42
1.66
-0.82
2.47
-1.12
-0.06
-1.54
0.71
2.81
0.57
-0.62
-1.88
-0.23
-1.05
-1.77
-0.36
0.36
4.17
0.20
-1.21
-1.22
4.00
0.23
2.20
0.77
5.15
0.16
1.46
1.28
0.86
1.10
-0.70
-2.85
0.57
-5.38
1.68
-0.96
2.42
7.24
1.08
-0.77
-2.34
0.55
-0.55
1.35
-0.10
0.39
1.47
-0.34
12.68
0.30
0.17
-2.23
-2.24
-1.57
2.87
-0.84
-1.12
-0.32
1.36
0.63
1.38
-2.11
-0.58
-1.98
2.67
-2.73
1.15
-0.32
4.39
3.11
-0.17
1.91
0.88
-0.29
2.65
0.16
-0.77
-1.06
1.07
-1.59
0.99
-1.64
-0.62
-3.26
-0.43
-0.17
1.61
1.80
-0.08
-1.14
-1.02
2.24
-1.35
4.74
0.61
3.52
0.55
-0.27
-1.01
-0.91
0.12
2.07
-0.47
2.11
-0.31
-0.92
1.59
-2.63
2.12
1.57
7.40
1.16
-0.24
-0.66
1.65
-0.24
-0.90
-0.17
-1.15
1.27
-0.35
-3.09
-1.66
-1.80
0.19
1.46
0.04
0.44
2.57
-2.29
-2.75
1.58
-0.74
3.14
0.11
2.28
-1.84
0.83
-0.75
1.48
-0.50
2.67
1.77
-0.99
-0.34
-0.35
0.66
-6.96
1.78
1.24
0.86
0.82
2.47
1.52
1.12
3.19
0.20
-0.03
1.46
0.00
1.15
2.95
-0.15
-5.70
1.96
1.09
-1.52
-1.61
-2.29
4.49
-1.19
3.83
-0.37
-0.44
2.36
-2.58
1.83
-2.39
-5.12
-2.41
4.70
-1.34
0.33
0.99
2.85
0.26
-1.05
2.15
-0.22
0.57
-0.25
0.57
0.03
-1.06
-5.59
-0.30
1.44
-3.17
-4.03
0.85
1.02
-2.79
0.32
2.40
0.87
-0.90
-3.81
1.89
4.39
1.50
3.40
-3.49
2.57
-2.70
3.01
0.00
-0.76
0.23
2.61
1.29
0.41
1.14
1.97
-1.63
0.56
1.67
-1.04
3.05
2.54
0.87
-0.03
0.20
2.25
1.47
0.06
-0.17
0.45
-3.33
-1.98
8.51
2.35
3.61
1.73
0.90
-2.01
-0.48
0.76
3.25
2.49
-0.88
-2.48
-0.44
2.70
-2.65
3.12
-0.82
0.46
0.14
0.10
-1.30
-1.12
0.62
1.96
6.39
0.16
-0.09
-1.42
-1.05
1.62
-1.02
2.94
1.83
0.44
-0.96
1.81
-0.04
3.21
3.69
-0.53
1.10
-3.28
-0.25
-8.74
-3.09
-0.94
-4.98
3.28
0.90
3.90
0.02
-0.46
-2.67
0.45
0.45
0.38
3.09
0.62
4.02
-2.91
-0.68
-4.24
0.54
-1.58
-1.65
6.20
3.00
4.22
-2.30
-0.55
-5.66
0.74
-1.09
-0.02
0.26
3.15
-0.63
-2.82
0.30
2.50
-1.98
-0.16
1.53
-0.87
-3.74
4.92
-2.81
-3.93
-2.94
10.75
-4.26
-4.78
0.88
4.56
1.04
1.92
0.12
1.63
1.54
-0.78
-0.65
5.15
3.12
1.25
0.47
-2.44
3.13
5.95
3.29
0.43
2.32
-1.14
8.76
0.10
0.59
-1.57
2.96
-0.73
1.68
-0.13
-3.44
-8.07
2.49
-5.69
