-1.57
-10.93
-3.43
-0.62
-5.13
-0.44
-5.15
6.47
-6.84
-4.55
-3.11
8.63
2.03
-4.43
5.35
2.43
1.71
6.29
-6.17
-5.27
10.50
3.84
-0.80
-3.07
-7.12
-6.16
-4.71
5.13
0.06
7.02
-5.45
-7.29
7.04
-4.15
4.02
-2.32
4.32
0.23
0.23
12.08
10.10
11.53
12.62
-14.65
0.88
-0.13
3.31
0.13
-0.76
3.74
2.13
1.72
1.10
1.01
-7.29
0.37
-0.17
1.87
-0.49
3.15
-3.69
-1.81
-1.39
4.94
-0.85
5.11
2.41
9.54
0.00
0.24
-1.38
2.25
4.60
2.53
1.25
6.42
-0.45
4.06
3.93
-2.32
0.96
-1.68
-4.87
-1.85
-7.77
0.26
-4.94
3.71
1.57
-0.10
-3.99
3.19
-0.86
-3.05
1.66
0.07
0.82
2.09
3.77
-1.15
-1.13
0.72
-0.68
-0.75
-0.23
3.39
4.33
-1.34
-1.67
-7.61
-0.82
0.75
-0.78
-3.98
4.86
6.00
2.41
-0.88
2.66
-5.86
-7.60
6.70
6.42
-0.81
2.87
-7.87
2.09
-2.34
2.20
-3.00
7.94
-0.62
0.22
-0.31
0.41
-3.16
-1.23
-4.90
-0.31
-2.41
1.87
-3.64
-4.42
3.24
-6.56
0.39
3.26
1.81
2.85
2.37
-0.91
-1.88
3.21
0.28
1.61
-0.52
0.35
4.82
-1.35
-3.29
2.58
-2.68
-0.28
-0.35
0.31
-2.14
-5.62
-1.24
1.55
1.98
1.90
6.82
-6.08
1.18
-7.53
-3.83
2.98
1.16
-2.06
-1.79
4.84
4.32
-5.34
2.19
-2.51
11.28
4.91
0.23
1.55
-3.24
1.94
-1.77
-1.34
2.58
-3.24
-1.95
-0.21
1.12
-2.62
-0.07
3.97
0.10
-0.48
0.82
-2.44
3.41
-7.10
-2.57
-3.79
1.16
-1.26
4.72
-3.88
2.92
0.67
3.78
2.65
-4.53
3.36
9.11
-2.52
0.56
1.42
3.03
-2.37
1.16
-1.66
-3.41
-0.94
15.26
-2.65
-0.67
1.40
0.12
-1.44
1.07
-0.54
0.79
3.19
-4.37
-1.16
2.41
-0.99
0.30
-0.91
-1.13
0.03
1.55
-2.38
-1.75
-1.08
1.61
-0.06
0.06
-0.73
-2.68
0.79
0.84
-0.45
0.68
0.06
0.29
1.15
0.70
-1.63
2.11
0.69
-3.36
-3.60
-5.24
1.76
-0.24
1.53
1.43
-2.05
-3.92
1.14
-0.11
0.85
-0.21
0.07
-0.88
-0.71
0.36
1.71
-2.87
2.34
-0.88
2.20
-1.67
3.61
-3.92
-0.43
0.68
-1.74
-6.74
3.02
-0.30
-0.64
-0.49
3.31
-0.15
0.48
0.37
-3.07
-0.30
-1.40
-1.08
1.90
3.85
3.63
0.11
1.10
-1.15
1.59
-2.89
1.26
-1.35
1.83
0.07
-0.99
-1.92
1.34
-0.68
-3.10
-0.41
0.75
-0.85
2.32
-0.55
-2.79
-1.02
-0.34
-0.69
-0.81
-1.56
3.48
2.37
-0.63
2.89
-1.72
-1.30
0.15
-1.65
-0.76
-0.27
3.51
-0.19
-1.16
-0.83
-4.15
0.64
-2.53
-1.05
1.47
-2.87
0.67
2.48
-2.82
-0.21
4.74
1.51
2.81
-5.40
-2.25
4.23
0.24
-2.24
-0.80
-0.53
1.35
-1.81
-0.61
2.19
3.51
-0.08
2.42
-3.66
-1.94
-1.33
0.53
-0.08
0.57
1.09
1.72
-1.10
-1.87
6.73
-1.86
-1.86
-1.58
3.04
0.39
2.17
0.15
-1.48
-3.30
