-3.50
-2.61
-10.57
2.00
0.98
0.65
-5.78
2.04
-3.67
3.99
-0.67
7.72
2.02
4.58
3.65
-2.25
-1.15
1.60
-0.43
-4.32
-0.45
1.97
-4.90
0.47
-1.86
0.95
-2.51
1.45
-1.90
-16.80
-1.36
6.50
0.00
1.66
-2.18
-2.04
4.36
4.18
-2.97
9.71
-0.49
-1.98
2.18
-2.80
2.54
-0.99
2.17
-0.65
1.64
-1.29
-0.65
3.13
2.08
-3.60
-4.38
-2.89
-2.10
-0.54
4.31
2.24
0.17
2.69
-0.82
1.32
-4.07
2.38
-0.83
2.84
2.76
1.58
0.47
-0.16
-0.16
1.56
0.00
1.99
-1.20
0.46
1.06
-3.14
-0.77
-1.56
-2.06
-3.23
0.17
0.33
-1.00
-4.36
1.23
-1.04
-4.03
2.01
-1.97
0.73
-1.27
4.22
1.58
-2.25
0.18
1.24
-0.87
-6.00
-0.38
-1.51
6.69
0.36
-0.71
-0.54
-2.35
-2.96
-3.24
0.79
0.39
-1.17
-1.38
1.80
4.52
-2.82
3.68
-5.78
-2.97
4.29
-0.20
3.53
-0.57
2.48
-3.53
-0.77
3.11
2.45
1.29
-0.91
0.37
0.18
0.18
-1.09
1.65
-2.17
1.85
-0.27
0.82
0.72
0.00
-1.43
-3.27
-2.63
-5.02
-2.24
1.04
2.67
-0.40
0.60
0.20
0.00
2.79
-0.39
0.00
1.56
-1.15
-0.58
2.34
-2.67
-0.98
0.59
0.00
0.00
-0.20
0.39
1.96
-1.16
-0.58
-0.59
-3.55
1.02
2.23
-0.40
0.80
-0.20
-0.40
-1.59
2.22
1.18
1.17
-3.47
3.39
-0.39
-1.36
1.38
1.16
2.11
1.13
-0.74
-1.12
2.65
-3.13
-3.04
-1.37
0.99
-0.59
-0.59
2.39
-0.58
-0.98
1.58
-2.72
-1.00
-2.63
-1.04
1.47
-1.86
-2.95
-3.47
1.80
1.10
1.31
4.74
0.62
0.61
-1.63
-0.21
0.00
0.41
-0.82
-0.21
4.38
3.79
0.19
-1.15
-3.11
0.20
-5.00
2.11
1.65
0.20
2.23
1.39
1.17
-1.16
-1.37
-0.99
1.00
0.00
1.19
-0.78
0.20
1.97
0.00
0.00
-0.19
0.00
-0.97
-2.15
0.40
-2.58
-0.82
-2.88
0.64
0.63
2.09
2.66
-3.59
0.41
-1.24
0.21
1.04
2.27
1.41
-1.39
-0.81
-3.86
0.63
3.15
0.81
1.82
-1.79
0.00
0.20
-1.01
0.20
3.25
2.17
-0.96
-2.33
-0.80
2.01
-2.36
-0.40
1.21
0.80
0.79
3.94
3.03
-2.76
4.16
-2.72
-2.99
-1.35
1.56
2.11
-1.32
2.29
-1.68
9.47
-1.56
-0.18
0.00
0.35
-3.68
2.55
-0.71
2.68
-1.57
2.83
-3.27
0.18
-1.95
1.63
0.36
-3.20
9.54
-4.02
1.75
0.51
-1.37
0.87
0.51
-0.51
1.20
3.56
2.62
-0.48
-2.24
-3.44
0.00
-1.53
4.83
-0.82
0.33
0.99
1.96
-1.12
-2.11
-0.50
-1.50
-3.89
-0.88
-0.53
-1.25
-0.36
0.91
0.90
3.21
-1.73
1.76
0.17
0.34
-0.34
-1.03
-1.39
1.41
0.00
-1.05
2.11
-0.86
0.52
-1.73
0.18
-0.53
-0.71
1.60
0.53
2.26
2.90
-0.83
0.17
-0.17
1.17
-1.49
-2.51
0.52
-0.34
0.51
1.19
-1.18
-0.85
1.03
-0.34
1.88
-0.67
-0.34
-0.17
-0.17
0.00
-1.53
2.59
-1.52
-2.39
0.35
0.00
-0.17
-0.52
3.69
-0.51
-2.90
0.18
1.58
-1.03
-1.39
-2.30
0.90
-0.72
0.00
-0.36
1.99
-2.04
1.54
1.07
0.35
-1.94
-0.54
2.71
0.53
1.40
-1.03
0.00
1.92
1.20
3.72
0.98
5.32
-3.68
-18.60
-3.03
3.93
-3.10
-1.20
-1.82
1.65
4.06
2.24
-0.29
-1.15
-0.39
-1.55
0.00
0.39
-2.95
0.81
1.20
-0.20
-1.99
-0.41
-1.22
0.82
-0.41
0.00
-1.64
-1.25
-2.96
0.00
5.01
-5.19
2.41
-3.21
2.43
1.51
-4.67
1.45
7.14
2.87
-5.38
6.53
7.71
6.79
-1.20
2.09
-5.96
1.63
0.00
-0.53
-0.36
-2.16
0.18
-0.92
-1.48
0.56
0.75
3.15
-2.16
-0.92
1.30
2.93
1.78
-1.57
1.60
-0.17
-1.05
-0.35
5.15
1.86
-4.48
-0.17
-0.17
0.00
0.00
-0.17
0.35
1.22
5.84
-1.79
-3.97
0.69
-2.39
2.10
-0.51
0.00
1.90
-0.34
-0.17
1.19
-0.67
-2.03
-0.86
0.00
-3.48
0.00
-1.44
-1.47
0.56
1.11
1.10
0.54
2.34
5.10
-1.51
-3.06
-2.28
3.05
2.96
-3.55
-0.35
-1.05
3.37
-0.69
0.69
-0.17
0.00
1.20
1.19
0.34
0.34
-0.50
1.01
1.83
-0.33
0.49
-0.49
-0.16
-0.98
-0.83
