-0.41
0.75
-0.27
-2.72
-0.98
-0.85
-3.99
3.34
-2.51
-1.77
4.57
0.22
1.79
-2.60
2.02
-3.89
-0.74
4.74
3.68
-4.10
-0.43
-0.79
-3.03
-0.30
-0.30
-2.39
-0.84
-0.15
-1.70
-0.39
-0.24
5.38
-0.60
0.08
3.47
-1.39
1.11
1.61
2.52
2.53
0.41
-1.09
-0.07
-0.90
0.84
-1.59
2.74
-2.32
-2.87
0.00
1.66
1.77
-0.56
-0.49
-1.62
1.07
-2.19
8.61
4.46
1.02
-3.66
1.97
-2.83
0.07
-0.40
0.93
-1.45
0.33
0.73
-0.73
-0.33
0.13
-0.47
0.27
3.00
1.43
-0.58
1.16
13.41
-1.12
1.19
0.39
1.17
-1.76
-0.67
0.17
0.90
0.89
-1.33
-1.29
1.65
-0.22
-3.25
0.87
-1.55
4.03
0.90
0.11
-0.56
0.95
4.04
-0.96
2.20
0.84
-1.46
1.27
-2.82
1.61
-0.05
-0.95
-0.59
0.43
0.43
-0.69
0.32
2.89
6.50
-0.63
1.28
-2.04
-2.18
2.68
-0.39
2.87
-0.96
-0.63
-0.93
-0.10
3.16
1.15
1.75
-0.56
-0.65
3.63
-1.59
-0.46
1.99
-0.73
0.23
1.87
1.66
-12.05
2.96
-2.34
-0.05
-0.50
-1.15
-0.25
1.78
1.65
-1.48
0.05
-0.20
0.10
1.80
0.00
0.15
0.20
3.72
-0.57
-0.43
-1.43
0.63
0.29
-0.57
-0.43
-1.64
1.23
1.75
0.14
0.19
0.71
-3.26
1.76
-1.68
0.20
1.66
-0.29
1.73
-0.76
3.47
3.50
-0.93
-1.75
0.50
1.36
-1.66
1.82
-1.75
-0.41
1.78
2.25
-2.37
0.77
-4.42
-5.19
-1.33
-0.50
-1.31
1.63
0.50
-0.95
1.91
3.01
0.00
-0.38
-0.63
3.29
-2.11
-0.57
1.01
0.81
0.47
3.48
0.41
-0.14
-0.59
6.89
-0.85
-1.42
2.93
1.48
2.72
0.90
1.37
-4.14
0.54
1.45
-1.42
-1.28
-5.98
0.67
2.34
-0.30
1.69
4.39
0.12
1.55
0.24
-2.92
2.72
-0.28
2.29
0.51
-0.04
-0.08
0.86
0.39
-1.08
-1.02
-0.91
-0.44
2.85
-1.79
-1.23
-0.20
0.89
1.88
-1.10
1.19
-1.80
1.83
-1.45
0.44
-0.20
1.98
0.54
-1.12
1.72
-1.69
0.47
1.63
-0.54
1.00
-2.74
-0.78
2.49
1.00
1.87
-1.83
0.00
2.06
0.07
1.49
2.72
0.07
-1.04
2.75
-0.49
-3.75
1.98
-2.02
-0.81
4.34
0.28
-0.14
-0.82
1.04
1.88
-0.14
1.81
-1.61
1.74
-0.79
-1.45
0.94
0.97
0.75
1.43
-0.17
-0.45
1.64
1.13
-2.17
0.54
-1.94
0.17
-0.24
-0.89
0.21
-2.45
-1.46
1.00
1.06
0.59
2.40
-0.27
1.97
1.23
1.75
3.34
-1.08
2.04
-0.92
-14.06
4.98
0.68
-3.24
2.10
-0.77
-0.53
-0.90
2.00
0.23
-5.80
0.67
0.00
1.10
-0.40
0.00
0.00
2.30
0.75
-1.35
-0.25
1.12
-0.25
2.22
1.92
1.72
-4.59
-5.39
0.90
-4.43
-3.53
9.36
-0.66
-2.37
-0.42
0.08
1.06
-1.81
-2.11
3.25
-2.99
-1.21
-0.83
1.24
0.63
2.13
0.82
-0.04
1.14
-0.34
1.21
0.34
0.78
2.73
-0.39
-0.97
0.73
0.51
1.08
-2.49
-2.19
-0.67
0.30
-6.25
-1.68
1.34
1.88
-1.69
0.44
-1.27
1.90
1.58
-0.04
0.74
-1.82
0.39
-0.82
2.33
-1.08
-0.39
-1.37
2.07
0.82
1.39
-1.64
0.58
-0.42
-0.12
0.85
-2.23
2.24
1.19
0.91
-0.38
0.53
2.18
0.88
-1.86
-0.26
1.01
-1.59
0.15
5.69
1.27
0.70
1.18
-0.34
-0.90
-2.64
0.93
0.39
-0.25
1.20
0.03
-4.39
0.36
0.95
1.01
-1.00
-1.30
0.33
0.58
0.40
0.83
1.11
-2.23
2.13
-2.83
2.69
-0.50
-0.43
-2.93
-1.81
-0.56
-0.15
-3.40
0.51
3.47
-0.49
2.72
1.69
-1.16
0.95
-3.63
-0.30
-3.89
-1.14
-2.19
-2.56
1.17
1.94
1.09
-1.64
-1.14
1.65
-0.45
0.53
2.06
1.90
-1.36
0.99
-2.19
-0.36
0.04
-1.16
0.16
0.77
1.32
0.95
0.63
1.68
2.57
-4.04
-1.79
0.36
0.47
0.75
2.34
0.38
1.94
-0.11
0.26
-1.68
-2.20
1.74
-1.86
-1.40
-2.60
0.93
-4.52
-2.97
1.77
10.18
-5.39
3.62
2.20
-0.88
3.14
0.11
-0.45
2.07
-1.03
-1.79
0.72
1.96
-2.41
0.11
-0.53
1.30
0.38
3.11
3.34
0.39
2.87
2.11
0.53
-1.56
0.13
0.57
-0.74
-0.20
2.36
-2.11
-5.73
2.07
-4.83
