0.15
-4.41
-4.75
-2.79
-3.90
3.18
-9.04
14.07
-0.31
-3.24
7.84
-0.74
2.17
-3.53
-3.64
-5.36
-4.40
0.45
0.80
-8.46
0.51
-6.06
-2.91
-9.67
-0.98
4.69
4.96
1.89
2.69
3.05
-4.51
3.19
-0.16
-4.16
3.03
0.62
1.98
-3.26
1.90
3.12
-5.92
-2.78
1.78
-6.06
-0.38
-0.12
5.38
0.68
-4.51
-0.03
-0.73
3.70
2.40
6.82
-7.33
-0.59
0.23
4.97
-0.05
6.46
5.03
3.35
0.07
8.22
-2.65
0.68
-3.93
2.15
3.15
1.58
-0.68
0.28
-0.71
1.27
4.82
-1.08
-0.10
-2.18
-2.75
1.43
-2.81
2.48
-3.55
-4.75
-0.61
0.52
4.71
-0.45
-4.56
0.68
1.65
4.56
-4.93
5.19
2.80
2.07
0.38
1.46
-4.53
-1.57
0.79
7.49
-0.10
2.32
-2.42
4.93
-1.48
1.52
-4.04
-2.99
-3.53
-0.56
0.37
-0.71
-4.35
0.18
-3.63
0.05
4.35
-2.94
-3.44
5.00
3.44
0.13
-0.35
1.21
4.25
0.54
1.10
0.12
-0.49
-3.95
-0.84
0.54
1.34
0.55
3.35
0.55
0.88
0.53
-0.30
2.42
-1.32
0.16
2.55
-2.10
-0.18
-0.52
-0.22
-2.74
0.68
-3.17
1.73
0.37
0.72
-1.05
-1.04
0.61
1.17
6.08
-0.05
-4.00
-1.01
1.23
-0.46
-0.28
-1.44
3.43
-1.36
2.83
0.12
-0.79
-2.59
4.09
-1.82
2.51
2.27
2.47
0.11
1.05
-0.75
-0.11
-0.41
-1.28
0.21
-3.64
-2.12
0.62
-0.93
0.20
1.97
-7.20
-1.24
-0.85
-3.39
-4.29
2.53
-4.28
0.07
5.41
-0.65
3.09
-0.04
-1.29
1.98
-2.72
0.18
-0.89
-1.37
1.96
-4.64
-5.64
2.96
6.72
3.47
12.71
2.96
-0.77
4.17
-3.36
-3.00
1.81
-2.41
-0.24
-3.62
2.57
1.49
-3.66
-1.42
-4.21
-6.95
0.02
0.88
3.26
-4.64
-2.86
-0.12
0.84
3.31
-0.39
1.46
-3.21
-4.36
1.85
-2.81
-2.86
1.56
-3.38
-0.84
-0.24
2.11
-0.10
6.78
0.24
6.43
2.18
-5.31
-4.62
1.16
2.77
-4.92
4.66
-1.00
-0.84
-5.89
3.30
0.00
-0.65
1.25
-0.57
6.93
-0.84
-0.94
2.75
-0.16
0.83
0.57
3.44
-2.03
-5.18
-1.45
2.22
1.65
2.09
-0.34
-2.96
1.13
-0.84
5.64
-2.15
1.38
-1.32
-0.59
-0.64
-0.34
2.97
0.18
3.23
1.77
-3.29
3.69
-4.42
-1.48
-1.37
-4.83
-0.12
-0.53
1.16
0.88
-1.68
3.10
-2.68
3.64
-0.14
-0.05
-5.90
-1.06
1.59
-1.39
2.90
24.88
3.07
1.74
-4.16
-0.29
-0.77
-0.80
1.33
3.55
-0.63
0.58
-0.35
2.34
-1.50
-0.48
0.11
0.21
-3.87
1.82
1.56
-2.43
2.90
-1.25
1.83
-2.06
1.44
-1.47
1.61
-0.21
-8.67
-0.50
-4.99
-5.84
-0.11
3.73
2.57
-2.51
0.86
-1.85
-1.93
-0.30
0.11
1.21
-0.63
-3.32
3.48
3.16
0.68
3.94
-0.74
0.49
-0.08
-3.70
2.66
-1.13
-0.52
1.67
2.61
-2.40
-0.23
-2.59
-0.51
2.14
2.14
1.99
-2.82
1.15
0.76
0.13
-1.51
3.44
-0.06
0.70
-0.35
1.29
-2.89
-0.12
1.23
0.58
9.54
0.56
-0.28
2.11
-1.70
0.41
-0.17
0.11
-0.91
-0.80
-1.83
-0.04
1.02
-1.29
3.91
-2.18
-0.02
-0.34
2.20
5.20
0.72
1.79
1.05
-1.55
0.02
-0.29
-0.09
-0.19
-0.87
-0.35
-0.04
-0.64
0.83
3.57
0.17
-0.05
-2.46
2.25
1.12
3.16
0.88
0.19
1.00
-0.02
-0.18
-0.19
-0.05
-0.69
0.76
-0.29
-1.63
-0.44
-2.38
-0.77
0.12
-0.85
0.73
0.08
0.58
4.70
-0.11
0.06
-1.90
19.45
0.96
1.40
0.03
1.19
0.05
-1.09
-0.63
-2.87
0.36
-0.03
-0.71
3.37
-3.21
-0.88
0.17
-4.36
0.31
5.10
2.38
-2.20
-1.39
-1.65
3.85
1.72
-4.28
-0.68
1.23
-0.77
0.10
0.11
-2.39
3.67
0.38
0.21
-0.14
2.80
2.24
2.92
2.20
4.64
-3.25
1.81
-4.80
2.22
0.40
-1.08
3.00
-6.49
-0.28
3.53
2.70
5.59
3.15
0.98
-2.05
2.26
2.03
-4.00
-1.80
0.64
-3.13
-1.86
0.86
0.33
-4.91
0.66
3.74
1.85
2.02
0.22
-0.37
-0.79
0.31
0.68
-1.35
-0.66
1.22
-0.35
-0.34
2.28
4.81
-0.22
1.59
0.58
0.51
-1.99
-0.25
2.15
-0.62
-4.15
-3.17
-0.28
-0.07
-1.18
-2.78
1.91
-2.14
