-2.09
9.31
-2.65
-2.77
3.21
1.40
-8.59
0.47
-2.82
3.70
-0.14
-5.00
-1.59
-1.59
-1.30
-6.83
3.58
-2.72
2.45
-2.76
-0.82
-1.14
-7.71
0.64
3.37
2.69
-2.37
1.22
1.89
6.41
-4.51
-1.39
3.03
-3.06
2.79
3.19
0.28
-1.46
5.23
-0.70
0.33
3.73
-6.00
0.77
1.84
-0.65
0.31
0.48
-0.28
1.52
0.37
1.40
-0.06
-1.21
-0.25
-1.24
2.90
2.89
-1.86
0.04
3.39
-1.28
0.57
-0.10
-0.36
-0.61
-1.09
4.19
2.50
0.70
0.99
-2.79
-12.97
2.58
-1.85
0.97
-2.44
-1.21
-1.50
-0.83
-0.28
3.42
-1.69
-0.82
-1.56
1.64
-0.33
2.60
-3.09
-2.53
0.16
1.41
-0.55
2.11
-1.05
3.28
2.59
3.16
2.36
2.60
0.48
-0.71
-1.03
-0.26
-1.64
1.15
-0.84
-2.03
-0.79
-3.44
0.11
0.29
0.18
1.22
-1.04
-0.69
-3.00
-1.08
1.83
-3.51
-3.52
3.09
3.51
0.46
5.67
1.28
-3.38
0.53
2.06
-2.46
1.37
0.48
1.65
0.38
0.43
-13.13
2.41
-2.18
-0.12
2.06
4.28
0.69
-0.42
-0.44
3.42
-0.86
-0.49
0.37
3.84
-1.98
-1.18
-0.06
2.09
0.73
-1.33
-0.20
1.31
-0.22
-0.30
-0.64
0.71
-0.79
2.25
0.27
-0.29
0.15
0.00
-0.07
0.00
2.78
-0.94
0.51
-3.17
2.64
-2.99
0.96
0.34
2.20
-1.43
0.19
-3.43
1.00
0.11
-1.44
2.65
0.42
-0.83
1.94
4.14
-0.28
3.85
-1.14
-0.24
-1.42
-2.65
-1.08
0.73
1.24
-1.65
19.03
2.59
1.21
3.36
-0.13
-0.64
0.36
-0.39
0.08
-1.34
-1.26
-0.78
-0.16
-0.09
2.09
-0.19
-1.73
-5.54
-0.55
-1.22
0.19
1.41
-0.14
0.16
2.39
0.07
-0.30
-0.24
-0.41
0.50
-0.43
0.19
3.06
-1.37
4.54
0.66
-1.71
-0.29
-0.04
0.77
-0.27
1.26
-0.62
0.99
-0.26
1.10
-0.73
0.01
2.20
-1.92
-0.44
-1.22
2.98
1.51
1.85
-0.56
-0.09
-0.81
0.47
-1.01
3.50
-0.61
0.28
3.86
0.14
-0.87
1.98
-0.42
-0.40
2.51
-0.86
-0.36
0.05
-1.12
0.75
0.51
2.15
0.51
-0.41
0.47
-1.12
-1.66
1.03
-0.18
0.15
0.27
0.88
-0.75
0.33
0.11
-0.89
0.37
-2.19
-0.28
2.01
-0.36
-0.78
0.15
0.26
1.87
-0.23
1.44
-0.59
0.50
0.50
-2.34
0.16
-0.57
0.13
1.44
0.77
0.90
1.09
-0.17
-0.60
-0.97
-1.29
0.08
-0.44
0.52
0.35
-0.36
-0.63
3.03
-2.64
-2.51
1.02
1.20
0.67
5.79
-1.31
1.94
-0.57
2.07
0.71
-0.55
1.07
-0.41
-0.14
0.69
1.79
-1.09
1.43
-0.49
-0.38
-3.90
1.63
0.85
0.09
0.50
-0.13
3.36
-0.38
0.49
-0.09
-0.05
1.34
-0.07
0.07
0.27
0.16
-4.73
-4.17
0.85
-0.34
-0.29
0.41
0.67
-0.88
1.96
-0.09
2.03
-0.34
-4.11
1.58
-2.16
-0.45
-2.17
0.99
-0.92
2.69
1.66
1.09
2.86
-0.37
1.87
0.36
13.54
0.14
-0.14
2.69
-0.33
-0.50
1.13
-3.38
0.74
-1.29
0.20
-0.71
-0.84
0.58
0.59
-1.64
-1.45
-3.78
1.34
-0.23
-1.46
0.88
-2.29
0.27
0.13
1.55
-0.17
-0.55
-1.30
0.71
1.01
3.48
0.01
0.02
-0.13
2.71
-0.14
-1.44
3.02
1.88
-0.82
-0.55
-0.29
1.38
0.57
-0.09
1.76
-0.76
-4.70
0.46
1.44
-0.70
0.36
-2.39
1.23
2.94
5.39
1.87
-0.58
-0.91
-0.07
0.47
1.85
1.60
-1.58
-1.98
-0.21
-0.50
-0.87
1.84
-1.15
0.74
2.22
-0.59
-0.98
0.80
0.67
0.35
0.06
-2.12
-1.02
-0.97
1.59
0.32
-1.83
1.76
-1.18
0.47
1.10
0.05
-0.29
-0.36
2.12
-5.54
-0.30
-0.41
-1.49
0.09
0.59
-0.05
1.80
-1.23
-0.26
1.15
0.90
0.30
0.16
-1.79
0.96
-0.11
0.70
-1.15
-0.81
3.47
-0.39
4.75
1.98
0.28
2.12
0.98
-1.29
1.53
2.22
1.84
0.14
-1.82
1.30
0.06
3.23
9.98
4.39
3.24
1.80
3.64
-2.03
-3.05
-1.93
0.89
-4.43
3.96
-0.44
-5.48
-0.35
3.52
0.12
2.99
5.36
-0.62
0.01
0.89
-1.03
2.80
2.88
-1.21
0.26
-0.34
3.67
4.63
3.24
-1.25
-1.30
4.56
-3.06
-1.69
1.79
-0.14
-0.82
-1.56
1.28
-0.32
-3.09
-1.88
6.45
-6.14
