1.40
-1.43
-2.67
-1.64
1.16
0.65
-1.94
-0.46
-1.62
1.32
1.23
2.57
0.53
-0.30
0.68
-2.50
2.72
1.32
1.85
-0.97
-0.10
-3.71
-4.99
-3.73
1.16
3.11
-2.46
0.75
2.43
0.66
0.74
1.21
1.45
0.07
0.32
3.28
0.35
-1.61
2.16
-1.11
-1.21
-0.34
-3.28
0.95
-2.47
0.94
2.04
1.22
0.97
0.75
2.13
-0.30
2.75
0.28
-3.79
-1.27
-0.50
0.24
0.89
-0.92
0.20
-2.63
-0.50
1.07
-0.02
-1.46
-2.52
1.09
1.76
-0.15
0.02
0.12
-0.02
0.10
0.77
-1.08
-0.37
0.56
-0.45
-1.23
0.68
1.10
-0.12
-0.69
-1.56
0.41
0.50
0.82
-3.70
1.72
-1.17
-0.30
-0.07
-1.72
1.64
-0.98
-0.87
1.07
-1.06
-0.27
0.63
-1.73
-0.53
-0.73
-1.98
1.59
-1.38
1.06
1.52
0.31
-0.36
-1.44
0.35
-1.55
0.45
1.21
0.75
-0.37
-0.82
-2.83
-1.33
2.31
3.84
0.13
0.74
-0.74
1.09
0.22
1.43
0.19
2.16
-0.12
0.86
-1.06
-0.22
0.03
0.00
-1.33
-0.46
0.72
-1.35
-1.03
-0.61
0.09
-0.16
-0.88
-0.31
0.07
1.93
0.23
-0.38
-1.15
2.90
-0.49
0.57
0.19
-0.04
0.62
2.95
-0.41
1.64
1.01
-1.63
-0.41
-0.63
-1.07
-0.62
1.56
-0.89
-1.05
0.54
-2.69
-1.50
1.23
-1.14
-0.43
0.62
-0.52
-0.42
-0.15
0.86
0.13
-0.47
-1.36
1.73
-3.78
-2.05
0.94
0.04
-1.01
-0.04
-0.17
-0.46
0.00
0.06
1.20
-0.78
-0.79
-1.14
0.37
1.13
0.17
-0.23
0.19
-1.58
1.80
-0.15
0.25
-3.54
-1.12
0.20
0.02
0.46
1.90
0.33
0.08
-1.43
0.75
-1.10
-0.16
1.10
1.80
-0.95
0.35
0.84
-0.72
0.35
-0.99
-0.74
-1.11
1.16
-0.38
2.75
-2.47
3.03
-1.06
0.33
-0.35
1.47
-0.98
-0.97
-0.72
-0.14
1.85
0.98
-0.31
-0.44
-1.19
-0.53
0.08
-0.45
2.26
2.10
-0.02
1.60
-0.98
-0.51
-0.79
-0.55
0.99
1.38
-0.71
-0.64
0.51
0.08
0.39
0.77
-0.39
-0.86
-0.21
-0.34
0.23
-0.41
-0.83
0.84
0.02
2.03
2.65
1.65
-0.23
0.64
0.34
-0.62
0.82
1.07
1.53
-1.46
0.82
-0.29
-0.92
1.38
-0.26
-1.90
0.12
-0.39
-0.07
-0.27
0.12
0.43
1.08
0.66
-0.10
0.35
1.52
-1.14
-7.05
2.69
1.79
-0.76
1.23
0.11
-1.13
-0.55
-0.31
-0.94
-0.11
0.29
-0.05
-0.38
0.04
1.18
-0.41
1.63
-0.23
-0.45
0.97
-0.98
-0.68
-0.04
-0.52
0.56
-0.11
-0.76
0.15
-0.98
-0.11
-0.95
0.65
1.09
-0.60
-0.59
-0.07
-0.79
-1.84
-1.86
-0.23
0.17
-0.39
1.22
-0.36
0.65
0.46
0.63
0.13
-1.30
1.30
0.06
-1.00
1.43
-0.06
0.49
1.07
0.52
0.64
-3.22
-3.40
1.80
-0.88
2.00
-0.36
0.86
0.81
-0.62
0.77
-0.36
10.96
-0.59
-1.86
-0.69
1.43
1.29
-0.94
0.07
-0.48
0.10
-0.36
-0.24
0.21
2.30
1.44
-1.67
0.75
-1.73
-0.36
0.89
0.65
1.34
-0.08
0.59
-0.63
0.05
-0.55
0.74
-1.39
-0.17
1.37
-2.04
-0.03
-1.84
-4.37
-2.44
0.97
-0.96
0.43
0.11
-0.32
-1.86
-0.32
0.48
1.04
-0.66
-0.47
-0.70
-0.36
1.59
0.70
0.22
0.39
0.26
-0.69
-0.32
0.43
-0.69
0.09
-0.02
0.88
-1.92
-0.08
-1.48
0.04
-0.77
1.19
0.19
0.46
-1.72
0.02
-0.97
-0.39
0.30
0.77
1.23
0.58
0.75
0.70
1.13
-0.45
2.82
3.43
-1.50
-1.23
-0.51
0.15
0.09
1.07
0.59
-1.59
1.78
-0.07
-0.32
0.13
1.16
1.06
3.42
0.10
0.24
-0.54
0.42
0.52
-0.08
1.31
0.10
-0.89
0.37
0.53
-1.16
1.47
1.16
1.00
0.42
3.43
0.36
0.40
0.03
-0.88
-1.01
1.86
-2.29
0.57
-1.10
0.00
-0.64
1.50
-0.02
-0.06
0.85
0.89
-0.71
0.20
0.11
0.59
-1.93
0.61
0.47
4.84
-1.22
1.13
1.28
-0.43
0.49
-0.68
-0.37
1.32
-0.84
-0.64
-4.21
1.29
0.63
-4.78
4.80
0.75
-0.17
3.17
0.49
0.01
-1.19
-0.65
0.12
1.53
2.19
-2.33
-1.47
-1.06
-0.65
-1.27
0.29
-1.64
1.46
1.83
0.78
-0.97
0.05
0.29
-0.72
-0.30
1.66
-0.67
-2.91
0.33
1.97
0.41
