1.61
-4.13
-3.96
-2.15
0.17
1.68
-3.05
-2.02
-5.44
0.81
0.55
1.16
2.34
-0.11
0.99
-1.18
-1.09
4.42
0.03
-4.23
0.50
0.04
-6.31
-4.58
1.07
-0.24
-0.51
1.70
4.90
2.48
8.60
1.33
3.55
0.25
0.70
0.22
-0.66
-1.01
4.43
0.58
-0.88
-0.31
-0.65
-1.82
-0.06
-0.16
1.70
0.25
-0.50
2.99
-0.85
3.02
0.30
-0.18
1.71
0.15
1.02
1.61
1.05
-0.36
1.46
-0.97
-0.14
0.14
-1.03
0.65
0.62
-0.11
2.51
0.27
0.79
-0.43
-1.79
0.39
-0.11
-0.38
0.50
0.08
2.28
-2.98
-1.85
1.32
-1.19
-2.28
0.60
1.03
-0.14
1.93
0.28
-1.36
15.21
2.95
0.21
2.55
0.44
1.79
0.16
2.16
-0.42
1.06
0.55
1.79
0.19
0.70
-1.40
-0.52
0.19
-0.32
2.60
-2.49
1.28
0.19
1.02
0.40
-1.75
1.80
-0.61
-0.08
2.67
-5.69
-1.07
1.46
1.63
0.77
-0.74
1.48
0.63
2.60
4.01
2.30
1.50
-0.04
1.02
-1.16
0.51
1.04
1.31
-1.84
2.72
1.85
1.71
-1.01
0.21
1.64
-0.65
-1.22
0.27
1.85
1.69
0.93
0.26
-0.65
2.03
5.59
-0.10
-0.60
-2.32
1.55
0.26
0.42
0.62
-1.54
-0.66
0.81
-0.06
-0.58
-0.47
2.95
-0.98
0.94
-1.47
0.72
-4.98
2.07
-1.45
0.89
3.79
0.24
1.32
-0.91
2.81
0.25
-0.11
-0.94
3.42
0.36
0.93
1.66
-0.10
-0.22
-0.10
-1.30
-0.73
0.37
-1.45
0.45
-1.63
0.98
-0.58
1.52
-0.21
1.90
-0.28
4.69
1.64
0.40
-2.05
-0.17
0.85
-2.97
-0.42
-1.16
-0.57
5.48
-0.15
-1.69
-3.13
29.81
-4.92
3.05
6.31
0.83
1.05
-0.41
0.72
0.34
0.20
-0.05
-0.91
-1.13
-4.95
0.92
3.88
1.64
1.80
-1.67
-1.78
-2.43
1.76
5.79
2.34
1.72
1.22
3.48
0.63
1.21
2.49
6.87
-6.88
2.00
-4.21
-4.43
2.33
-2.54
1.34
4.05
-0.76
-1.23
-1.64
-0.01
-2.24
1.82
2.15
-1.09
1.04
2.13
0.43
1.73
1.93
-1.57
-0.76
4.37
1.26
-0.88
2.56
1.55
-0.44
-1.88
-2.37
-4.61
0.37
0.20
-1.61
-0.02
3.58
-0.28
-9.27
0.97
2.91
-2.81
1.29
-3.69
-0.58
-0.77
1.10
-0.18
-0.02
0.59
2.75
-0.07
0.76
1.23
2.18
3.19
-3.23
2.04
-0.91
0.35
0.73
-0.52
-0.33
1.92
-0.43
-0.50
-7.01
-0.74
0.73
-0.43
-2.55
0.36
-0.83
-1.87
3.92
0.06
0.39
1.59
0.41
1.25
1.74
-0.69
1.56
-1.27
2.24
-2.97
0.75
-0.38
0.01
-1.05
0.17
17.83
4.30
1.10
5.02
1.86
-6.64
4.19
2.20
2.13
-1.35
1.12
-0.22
2.59
2.14
-0.36
-0.07
-0.42
3.04
-0.45
1.21
7.26
-6.47
0.25
0.95
0.21
0.43
-0.49
3.76
-0.15
1.52
-0.69
-2.69
-1.27
-3.66
3.53
-3.34
-1.45
-3.62
2.67
0.30
2.29
4.73
1.42
4.25
-1.16
2.69
-0.42
1.04
-0.52
1.44
0.37
-1.16
-0.48
1.16
-3.30
1.64
-1.14
1.22
-0.06
1.27
0.44
3.01
-1.13
1.06
-4.28
-5.34
7.98
-0.84
-1.10
-2.23
0.02
-1.47
2.13
2.02
-0.37
-0.84
0.71
-0.16
0.60
2.27
0.60
-2.67
-0.06
0.46
-1.73
3.24
0.36
0.45
-0.57
6.32
4.13
-0.11
-0.81
-2.72
-0.98
-4.47
0.56
2.19
-0.03
1.76
0.13
0.21
0.84
-0.06
0.29
2.26
1.88
1.09
0.05
1.86
1.72
-0.09
-0.09
0.11
-0.46
-0.14
1.05
-2.53
1.05
3.15
0.98
1.46
0.19
-0.61
1.34
0.45
1.14
-3.16
5.27
-1.62
0.73
-1.96
0.78
-0.12
1.29
0.92
-0.52
0.94
-1.30
-1.60
-6.78
2.18
-1.51
-5.57
0.58
0.81
1.44
-0.26
1.66
-1.96
-2.44
0.16
2.73
3.31
-0.90
0.35
-0.46
-0.32
1.11
-0.14
0.12
-1.98
3.02
6.58
0.53
0.85
3.06
-0.03
0.78
0.15
-0.56
-1.19
2.09
-0.12
2.53
1.56
2.23
-1.30
0.23
2.95
1.45
-1.67
1.27
-2.16
-2.90
-7.85
4.83
1.43
-4.93
6.16
-1.26
2.02
3.78
2.10
-1.08
2.15
-3.04
0.26
1.56
0.26
-0.21
-1.65
-4.05
1.86
-0.38
2.76
-0.13
-0.27
1.72
1.81
-0.82
0.42
0.24
0.46
-3.78
3.56
-0.41
-2.70
-3.67
4.94
-7.76
