-0.31
0.51
-2.18
-1.11
0.84
1.23
-3.65
2.08
-1.93
1.26
-1.77
0.53
1.99
-1.32
2.59
-0.91
1.20
2.77
0.03
-2.67
0.96
2.13
-2.06
-0.25
-1.49
0.34
-1.02
2.01
0.45
2.61
0.00
0.41
0.90
-1.51
0.22
1.80
-0.88
-0.49
3.29
-0.61
0.34
0.00
1.24
-0.55
0.87
-1.12
2.37
-0.64
0.10
3.82
0.97
2.14
0.31
-0.55
-1.52
0.54
-0.85
0.20
0.66
-0.15
0.61
-0.22
-1.31
0.54
-1.91
0.98
0.07
0.07
2.20
-0.17
-0.53
0.54
-0.44
0.10
-0.27
-0.71
0.20
-0.32
0.49
-1.27
-1.17
1.10
-1.54
-0.98
-0.15
0.46
-0.13
1.68
-0.92
0.43
-0.53
0.91
-0.93
-0.33
-1.60
1.47
-0.58
1.84
0.58
-0.45
0.30
0.32
0.15
-3.97
1.14
0.87
-0.79
0.38
-0.59
-0.79
-0.31
0.54
-1.00
0.52
2.69
0.13
0.65
0.05
2.05
-3.92
-1.91
1.69
3.63
0.94
-0.17
-1.13
0.32
0.00
0.84
-0.22
1.57
0.10
0.51
0.24
-0.31
-1.34
0.41
-0.44
0.02
0.19
-0.53
-0.02
0.64
-0.36
0.27
-1.07
0.00
0.47
0.56
0.07
-0.15
-0.02
0.46
-0.46
0.73
-0.17
-0.27
-0.17
0.44
-0.24
0.68
-1.04
0.07
0.39
0.12
0.00
-0.22
-0.15
0.22
0.00
0.00
-1.28
-1.69
1.62
-1.23
0.17
1.52
-4.75
0.80
-0.41
1.13
0.00
-0.71
-0.51
0.69
0.36
-0.81
0.41
-0.74
-0.31
0.72
-0.72
-0.41
-0.23
-1.58
0.11
-0.05
1.00
-0.31
0.34
-0.18
-0.68
-0.42
0.90
0.24
-0.13
-0.23
-0.13
0.65
0.10
-1.12
0.74
-0.08
2.12
0.10
1.07
0.08
-0.33
-0.38
-0.33
1.35
1.39
-0.97
0.08
0.50
0.02
0.42
0.07
0.62
-0.89
-3.71
-0.52
1.22
1.28
2.15
0.07
0.42
-0.02
0.62
0.29
-0.05
-4.31
-0.51
0.26
-0.44
0.33
-0.46
0.10
-0.36
0.03
-0.62
0.26
0.49
-0.26
-0.49
1.51
-0.95
1.16
0.23
0.15
-0.41
0.23
0.05
1.68
-0.48
1.06
0.12
-0.05
0.25
0.00
-0.30
-0.67
0.35
1.13
-0.82
-0.07
-0.12
0.52
1.39
0.74
0.02
0.75
0.43
1.13
0.50
0.57
1.06
0.49
-1.09
-0.26
0.77
-0.07
-0.47
-0.28
0.07
0.02
-0.40
0.57
-0.23
0.49
0.61
6.23
-0.15
-0.94
-0.86
-0.11
0.36
-0.67
0.43
-0.33
-0.38
0.36
-0.16
0.00
-0.04
-0.22
-0.70
0.25
-0.65
0.39
0.02
-0.41
0.66
0.52
-0.74
0.77
-0.22
0.92
-0.29
-0.04
0.18
0.42
0.20
0.18
-0.53
1.29
0.24
-0.04
-0.18
0.11
-0.81
-0.18
0.53
-0.07
-2.34
-0.14
0.32
0.72
-0.16
0.61
0.83
0.13
0.35
-0.07
0.88
-0.28
0.57
-0.68
-0.46
0.04
-0.86
-0.40
0.29
-0.38
-0.29
0.92
1.42
0.24
1.07
8.57
1.29
-0.18
-0.22
0.24
-1.32
-0.12
-1.56
0.20
-1.23
1.02
0.55
0.52
1.14
-0.20
0.42
-0.24
0.02
1.09
0.25
-0.65
-0.08
0.81
0.00
-1.41
-0.30
-0.74
0.46
-0.78
0.92
-0.54
-0.64
-1.09
-0.08
-1.96
0.29
1.26
-0.04
0.86
-1.42
0.14
0.58
0.74
-0.39
0.24
0.10
0.00
0.43
0.71
1.06
0.58
0.61
0.16
1.41
-0.29
1.76
0.53
0.06
-0.02
-7.67
-0.84
-0.60
-0.15
0.00
0.40
-0.39
-0.10
0.50
-0.17
0.56
0.93
-0.23
0.43
0.02
-1.04
-0.08
-0.31
0.15
-0.10
0.79
0.51
0.68
0.79
-0.46
-0.20
0.12
1.36
-0.55
0.90
1.46
-0.39
0.43
-0.51
-0.71
-0.20
0.44
0.18
-2.48
0.16
0.16
-0.40
-0.77
0.78
-0.53
0.16
-0.80
-0.10
0.89
-0.27
0.27
-1.00
1.11
1.12
-2.44
-0.85
0.90
0.21
2.23
1.75
-0.16
-0.67
0.28
-3.77
-1.22
0.23
0.17
-1.29
0.17
0.15
-0.11
0.30
-0.51
-1.37
2.32
0.99
0.60
1.05
0.16
-0.53
0.31
1.14
0.16
1.37
-0.08
0.70
0.26
0.81
0.65
0.29
2.23
-1.54
-1.89
1.24
0.08
-2.91
-4.07
2.72
-1.07
-4.15
1.90
0.88
0.71
1.98
2.41
0.14
-1.62
-0.92
0.32
1.84
1.33
-0.86
-0.12
-1.89
1.23
1.93
0.41
0.43
0.79
1.61
-0.13
-0.60
-0.49
0.10
-0.19
-0.61
-9.43
-0.06
-2.40
-2.40
3.77
-2.37
