0.75
-2.78
-0.37
-2.29
1.40
2.18
-3.06
0.13
-1.62
1.52
0.40
0.03
1.15
1.86
2.44
-1.37
4.03
1.78
1.67
-2.17
-2.26
-1.08
-3.51
-3.53
1.18
0.17
5.42
1.40
1.08
-0.45
-0.48
1.75
0.66
-0.29
1.93
1.33
-1.62
-0.99
4.57
-0.98
-0.60
-0.98
-1.24
1.07
-0.02
1.27
1.52
-0.22
-0.18
-0.41
-0.84
0.29
0.40
1.16
1.36
-0.61
-0.51
0.71
0.48
-1.08
1.52
-2.04
-0.60
0.43
-0.86
0.18
-1.07
0.68
0.23
0.16
-0.39
1.53
0.53
-0.27
-1.40
-0.04
0.24
0.75
0.19
-2.87
-0.89
0.61
1.48
0.13
-1.90
0.94
0.48
0.61
-2.26
0.90
-2.61
1.40
-2.93
0.58
-0.07
0.52
-1.35
1.65
2.38
0.19
0.67
-0.55
-0.34
-0.32
-1.20
-0.29
0.58
0.43
0.36
-0.50
-0.46
-0.07
0.31
-0.25
0.07
0.64
-0.33
0.76
0.57
1.29
0.03
1.38
0.83
-0.94
1.15
0.55
0.59
-0.76
1.94
-0.98
-0.62
0.03
0.52
-1.45
0.24
-0.39
0.34
-1.03
0.97
1.74
1.09
-1.51
4.02
0.68
-0.56
-0.69
-0.12
0.71
0.61
-0.97
-0.33
0.61
-0.12
-0.48
0.14
-0.42
-0.07
0.10
-0.10
0.28
-0.48
-0.25
-0.10
-2.08
0.64
-0.74
0.71
0.78
0.16
0.18
-0.13
-0.28
-1.33
0.37
-0.29
-0.70
-0.16
-1.22
1.02
-0.11
1.60
1.45
-0.64
0.07
0.92
-0.90
-1.09
0.43
-1.44
-0.62
0.18
0.98
-0.79
0.85
-1.13
0.61
0.95
0.15
-0.48
0.04
-0.00
-1.50
0.61
1.35
0.35
-1.11
-8.72
4.15
0.36
-0.08
-0.58
-0.33
-0.24
-0.61
-0.01
1.76
-0.61
0.10
-0.25
2.25
0.69
0.40
-1.94
1.61
1.85
0.17
0.41
-0.72
0.28
-0.32
-0.52
0.32
0.92
0.44
2.71
-2.77
-0.49
0.33
2.04
-2.02
0.44
0.45
1.36
0.72
0.13
-0.89
0.08
0.15
-1.05
0.35
-1.15
0.87
0.46
0.25
-0.36
-0.84
0.68
0.01
0.09
-0.86
-0.14
0.74
-2.05
-0.38
-3.29
0.93
-0.52
-1.15
0.30
-0.72
0.15
-3.02
0.92
1.23
-0.55
1.47
3.61
1.15
-1.08
-1.22
0.39
0.41
-1.39
0.48
0.22
-0.23
-0.80
1.05
-0.18
1.29
-0.07
0.17
-0.49
-0.66
0.36
0.60
-0.85
0.18
1.78
0.35
-1.70
0.50
0.79
-0.41
-0.94
0.33
0.02
0.11
-0.72
-0.03
1.88
-0.86
-0.94
-4.13
-1.23
-0.13
-0.31
-0.46
0.68
-0.07
-0.67
-0.41
0.78
0.83
1.10
1.60
0.90
1.48
-1.98
0.42
-2.97
-3.51
-2.61
1.70
0.46
1.57
0.75
0.44
0.76
0.68
-0.47
-0.30
1.03
-1.25
-2.35
0.35
0.63
-1.15
-3.33
-0.07
1.60
1.90
-0.34
-2.24
1.47
0.11
-2.33
-1.99
-0.22
-1.82
0.96
0.81
-0.08
-0.09
-0.15
-1.10
-0.44
-2.33
-1.88
-0.29
-0.02
1.31
-0.49
-2.19
-0.45
1.25
0.76
-18.89
-1.25
-2.08
0.19
0.54
1.72
4.27
-0.24
0.69
1.10
-0.34
0.95
-0.26
-2.00
1.31
0.31
7.41
-0.64
2.13
1.89
0.72
-1.94
-0.27
0.02
-0.98
0.05
-2.93
0.86
-0.24
-1.23
2.85
-0.47
-1.35
-0.06
0.10
-1.38
0.60
2.97
-2.09
-0.53
0.54
-0.99
0.44
1.72
0.95
-0.94
-0.64
-1.35
1.46
4.39
-0.42
1.32
0.10
-3.41
0.17
-0.49
3.62
2.65
-1.02
0.73
0.36
0.04
0.01
-0.67
-0.84
-0.46
0.83
-2.40
0.99
-0.69
-0.68
1.31
-0.33
1.43
0.46
-1.73
-1.62
-0.12
-1.13
-0.30
5.56
1.42
-1.50
-1.33
-1.61
3.35
-0.94
-1.71
-0.36
1.43
1.58
-0.12
0.80
-0.06
1.80
0.38
-0.05
-2.13
1.37
-1.09
0.04
5.61
3.44
-0.05
-0.77
6.82
-0.07
-1.75
-0.39
2.54
-1.53
-0.15
-0.38
-1.82
-0.52
2.36
-1.16
-0.40
-0.23
0.41
0.89
-0.96
0.02
-0.75
3.63
1.84
1.51
1.01
-0.11
0.48
-1.08
0.50
-0.44
-0.27
2.77
0.49
2.51
-0.26
-0.40
1.74
-1.11
0.95
-0.56
-2.07
-1.33
-0.87
-3.71
-1.93
2.88
-1.11
0.02
-1.01
-0.54
-1.18
0.91
1.91
-0.47
0.53
-1.88
-0.13
2.74
0.33
-6.43
2.35
-0.38
-0.92
2.42
1.98
-3.56
-0.18
3.37
-0.55
0.68
-0.67
-0.12
0.93
-0.98
-0.44
-0.23
-2.38
-0.71
2.49
-2.62
