-5.63
-3.03
-2.50
-1.74
0.56
-5.00
-2.53
-1.00
-4.55
0.00
0.11
0.11
2.75
-1.34
0.52
-1.04
0.31
1.46
-0.31
-2.99
-3.19
4.73
-10.07
-8.05
1.14
5.40
8.21
-11.99
-1.12
11.50
-0.79
4.11
7.24
-2.97
6.96
2.17
-1.83
0.49
0.39
3.51
2.45
-0.28
2.67
-6.46
-2.21
-5.00
3.10
3.21
-4.56
0.20
5.18
-2.12
1.68
-1.26
-2.95
10.63
-12.17
0.42
-1.45
-5.79
0.34
2.67
-2.60
-1.45
-3.62
-3.28
-0.97
5.63
3.36
0.45
-3.79
2.09
0.00
1.93
2.34
1.63
0.43
0.11
0.75
-0.11
5.19
-9.26
-3.66
6.91
0.65
3.53
0.62
1.95
0.71
1.00
0.10
-1.19
6.11
0.00
-0.28
1.99
0.56
0.55
1.10
2.09
1.60
3.24
2.12
1.00
2.96
-2.80
-0.74
-2.24
1.19
-2.93
-3.19
-1.42
1.54
2.76
0.09
2.25
-0.42
-0.08
3.74
-3.77
-2.13
4.96
3.81
-0.56
0.08
1.93
-0.55
1.66
3.43
-1.81
0.23
1.07
-1.29
-0.46
-1.31
-2.42
-1.20
-2.83
2.33
5.86
1.31
-0.38
0.46
3.19
-0.74
-2.74
4.27
0.95
-1.59
-0.37
-1.33
0.00
-0.45
-0.83
0.23
-0.91
-0.69
-0.69
3.25
2.47
3.29
-1.56
2.23
-0.70
2.27
-1.18
-1.89
2.71
0.35
0.62
0.76
-2.39
-4.62
4.92
-1.33
-5.60
0.00
1.05
0.30
1.19
0.22
2.41
0.57
-0.71
1.07
1.91
-1.87
1.34
-1.19
3.60
0.68
-2.37
-0.69
-1.61
-2.63
-2.84
-1.20
-2.58
-3.51
0.97
2.48
0.08
-1.40
1.27
-4.84
-3.37
-3.65
1.15
-1.22
-1.41
-5.19
-1.42
2.20
-0.84
-0.66
-0.76
-0.10
5.18
-2.74
2.16
0.92
0.64
2.53
-1.76
-1.62
0.18
0.73
2.71
-1.23
3.57
-1.20
16.11
0.30
3.07
0.51
-0.07
-0.22
-2.39
0.07
-1.19
-2.25
0.92
0.00
1.98
-0.97
-1.20
0.53
0.45
-1.28
-0.38
0.08
-2.45
2.28
0.00
-4.15
-2.81
-0.83
-1.08
0.93
6.33
-0.08
1.96
1.46
0.45
1.66
-1.93
1.29
0.00
-1.57
-0.99
-0.31
0.00
0.00
1.23
-0.84
-0.31
-0.61
-2.40
1.82
1.87
3.28
-0.52
-3.79
4.95
-3.24
-1.45
2.86
-0.23
-0.90
-6.00
1.29
-0.88
2.57
-2.20
-6.50
0.60
1.71
1.68
2.06
-6.38
0.09
0.00
-1.03
2.09
-1.79
0.70
-0.60
2.86
-1.69
0.34
1.88
-1.60
0.77
-0.51
1.19
-0.59
1.35
-4.51
-4.28
1.74
-1.08
-2.81
0.19
-1.58
2.08
0.65
0.74
-1.65
1.12
-0.37
2.49
-2.25
-0.46
0.56
-1.10
-0.19
-0.37
-2.62
-4.42
0.10
-4.52
3.37
-1.02
-3.81
-4.49
5.49
-1.91
-1.30
0.22
1.20
-0.97
0.66
-2.82
-0.67
2.70
1.75
1.94
-7.70
-3.09
-0.71
1.19
-7.63
1.14
-4.77
-3.69
-4.25
-1.14
1.59
6.98
3.86
6.15
2.17
0.35
5.06
2.58
-2.51
-1.68
1.37
-2.81
-1.50
2.82
3.89
0.77
0.11
0.87
2.05
1.27
-1.26
-3.18
3.61
1.80
1.97
-0.81
-1.03
-1.87
-5.49
-3.35
-3.12
-0.12
1.31
1.42
0.58
-1.16
-6.55
1.13
-0.12
4.09
3.21
-2.08
-2.59
-2.06
6.05
-2.79
0.36
-3.58
1.24
-0.86
-0.37
4.58
-1.66
3.01
-1.64
-1.07
1.32
-1.42
0.60
-2.15
-0.24
-0.61
0.86
1.59
-1.08
-0.73
0.73
-0.36
-0.24
-1.34
-4.71
0.13
-0.39
3.78
-0.13
-1.13
3.31
0.86
-4.15
1.40
0.38
-0.25
-0.50
-0.13
-3.03
-1.17
-1.32
-3.60
0.69
-0.21
0.21
-0.96
0.42
1.11
1.23
0.14
-24.56
-5.55
-6.44
-9.11
1.78
2.19
4.93
0.61
4.46
-0.19
0.39
-0.58
3.90
-1.31
0.95
-1.69
-2.87
-1.38
-4.60
0.00
-0.42
1.47
2.49
-0.81
2.65
-0.80
0.40
-0.60
4.22
-5.01
-0.61
-3.27
2.11
-3.10
-0.43
2.14
2.31
-1.23
1.87
1.22
-0.20
4.23
-6.19
-5.98
-0.66
0.88
0.44
-1.09
0.22
-1.32
-2.67
-5.49
0.73
1.20
2.14
0.47
3.94
2.67
3.69
7.53
-1.17
-3.35
-1.63
0.41
-4.12
-1.29
1.31
3.66
1.66
3.06
2.18
3.29
-8.63
-7.19
-4.65
4.41
-3.11
1.15
-3.63
5.41
4.91
2.13
3.54
0.00
0.20
3.82
-3.29
5.00
-0.76
-1.34
-5.45
-1.85
2.73
7.76
-3.22
4.31
-2.25
