0.02
0.02
-3.03
-1.14
0.00
-0.09
-1.97
3.18
-0.88
-0.62
0.67
1.06
1.57
-1.76
4.03
-1.35
0.96
3.61
-1.08
-2.08
0.55
4.62
0.22
-0.44
-0.10
-2.23
-0.90
3.54
2.72
1.34
-1.48
-0.74
2.63
-1.42
-0.64
1.27
0.25
-0.87
2.35
-0.83
3.42
-1.18
0.43
-2.48
-0.19
-0.84
1.83
1.88
-0.58
1.14
1.70
0.44
-0.45
-0.86
-1.43
-0.43
0.62
1.82
-0.35
0.22
-0.88
-1.00
-1.57
0.59
-1.35
0.44
0.13
1.76
3.56
0.45
-0.05
0.25
0.36
0.55
-0.92
1.04
-0.78
5.14
2.21
-1.08
-1.12
-0.41
-1.38
-3.40
-0.50
-0.13
0.54
3.17
-1.16
-0.02
-1.60
1.77
-1.07
-2.07
-3.42
0.09
-0.37
1.84
2.40
0.00
0.29
0.22
-0.14
1.04
-2.40
1.57
0.75
1.28
-1.55
-2.02
-0.62
-0.81
-0.44
0.63
0.30
1.03
-0.64
0.48
2.75
-7.77
-5.95
1.94
1.63
2.43
-0.06
-2.62
0.61
-0.08
2.70
1.69
2.15
-0.44
0.32
-0.48
1.36
-1.63
2.46
-0.47
0.53
1.65
4.38
1.23
-0.93
0.75
-0.73
-1.23
-0.12
-0.69
1.06
0.28
-0.31
-0.38
0.31
-0.33
1.94
0.08
0.34
0.78
0.64
-0.02
0.18
-0.45
0.30
-0.13
0.72
0.36
-1.09
-0.48
-0.57
-2.31
-0.61
-0.02
-2.38
1.89
-1.42
0.67
0.33
-0.63
0.19
1.06
0.87
1.16
-0.89
-1.28
0.33
1.97
-1.06
1.54
-0.02
0.54
1.24
-0.10
-1.22
-0.88
-1.85
0.03
-1.32
0.23
-0.02
0.19
0.05
-0.56
-0.25
-0.27
-2.73
0.84
0.04
0.20
-0.85
-0.58
-0.13
-0.72
0.70
2.27
-0.36
4.32
4.09
-1.92
0.64
1.81
-0.54
-0.46
-0.40
0.60
1.01
2.02
0.03
-1.61
0.44
1.44
1.43
0.10
3.66
-1.50
4.97
0.65
-0.57
-0.86
0.10
-2.17
-0.52
-0.41
0.17
0.75
-0.52
-0.34
0.45
0.31
-1.02
-0.91
-0.73
2.22
1.38
-1.63
1.14
-1.23
1.81
0.83
-0.70
1.79
-0.89
-0.91
-0.86
0.40
-0.80
1.88
2.55
-0.47
-0.72
0.04
-0.46
1.96
-1.52
1.33
-0.61
-0.65
-1.17
2.02
0.79
1.66
0.29
-0.39
-1.55
0.19
-0.12
-1.06
-0.88
-0.03
0.28
-1.18
3.56
-2.62
1.86
-0.52
-1.03
-0.38
-0.88
1.48
0.24
-0.77
2.26
0.03
0.91
-0.59
-2.11
-0.18
0.09
0.04
-1.67
0.90
0.83
-0.01
-0.65
-0.54
-0.33
0.20
0.61
0.00
0.73
-0.18
-2.78
-1.55
1.10
-1.74
0.56
2.04
-0.18
3.00
-2.91
-0.64
1.64
0.48
-0.82
2.84
-1.03
-0.68
0.21
-1.07
-0.05
-0.48
-2.43
-1.55
0.65
1.03
-1.64
-1.66
0.80
0.06
-0.10
-0.19
0.00
-0.10
0.02
0.51
1.16
-0.85
-1.31
2.89
-1.04
0.82
0.06
0.89
-0.39
-0.68
1.91
0.15
-0.03
-1.84
-1.94
0.00
-0.38
1.09
-0.62
4.08
-0.08
1.12
1.45
-0.91
1.22
0.63
1.27
0.01
0.04
-0.38
0.57
-0.61
0.32
0.12
0.03
0.47
0.39
-0.72
-0.12
-0.58
0.03
0.40
-2.06
0.60
0.25
1.43
-0.04
-0.95
-1.02
-2.98
-0.61
0.62
-0.52
-0.68
-1.99
-0.24
0.40
1.90
-0.68
-0.30
0.30
0.61
1.18
1.41
0.38
-0.71
-0.87
-0.08
2.44
1.15
0.15
1.54
0.55
0.14
1.01
1.34
0.06
-0.08
-0.18
1.00
0.88
-0.25
1.14
-0.44
-0.04
0.80
1.15
0.81
0.50
-1.94
0.03
0.16
-0.76
0.10
-0.33
0.03
-0.01
-0.14
1.61
1.56
-0.36
-5.72
-0.21
2.63
-0.29
-1.98
1.82
-1.05
1.38
-0.89
-1.00
-0.18
-1.50
0.24
-0.39
-0.94
-0.70
2.21
-4.32
1.51
-0.01
0.27
-1.37
-0.06
2.44
0.70
1.91
-0.97
0.89
-0.14
-0.07
1.57
1.05
-0.32
0.24
-2.52
-1.26
-0.09
2.08
0.42
0.58
-0.11
-0.32
0.21
-0.44
0.85
-0.50
2.73
1.22
1.27
0.33
-0.32
-0.04
-0.96
1.97
1.10
-0.56
0.75
-0.18
1.45
0.17
-0.36
1.20
-1.37
1.93
0.37
-4.13
-1.56
0.21
-2.84
-4.19
0.70
-1.94
-2.46
0.70
1.14
-0.15
1.44
-0.20
-0.29
0.31
0.33
1.70
1.31
0.32
-0.45
0.51
-3.56
-2.68
2.41
1.60
-1.20
-1.32
1.34
-1.93
-0.53
-1.53
0.71
1.38
-2.35
0.21
0.80
-3.74
-2.15
3.30
-1.75
