-0.16
-4.50
0.97
-1.46
-6.05
-0.67
-0.24
2.76
-1.67
-3.70
-1.32
5.24
4.55
-4.41
6.68
-0.63
9.45
0.78
-2.13
-1.22
2.09
-6.31
-8.20
-0.49
-1.23
-0.06
1.68
4.41
-3.64
3.77
-2.05
-0.24
1.44
-5.74
3.89
8.52
0.22
2.11
2.99
0.85
-2.93
5.23
1.54
-2.47
2.12
-1.62
5.62
-0.98
2.61
3.70
1.11
0.23
-1.10
0.88
-1.01
0.97
0.37
3.06
1.11
-0.96
1.06
-1.27
-3.50
6.43
-1.60
-0.53
-1.15
3.66
-3.62
1.65
-3.65
2.78
3.95
0.73
-1.57
0.90
-0.94
2.93
2.72
-3.75
-0.89
1.32
-5.52
-1.25
7.32
0.21
0.84
4.41
-1.16
2.82
-2.43
1.41
1.51
-0.78
-1.26
-0.24
0.24
1.12
1.81
0.81
-0.31
0.50
1.30
0.87
-2.25
1.73
2.68
1.54
-0.65
-3.32
0.45
0.41
-0.19
-2.77
1.08
0.46
0.83
0.11
2.25
-2.98
-6.97
4.72
2.41
2.69
0.37
-1.62
0.56
0.67
1.22
0.51
3.23
-1.30
1.00
0.21
0.39
-1.30
-0.50
-0.50
0.40
-2.25
1.79
-2.16
2.68
2.04
-2.53
-0.07
2.52
12.01
1.91
0.25
0.31
0.40
1.71
1.44
2.13
-2.40
0.09
0.18
0.44
-0.85
-0.21
-0.45
1.43
-0.12
-0.38
1.36
-1.14
1.30
1.66
-0.26
-0.98
1.16
-3.45
0.89
-4.77
-0.71
0.94
1.82
-0.58
-2.07
1.87
-1.31
-2.79
1.28
-2.20
5.44
1.01
1.27
1.79
-0.26
4.12
-0.48
0.28
2.49
0.86
-0.66
-0.11
-0.58
0.58
-0.33
1.85
-1.93
-0.28
-1.39
-1.04
0.31
-1.56
-1.93
-3.29
1.03
-2.17
2.06
-0.06
3.01
0.44
3.50
-1.01
-4.10
-0.89
4.13
-0.49
-1.36
1.73
4.78
-1.68
0.34
-0.31
-4.78
-3.34
15.75
-0.71
1.03
-3.68
-1.03
-1.97
1.99
-0.41
0.85
1.06
-2.81
-1.14
0.51
2.71
-2.42
-0.87
0.53
-0.42
0.31
-0.03
-0.79
-0.40
1.42
0.39
1.00
1.02
-2.32
2.54
-1.83
1.33
0.22
-0.22
0.11
0.93
0.05
-1.27
-0.03
-0.36
1.41
-0.22
-4.58
0.57
-0.37
-0.85
0.03
-0.57
-3.67
-6.87
0.52
3.56
-0.71
1.15
0.28
-2.09
-0.13
-1.29
-3.92
-0.60
-1.70
4.34
-1.23
4.48
-1.61
1.22
0.44
-0.98
-4.01
1.72
-1.17
0.59
-0.95
3.74
-0.67
1.93
-0.47
-2.75
-1.01
-0.82
0.96
0.62
2.97
2.19
-1.12
1.91
-0.71
0.37
-2.47
0.19
-0.82
0.86
0.16
-0.82
-2.42
1.86
-0.58
-3.70
-0.80
-0.91
0.61
2.84
-1.25
-1.93
1.02
-1.24
-1.16
3.78
-3.78
7.75
2.36
-1.81
1.97
-0.28
-0.22
1.00
-1.27
-1.45
-0.57
1.38
-0.60
-0.45
-0.96
-1.10
0.52
-2.14
-1.63
2.36
-0.69
-2.19
1.80
-6.50
-2.21
2.22
-0.71
2.69
-2.48
-6.02
-1.34
0.77
1.80
-1.58
0.77
3.27
-0.15
-1.73
1.80
0.22
2.02
3.28
-3.66
-2.68
0.11
1.75
2.12
0.11
0.96
1.63
-0.77
-1.26
3.55
-3.43
-1.17
1.58
4.53
0.24
0.03
-0.44
-0.64
-0.14
-6.33
-7.63
3.24
-4.06
2.35
-0.78
0.12
-0.51
-1.38
-1.48
-0.28
-0.69
1.64
-1.33
2.49
0.32
0.20
-0.48
-1.52
-1.34
-0.21
3.00
0.80
0.04
0.32
-2.25
-3.67
0.75
1.29
4.60
0.27
0.39
-0.12
-1.48
4.68
0.98
0.34
1.53
-2.54
-2.00
1.23
0.27
0.91
0.60
-0.11
1.20
-1.78
-0.23
1.55
0.22
-1.63
-0.34
1.36
-0.26
-0.45
-1.84
-0.92
-5.95
-1.15
-0.75
2.72
3.18
1.70
3.38
1.84
-1.33
2.99
2.62
0.53
-4.26
-0.04
-1.51
-3.03
-3.00
-0.83
1.92
1.49
1.94
0.80
1.62
-2.11
-0.34
0.19
1.90
2.16
-2.84
-1.09
-3.91
1.38
1.60
1.84
0.30
0.19
-1.09
-1.97
3.13
0.49
4.06
4.58
1.13
3.08
-2.40
0.47
-1.41
3.50
1.05
0.68
-0.48
-0.88
-1.41
-2.79
-0.65
-0.03
-1.34
0.42
-0.07
1.32
-0.14
0.34
0.89
-2.10
-0.59
-2.26
-14.28
-1.95
0.68
-2.65
0.09
0.91
0.56
-5.96
-1.58
4.88
-1.01
3.99
-0.21
0.17
-0.72
-0.82
8.40
4.67
0.00
-0.95
-2.62
0.20
0.87
4.93
0.04
-0.60
-0.56
1.09
-0.11
0.19
0.07
-2.57
1.61
-1.54
2.06
5.39
-2.27
-0.65
4.32
-5.47
