4.39
-0.87
-0.83
-3.12
0.82
-0.10
-3.24
-2.81
-1.42
0.51
-0.77
1.60
1.47
-0.95
-0.35
-2.38
-2.28
3.98
-0.26
-0.72
-0.21
-0.88
-3.18
-5.82
-2.17
-0.82
-1.59
3.35
3.77
2.51
0.65
-0.11
0.81
-0.43
1.40
3.94
-2.25
0.37
6.00
2.17
-0.05
0.43
0.62
-2.67
-0.10
-1.28
2.39
0.29
-0.10
1.99
2.42
-1.76
-1.37
0.43
-0.86
-0.19
-0.92
4.81
0.70
0.64
0.73
-0.59
-0.23
1.56
-0.90
1.91
1.56
-0.70
0.53
-0.18
0.53
-0.18
-0.31
-0.53
0.67
0.22
-0.88
0.49
3.27
0.34
-2.30
1.35
0.00
1.55
-0.89
0.68
1.06
-0.46
-4.01
0.57
-3.45
2.13
-3.90
-2.77
-0.81
2.30
-1.17
1.66
0.14
-0.33
-0.98
-0.66
1.56
0.23
-0.93
-1.22
2.95
2.63
0.18
-1.26
-1.23
-0.55
0.00
-1.76
-0.75
-0.10
0.14
0.38
0.62
-2.16
-1.92
2.70
2.15
0.23
-0.09
0.65
0.79
0.97
2.19
1.38
-0.92
1.38
0.04
0.13
0.70
0.65
0.13
0.65
1.50
1.77
-0.54
2.29
2.08
1.48
0.31
-1.18
-1.07
-1.56
1.26
-0.40
-0.32
-0.12
-1.87
0.21
-0.45
-1.53
-0.38
-0.46
-1.23
0.82
2.13
-0.38
2.55
0.69
1.74
1.32
-1.30
-1.55
0.40
0.73
1.40
-0.63
-5.64
1.01
-2.54
-0.56
-0.30
0.26
0.13
-0.60
1.47
2.17
0.08
0.04
-2.17
0.04
-2.89
0.92
-2.30
-0.89
-1.26
-1.59
-0.97
1.30
-2.71
2.03
-0.37
0.14
-0.19
-0.05
0.56
-0.42
-0.88
-0.14
-1.27
-3.28
-3.39
-1.02
0.36
-2.87
-1.27
-2.67
0.44
3.01
0.27
1.11
1.73
2.06
2.52
-1.43
-2.45
-1.38
0.10
-0.83
1.36
-0.15
0.00
-0.46
-1.04
0.47
-2.35
1.44
0.53
1.36
3.15
0.50
-0.35
-0.70
-0.96
-1.83
-1.66
1.63
0.47
1.70
-2.03
-1.09
-0.52
-0.95
-0.74
0.91
0.58
1.95
2.74
-1.61
-0.87
-1.96
-2.05
-1.34
0.00
0.60
-0.43
-0.87
-1.43
0.89
0.44
-0.49
-1.33
-1.34
-3.97
-0.24
6.04
-0.95
-0.96
1.76
0.73
-2.50
-1.42
2.54
1.58
-0.17
-1.39
-0.96
-1.76
-0.12
0.93
-1.38
0.70
-5.03
1.95
-1.43
0.06
0.48
-3.44
-2.81
-1.16
-2.66
-1.34
-1.42
1.30
-0.20
3.53
-1.18
-1.13
-1.28
-1.70
-3.53
2.44
1.47
-0.62
1.11
2.61
0.27
1.00
-1.32
-1.27
-1.63
0.41
-0.48
0.62
1.51
0.41
0.40
0.80
0.86
0.13
0.53
-0.79
-3.69
-0.14
-1.71
-1.19
-2.19
2.02
-1.63
-2.88
-7.70
-2.57
-0.66
-1.74
2.03
-1.41
-4.36
-3.60
-4.91
-0.96
-0.19
5.81
-0.82
3.14
4.65
0.43
-4.77
-5.99
1.71
4.02
-1.44
1.00
0.63
0.90
-1.42
1.44
3.56
-0.17
0.86
-1.45
-2.60
-3.37
-2.48
-0.19
0.57
3.85
3.98
0.78
-1.38
0.70
-1.65
4.51
-4.65
-1.24
1.17
-0.27
-1.16
1.62
3.01
1.29
1.10
0.00
1.34
0.66
-1.07
-1.75
1.69
1.50
6.07
-6.81
-1.33
0.67
-5.60
-2.12
6.60
2.97
-2.47
-1.10
-3.93
-2.93
3.02
-4.62
-0.84
-2.35
-1.44
0.00
-1.07
1.18
-0.29
2.45
-2.48
-0.88
-0.89
0.00
1.60
-1.18
2.78
-1.55
0.69
0.19
0.00
2.33
1.14
0.56
-2.15
-4.11
-1.20
-0.81
0.41
3.44
4.31
-0.94
-0.38
-0.29
1.91
1.40
2.49
0.99
-3.39
-0.09
-0.37
0.09
-3.89
1.93
-0.76
0.10
-0.38
0.19
-1.33
-0.87
-0.68
-1.28
-0.89
-1.10
-1.52
0.10
0.10
9.04
-7.63
-2.65
5.97
8.21
1.83
-3.05
-0.46
3.07
2.62
1.32
-1.13
-0.26
1.41
-2.78
-2.59
4.03
6.08
-7.89
-2.80
1.11
-1.93
-3.55
2.72
2.27
0.74
0.09
2.47
-0.89
1.62
1.95
-3.92
-0.18
1.36
2.42
1.57
2.07
0.00
0.25
4.88
-2.97
-3.88
0.86
0.34
-2.29
1.65
-0.26
0.34
-2.39
1.49
-1.21
2.45
1.45
1.68
-2.64
0.42
-0.93
0.00
-3.75
-1.06
-3.67
-2.33
-3.33
0.20
0.69
-4.98
0.72
4.08
-2.06
-0.70
5.54
0.38
-3.33
-1.77
1.50
3.85
2.76
-4.35
0.97
2.59
-1.77
-0.86
0.77
-2.38
-1.75
-1.49
-0.40
2.73
-3.15
-2.95
0.73
-1.46
-1.05
0.85
2.11
-1.66
1.05
-1.67
