0.32
-0.97
-0.87
-1.57
0.92
-0.21
-0.86
0.40
-1.54
2.33
-1.17
1.17
0.83
-0.66
2.55
-0.01
1.29
2.34
-0.70
-1.11
1.10
-0.49
0.62
1.75
0.02
-1.23
-2.11
1.36
0.59
1.20
-0.57
-0.23
0.42
-0.39
-0.31
0.96
-1.51
-1.00
1.17
1.63
0.35
0.78
-0.47
-0.05
-0.12
-0.82
-0.64
-0.71
0.17
0.04
1.73
0.48
0.20
-0.70
0.10
0.08
-0.33
0.22
-0.14
-0.45
1.48
-0.38
-0.06
0.78
-0.68
-0.05
-0.56
0.12
-0.45
-0.55
0.35
0.64
0.54
-2.08
-0.92
0.19
0.57
-2.28
0.43
-0.16
0.45
1.06
0.16
0.62
-0.37
1.02
-0.01
0.44
-0.40
0.32
-1.43
0.49
-1.24
-0.96
0.43
-0.21
0.22
0.96
0.63
-0.32
0.26
-0.48
0.93
0.20
0.63
0.36
-0.54
0.40
0.63
0.04
-0.76
0.94
-0.48
0.55
-0.34
-0.11
0.45
0.19
0.77
-2.32
-1.25
1.51
1.76
0.91
0.13
0.78
-0.48
-0.24
1.11
-0.02
0.00
0.16
-0.02
0.16
-0.09
0.28
-0.99
-0.07
0.54
0.09
-0.62
-0.95
0.41
0.92
0.96
0.41
-0.91
0.09
-0.31
-0.02
0.27
0.37
0.49
0.36
-0.02
-0.51
0.44
0.55
-0.15
-0.53
0.63
-0.10
0.68
-0.36
0.82
-0.86
-0.26
1.15
-0.12
0.50
-0.78
-0.19
-1.75
2.33
-1.36
-0.05
1.21
-0.01
0.36
0.24
-0.88
1.36
-1.38
0.10
0.58
1.24
-1.37
1.72
-1.21
-0.35
0.57
0.42
0.87
-1.04
-0.58
0.03
-0.37
0.22
-0.68
-0.43
-2.18
-0.71
-0.71
-0.27
3.41
0.49
-0.94
0.30
-0.05
0.06
-0.13
-0.16
-1.76
1.74
1.04
-1.75
-3.46
0.75
-0.69
0.75
-0.51
-0.14
-1.29
0.78
0.15
-0.10
0.94
-0.47
-0.22
-0.52
-0.73
0.66
0.72
-0.10
1.53
-0.81
1.04
0.90
0.06
-0.95
0.37
0.00
0.04
-0.17
-0.34
0.23
0.58
-0.42
-0.63
0.33
-0.32
0.14
0.36
0.66
-0.04
-0.74
-1.08
0.31
0.11
0.20
1.43
-0.33
-0.27
3.25
-0.56
1.03
-0.80
-0.64
0.14
0.03
0.98
-0.31
0.49
-0.40
-0.01
0.70
0.36
0.38
-0.79
0.39
-0.51
3.71
-0.36
0.33
0.64
-0.25
-0.34
-0.09
-0.18
0.20
0.65
-0.82
-0.45
-0.14
-0.09
-0.17
0.22
0.81
0.26
-0.34
0.44
0.04
-0.48
0.24
-0.03
-0.22
-0.24
-0.22
-0.09
0.30
-0.18
-0.44
-0.39
-0.19
0.26
0.07
-0.63
-0.19
0.29
0.35
0.57
-0.31
0.40
0.45
-1.32
-0.30
-0.79
1.05
0.51
-2.52
-0.06
-0.41
-0.27
-1.00
0.24
0.02
0.06
0.06
-0.17
0.10
-0.37
0.02
0.16
-0.10
0.02
-0.45
0.43
-0.03
-0.15
0.49
0.42
0.45
0.17
0.79
0.05
0.52
0.17
0.07
-0.03
-1.04
0.35
0.09
-0.20
0.43
1.06
0.31
0.22
-0.26
-0.26
-0.41
0.44
-0.07
-0.84
-0.27
-1.56
0.18
0.68
-0.08
-0.34
0.32
-0.64
-0.37
0.22
-0.30
0.46
0.52
1.25
-0.33
0.28
0.01
-0.49
1.09
0.18
1.55
-0.52
0.68
0.31
-0.07
-0.20
-0.21
0.85
0.15
0.37
-0.20
-0.44
0.34
0.60
0.26
-0.40
0.43
0.42
-0.08
-0.38
-0.18
0.26
-0.04
-0.16
-0.49
0.44
0.28
0.21
0.00
0.27
-0.14
1.24
-0.51
0.04
0.00
-0.30
-0.13
1.10
0.24
-1.86
-0.43
0.52
-0.08
-1.92
0.02
0.10
0.87
0.38
0.33
-0.42
0.33
-0.23
-0.54
-0.17
0.75
0.97
0.11
-0.37
-0.03
-1.27
-3.65
-1.08
-0.37
-0.16
0.76
-0.53
-0.88
0.08
0.64
-0.44
0.08
-0.61
1.08
0.92
0.43
0.95
-0.15
-0.72
1.16
-0.92
-0.18
0.51
-0.44
0.14
0.58
0.49
-0.02
0.68
0.41
1.16
-0.01
-0.16
-1.26
0.30
-0.15
-0.42
1.15
0.13
0.98
-0.01
-0.22
-0.16
0.15
0.50
0.38
-0.41
-0.03
-0.21
-1.34
-0.12
0.71
0.07
0.53
-0.73
-0.64
-0.35
-0.60
0.68
1.09
-1.12
0.99
0.90
-3.09
-0.83
0.03
-0.69
-0.99
0.10
-0.70
-0.57
-1.86
-3.79
1.63
-0.66
-1.98
-0.37
1.76
0.21
-1.01
2.14
0.23
-1.53
-1.35
0.75
0.26
0.72
-1.34
-2.51
0.23
1.02
0.99
-0.34
-1.07
1.02
0.40
-0.54
-0.18
-0.90
-0.42
0.38
-0.39
-0.44
-1.62
-0.82
-0.65
0.66
1.81
