0.93
-1.11
-1.71
-1.47
1.86
0.29
-2.02
0.37
-1.03
-0.37
-0.40
-0.44
1.35
-1.50
-0.03
3.02
1.12
1.73
-2.46
0.03
-0.23
0.79
0.13
0.10
0.49
0.10
-2.20
3.80
0.86
1.30
-0.34
-0.13
0.38
-0.31
-0.25
1.00
-0.19
-0.59
2.04
1.11
1.70
-0.90
0.42
-0.90
0.00
-0.58
1.13
-0.51
0.73
2.22
1.29
0.44
0.92
0.31
0.37
-1.02
0.63
-0.03
0.03
0.31
0.97
-0.87
-1.48
0.35
-1.04
0.06
-0.44
1.25
0.14
-3.42
-0.42
0.87
0.09
-0.92
-2.15
0.70
-0.27
-0.33
0.12
-0.76
0.18
1.44
0.33
-1.05
0.15
0.24
0.58
1.36
-1.34
1.24
-0.95
-0.60
-0.67
-1.34
0.56
1.29
0.03
1.52
-0.69
-0.03
0.00
0.15
0.30
-0.69
-0.87
-0.33
-0.73
0.89
0.12
-0.61
-1.01
-0.74
-1.06
0.60
-0.41
0.13
0.60
-0.03
1.44
-2.49
-1.01
1.95
2.06
2.67
-0.78
-0.63
0.24
0.09
1.66
-0.53
-0.75
0.03
0.57
-1.08
-0.79
0.09
-0.21
-0.46
1.29
-0.39
-0.91
-0.06
0.06
-0.40
-0.03
0.15
1.41
1.51
1.82
0.06
-0.12
-0.26
0.24
-0.35
-0.32
-0.77
-1.28
0.15
-0.90
-0.46
-1.34
-0.43
0.43
-0.28
0.93
0.25
-0.18
-0.12
-0.15
-0.37
-0.09
-0.99
-2.38
0.83
-1.43
-0.90
1.04
0.13
-0.10
-0.26
0.55
0.26
-0.38
0.22
0.67
0.32
-0.89
0.80
-1.14
-0.83
1.13
-0.64
1.32
-0.10
-0.92
1.77
2.56
0.77
-0.82
-1.17
0.50
-0.71
-0.41
0.25
-0.28
0.35
-1.03
-0.60
0.16
-0.76
-0.48
0.74
-0.77
1.09
1.69
0.31
2.87
0.64
0.57
-0.18
-2.34
1.14
0.03
0.00
0.97
0.42
0.15
-0.09
0.48
-0.83
0.99
-0.27
-0.66
0.36
1.26
0.56
0.65
0.76
-0.35
1.98
1.08
0.70
-0.08
0.14
-0.03
-0.31
-0.06
0.37
-0.73
0.11
-0.03
0.08
0.90
-0.03
0.53
-0.86
1.68
0.41
-0.74
0.14
-0.74
1.03
0.08
0.44
-0.27
0.47
3.17
0.71
-0.11
-1.34
-0.13
-1.34
0.41
0.11
-0.32
0.08
-0.19
0.95
0.91
-0.16
-0.40
2.51
0.57
-0.10
0.93
-0.23
0.64
-0.10
-0.38
0.72
1.76
-0.48
0.38
-1.05
-0.23
-0.03
0.10
0.48
0.35
0.20
1.01
-0.32
0.70
-0.22
-0.50
-0.55
-0.58
-0.10
-0.13
0.94
-1.18
0.25
-0.76
0.26
-0.05
-0.03
0.00
0.10
0.81
-0.25
-0.58
0.03
0.69
-1.39
-0.36
1.39
-0.08
0.84
0.50
0.18
0.30
-0.95
0.13
-0.91
1.62
0.80
0.92
-0.39
-0.64
0.52
-0.74
-0.62
0.60
-0.25
2.59
1.00
-1.13
1.02
0.07
0.65
1.08
0.07
-0.19
0.50
0.78
0.75
-0.05
-0.23
-0.02
0.26
0.98
0.46
-0.16
1.83
0.74
0.20
-0.29
-0.65
0.14
-0.85
0.68
0.38
0.16
-0.22
-0.85
-0.14
0.50
1.02
-0.74
1.26
0.02
-0.93
0.63
0.76
0.84
-0.29
-0.24
0.73
1.77
-0.26
0.91
0.28
-0.85
-0.49
2.03
-0.19
0.28
-0.08
0.83
0.21
-0.08
-0.06
0.84
-0.69
-1.01
1.14
-0.38
2.35
-0.41
0.25
0.12
0.41
-0.12
-1.17
0.29
-2.25
0.68
-2.23
-0.19
-1.76
-3.39
1.88
-2.69
3.84
2.22
0.34
-0.94
-0.15
-0.11
0.63
2.85
0.15
-0.04
0.63
0.04
-0.31
-0.29
0.73
0.75
1.26
0.08
0.20
-0.24
0.47
0.34
-0.16
-0.24
-1.02
-0.16
0.64
-0.88
-0.95
1.25
0.45
-0.02
0.27
-0.85
1.10
-0.51
-0.49
-0.02
0.31
1.05
1.70
0.12
0.56
0.30
0.22
0.69
0.35
0.72
-0.15
-0.04
0.52
0.10
-0.37
0.33
0.42
1.36
-0.63
1.39
0.79
1.42
-0.20
0.63
-0.13
0.86
-0.20
0.49
1.29
-1.29
0.58
-0.47
1.07
0.68
-0.66
0.52
0.23
0.25
0.27
-0.34
-1.70
-0.05
-0.02
0.38
0.31
0.84
-0.87
-0.04
0.50
0.59
1.71
0.10
0.65
0.97
-2.01
-3.01
0.78
-1.67
-3.10
0.68
1.14
-0.96
-0.63
-2.42
1.77
1.00
-4.36
2.25
0.31
1.60
5.79
0.85
1.00
-1.41
1.11
-0.56
1.51
1.98
-0.54
-1.62
0.36
-0.36
2.10
-0.29
-0.34
1.03
2.29
-0.66
0.07
2.32
0.29
0.55
-0.08
0.74
-0.51
-2.35
-1.44
1.96
-0.92
