-4.19
-0.10
-2.67
-1.16
-1.23
0.16
-2.27
-0.28
0.55
-3.20
0.51
0.11
1.30
-0.34
0.45
-0.78
1.29
3.89
0.27
-2.13
1.25
1.72
-0.42
-6.22
-0.62
-0.29
-1.14
2.14
2.15
2.88
0.05
0.59
1.82
-1.68
-0.96
7.56
1.46
0.40
2.96
1.48
1.46
1.16
1.15
-0.05
-0.18
0.68
2.04
-0.44
-2.45
1.28
1.49
0.67
-0.13
0.27
-1.67
-0.09
-0.04
1.30
0.18
-0.27
-0.44
-1.34
-0.50
1.86
-2.76
1.33
-0.90
2.10
1.65
-0.66
-0.04
0.13
1.15
0.04
0.22
2.00
-1.96
2.96
2.79
-2.92
0.59
0.84
-2.51
-0.43
-0.26
2.03
-1.78
1.94
-0.13
-0.93
-2.39
1.53
-1.98
-1.41
0.67
1.11
0.22
-0.96
3.36
0.68
0.38
1.56
-0.37
-1.29
-0.08
1.31
0.75
1.16
-1.15
-2.61
-1.92
-0.30
0.44
0.17
0.52
0.99
0.26
0.26
2.33
-4.56
-5.61
0.92
2.33
3.08
0.22
-0.56
1.82
0.85
2.96
1.27
2.92
0.16
-0.28
0.39
0.86
-0.86
0.35
-0.51
-0.08
0.08
1.34
0.31
-1.04
0.12
-0.82
-0.87
0.99
-7.75
5.97
-0.85
0.61
-0.24
1.37
-0.68
1.93
0.04
0.20
2.75
-0.77
0.23
1.38
-0.30
-0.23
-0.84
0.46
-0.65
-0.85
0.04
1.63
0.23
-0.80
0.38
-3.03
-0.04
-1.74
-0.80
1.09
-0.04
1.93
-2.09
3.34
0.89
1.04
0.92
1.63
3.53
-0.11
0.68
-0.39
0.07
1.29
1.13
-0.24
0.88
-3.09
0.47
-0.43
0.22
-1.18
1.09
1.07
0.46
-0.25
0.78
-0.28
0.04
-0.81
1.31
0.67
-1.39
0.49
-0.63
-0.81
1.96
1.29
5.83
2.18
0.16
1.21
3.93
-2.45
0.06
-1.02
1.13
-0.19
1.74
0.31
-1.86
0.28
4.20
1.10
-0.85
-0.18
0.65
1.83
1.50
1.37
0.25
-1.68
-0.31
1.14
0.57
-1.10
1.02
-1.41
-0.94
0.32
0.66
-1.77
0.49
0.75
0.17
0.57
-0.68
0.09
-2.03
1.11
0.43
-0.92
1.42
-2.15
0.41
0.55
0.55
0.32
7.59
0.51
-0.40
-2.00
-0.33
-1.89
-0.53
-0.48
3.01
0.22
-0.60
-0.80
2.07
0.11
0.51
0.65
0.03
0.88
-1.30
3.30
-2.11
-1.38
1.67
0.98
-2.12
2.49
-1.91
1.39
-0.97
-0.37
-0.11
-2.05
1.61
0.96
-1.17
1.13
-0.45
-0.59
-0.43
-3.21
1.11
0.33
-0.82
-0.42
1.39
0.66
1.09
-0.03
-1.70
-0.36
-2.89
0.82
0.59
0.00
-0.50
-2.22
-1.92
2.08
0.20
0.31
0.46
-0.57
2.63
0.19
0.81
-0.44
-1.91
0.45
-0.20
-1.35
-0.23
-1.32
-0.20
0.20
-2.43
-0.18
-3.33
-0.12
-1.94
-2.42
0.55
0.70
0.51
0.32
-1.32
-0.86
0.19
-1.03
-0.29
2.32
0.73
-1.08
-0.06
0.51
1.31
2.83
-0.15
1.04
-1.64
-1.48
0.25
1.06
-1.94
-1.73
-0.03
1.31
2.12
-0.40
0.31
-1.18
3.26
-0.76
0.00
0.28
0.89
1.03
0.06
1.02
1.84
-0.41
-1.26
-2.13
0.88
-1.86
0.92
1.69
1.67
-1.17
0.50
-1.06
0.45
2.10
-0.64
4.32
2.24
-0.58
0.69
0.38
-2.73
-0.20
0.03
-0.81
-3.00
-1.28
0.62
-0.76
1.54
0.35
-0.03
0.58
0.81
1.06
0.34
1.55
0.25
-0.67
-0.61
-0.17
1.77
0.08
1.05
-0.74
0.52
-0.44
0.11
1.18
0.54
0.24
0.16
0.51
0.54
0.21
-0.19
-0.40
0.13
0.19
-0.93
0.97
0.11
-0.45
-0.03
0.43
-0.05
-0.56
1.47
-1.03
-0.13
-0.61
0.75
0.08
1.07
-1.35
1.23
0.40
0.21
-0.87
-1.03
-2.09
-2.46
1.82
-0.28
-1.93
0.93
2.46
-2.64
-1.12
1.75
0.11
1.28
1.15
-1.14
-0.93
0.08
2.49
1.59
0.66
-1.35
3.77
-0.98
-0.34
0.42
2.47
-0.58
-0.13
-2.12
-2.22
0.75
1.75
-1.51
1.96
2.23
0.03
0.23
-0.05
-0.38
-0.56
0.33
0.79
0.78
-0.88
-1.04
-1.18
-1.29
2.44
0.95
-1.90
0.10
-0.52
1.19
0.26
-0.56
0.26
-0.21
0.64
-0.69
-1.21
0.23
-0.60
-5.67
-4.68
2.27
-2.08
-2.73
0.06
1.34
-0.77
2.11
1.16
0.69
-0.34
-0.31
3.04
-0.64
-0.03
-1.74
-1.71
-1.68
1.12
-0.06
1.34
1.41
0.00
2.33
-0.08
-1.39
-1.10
-0.20
1.03
-1.19
0.46
2.05
-3.99
-3.43
3.13
-0.73
