-1.27
-0.96
-2.50
-1.33
1.07
0.12
-2.90
2.33
-1.70
-0.34
-3.11
0.00
1.57
-0.69
1.59
-1.19
8.39
5.55
2.60
-0.67
0.49
0.43
-5.65
-4.16
-2.71
0.61
1.88
2.33
3.38
2.54
-0.14
-1.51
0.67
-1.44
2.79
0.74
2.04
1.73
2.91
-0.23
-0.36
0.05
-0.15
-2.10
1.07
-0.21
2.60
-0.28
-0.28
1.45
0.23
-1.30
4.39
0.44
-1.94
-3.95
-0.46
2.04
-1.24
-1.13
2.07
-1.55
-0.62
1.58
-2.25
0.34
-0.91
-0.68
2.62
-0.39
-0.16
2.75
-1.01
2.14
0.05
0.52
-1.22
-0.23
0.70
0.15
-2.22
-0.41
-1.69
-0.13
1.67
1.36
0.35
1.24
-1.00
-0.50
-0.08
-0.46
-0.60
-0.22
-3.41
-0.32
1.44
2.23
-0.41
-1.78
0.05
-0.79
1.38
0.65
-0.60
-0.60
-1.39
-0.05
-1.12
-0.97
-0.63
1.70
-0.86
0.35
0.00
-0.30
-1.90
-0.44
1.83
-4.31
-2.51
3.04
1.50
2.07
-0.44
-0.63
-0.53
1.09
2.86
2.11
1.68
1.26
1.73
-2.18
-0.43
1.16
1.73
0.20
-6.75
0.96
-0.24
-1.25
0.00
0.05
-0.48
-1.40
0.11
1.97
2.14
-0.50
0.50
-0.08
1.02
0.13
-0.13
-0.21
-0.63
0.21
-0.34
0.05
-0.66
-0.90
-0.03
0.37
-0.96
-0.78
0.41
-0.86
0.65
0.30
3.71
1.84
-3.21
2.00
2.81
0.25
2.18
-0.32
-1.70
-0.80
1.51
0.50
-1.04
0.67
1.78
-0.22
-1.42
1.44
-0.93
0.47
-0.83
-0.64
-0.75
-0.05
-1.68
0.87
-0.83
0.10
0.61
0.89
1.03
-0.37
10.13
-0.63
-1.28
-2.26
-1.51
0.17
-0.24
-0.29
-0.46
-0.39
-0.70
0.93
0.73
-0.77
-1.96
-0.91
-3.17
0.33
0.33
2.07
0.50
1.37
-0.74
-0.69
0.52
-0.75
-0.18
-1.53
-2.39
0.73
0.96
-0.03
1.21
0.41
0.10
-0.55
0.00
0.30
-0.03
-0.56
0.31
0.76
0.88
-1.02
-0.25
0.35
-0.38
0.99
-1.23
1.98
1.86
0.15
0.95
-0.12
-0.77
0.49
0.68
0.10
-0.79
0.19
-0.19
1.02
-0.17
0.82
-0.60
-0.50
-2.96
-1.02
-0.20
-1.18
0.69
0.03
0.38
0.70
2.15
-0.12
-0.61
1.45
1.09
0.60
0.67
-0.45
1.12
-0.02
0.26
1.27
-1.00
-1.50
1.02
0.80
0.61
-0.37
0.05
-0.23
0.30
0.16
-0.93
-1.15
0.69
0.02
1.60
0.19
-1.20
1.29
-0.12
-0.02
-0.12
0.16
0.21
0.69
-1.19
-0.91
0.21
0.40
0.02
0.33
0.02
-0.84
-0.47
0.14
1.29
-0.02
0.49
0.90
0.27
1.05
0.99
-0.67
6.17
1.21
-0.38
3.18
-0.06
-0.22
0.80
-0.26
0.10
1.16
-0.18
-0.66
0.81
1.15
-2.56
0.12
0.57
0.77
0.72
1.84
-0.24
0.51
-0.25
2.25
1.82
0.68
0.52
-0.74
0.84
1.00
-1.82
-2.32
-0.23
-0.27
0.75
-0.86
2.10
-0.77
1.94
0.62
0.87
-1.10
-1.88
3.15
-1.78
0.47
-1.49
3.29
-2.09
0.94
1.83
-0.36
3.27
2.39
-1.28
0.73
2.40
-1.03
1.27
-0.71
-0.15
-0.55
0.91
2.31
-1.58
-1.10
1.35
-0.37
-1.18
0.75
1.29
-0.23
0.32
-2.77
0.03
1.76
1.07
1.01
-1.66
0.25
-0.07
2.42
-1.31
-0.07
-0.05
0.93
0.79
1.25
-0.15
-0.36
-0.31
-0.05
1.24
-1.40
2.47
-0.13
-0.83
0.32
0.42
0.67
1.45
1.43
-0.17
0.70
-2.43
-0.88
0.62
0.95
0.16
0.23
0.06
-0.33
2.83
0.35
0.27
-0.29
2.63
1.59
-0.29
-1.97
-0.95
0.88
-0.01
5.53
-1.65
0.59
1.15
0.45
-0.39
0.13
1.98
-0.25
-0.18
1.58
1.84
-0.44
-0.42
-0.15
0.05
0.62
-1.42
5.82
-1.70
-0.48
2.32
-0.26
1.29
-0.93
-0.06
-5.84
3.39
-0.57
-5.75
0.32
2.72
0.75
-1.06
0.52
0.45
0.64
0.23
1.87
-0.44
-1.09
-0.67
0.03
-0.18
0.51
0.43
-0.56
-0.74
0.30
3.94
-0.03
2.57
0.44
0.18
0.23
0.48
0.99
-0.15
2.55
0.57
1.09
0.17
0.27
-0.59
0.75
1.32
-1.33
-0.63
1.84
-8.11
-2.33
-1.79
0.64
-0.12
-4.37
3.32
0.79
-0.41
3.07
1.33
0.10
-1.67
-0.71
1.56
2.56
-0.43
0.14
-0.06
-0.97
0.29
0.25
0.20
0.37
0.44
1.05
-0.14
-0.50
3.88
-0.89
-0.50
-2.26
0.70
0.22
-3.06
-2.70
3.28
-3.34
