-0.61
-1.07
-2.70
-5.55
-0.67
-3.89
0.00
1.41
-1.13
-2.54
-0.45
-6.96
-0.49
-8.50
1.39
2.74
2.05
1.00
3.78
-2.59
0.49
5.58
-1.30
-2.07
2.11
-0.56
0.57
5.35
-0.62
0.72
-1.96
-1.54
1.48
-2.00
-0.28
1.21
1.93
-2.61
6.20
0.61
2.08
1.36
0.17
-1.59
-0.93
1.20
2.37
0.25
-2.06
0.00
5.06
1.61
-1.34
-2.88
-2.31
-0.84
0.26
1.87
2.42
0.90
0.32
-3.46
-1.33
0.00
-1.43
1.37
-2.45
4.50
2.90
0.40
-0.72
0.08
-2.10
2.23
-1.21
1.31
-0.81
1.71
4.15
-0.38
-1.54
0.63
-3.19
-2.09
0.74
-0.81
-0.08
2.30
-2.41
-1.15
-1.75
0.93
-1.43
3.15
-1.65
1.26
0.50
0.66
0.90
0.24
0.65
-0.16
-1.21
-1.63
-1.33
-0.34
-0.34
-0.17
-2.12
-1.73
-2.64
-3.71
-1.32
-1.05
0.29
-1.63
-0.10
3.13
2.18
-6.02
-8.09
4.29
1.75
5.36
0.38
-5.54
5.97
1.15
3.59
3.01
3.45
0.34
3.32
-0.83
-0.33
1.17
-0.91
-0.33
0.00
2.01
1.23
-0.24
3.16
1.42
-1.32
-1.65
1.68
-0.24
1.65
0.70
-0.38
-1.85
1.10
2.57
2.20
-0.45
-0.60
1.58
-0.59
0.30
0.74
-0.15
0.00
0.15
0.88
0.36
-0.44
0.95
0.87
-0.93
0.65
0.86
-2.71
1.24
-2.60
-0.30
0.60
-0.52
0.82
-0.15
1.18
0.80
-0.43
-1.60
0.22
1.40
-1.53
0.15
-0.52
0.15
-0.30
-1.41
-0.60
1.36
0.07
3.06
-1.09
0.73
1.38
3.88
0.48
-0.41
-0.21
1.38
-1.98
-0.07
-3.00
-1.58
-0.80
-2.65
-1.06
-0.76
1.69
3.56
-0.80
1.47
3.49
0.91
-1.04
0.49
2.17
1.10
-0.68
0.27
-1.56
0.48
-0.14
0.07
0.76
-0.61
2.27
0.00
0.74
1.07
1.19
4.82
4.91
2.90
0.46
-0.57
1.04
0.34
0.51
1.75
-0.17
0.72
1.11
0.16
-1.20
-0.17
-0.44
0.72
3.04
-2.36
-0.11
-4.62
2.13
0.90
-0.06
0.28
-1.23
2.54
0.39
0.55
-1.04
0.72
0.99
-0.11
-1.57
0.00
1.43
2.93
-1.37
2.30
-0.10
-0.68
0.11
2.53
0.82
0.51
-0.56
-0.20
-1.38
-1.55
-0.53
-0.58
-0.75
-0.11
0.00
-0.11
2.85
-2.98
0.81
-0.21
-0.86
-0.49
0.87
0.70
1.66
-0.74
0.11
0.16
-1.06
-1.71
-2.93
-0.45
0.00
-0.34
0.06
1.13
-0.95
0.67
0.34
-0.78
0.06
-1.01
1.59
-0.06
1.17
2.04
1.19
-2.19
1.75
1.29
1.17
-0.16
-2.73
0.97
0.45
2.84
-11.17
-1.75
-2.13
0.36
-0.66
2.00
-1.25
-0.90
1.52
-0.48
1.38
-0.53
1.19
1.42
-2.33
-1.19
-0.78
0.30
0.55
-0.06
-1.33
1.10
-1.21
-1.77
2.18
-0.73
-2.33
1.57
1.24
1.96
1.80
-0.24
1.24
-0.47
-0.41
0.00
0.59
-1.93
-1.37
-1.45
0.25
-0.18
0.25
0.61
-0.85
0.25
4.28
0.59
-0.93
0.65
-0.29
0.06
1.23
0.17
0.58
-0.11
0.35
-0.46
0.00
1.04
-0.86
-0.92
0.99
-0.23
-0.46
0.81
2.30
-0.73
-1.53
0.86
0.63
-1.30
1.78
-2.93
-0.87
1.05
-0.46
0.47
-2.14
-1.07
-1.56
4.80
1.62
-0.51
-0.52
-1.84
-0.59
2.07
1.27
0.06
-4.57
-0.96
-2.60
1.55
3.36
2.54
-1.38
-0.23
1.35
-0.64
1.57
1.03
-0.23
1.53
-0.78
3.78
1.36
0.64
-0.43
0.37
0.21
-0.80
1.07
-0.64
-0.96
1.19
0.32
0.74
2.16
1.39
1.22
1.11
1.79
-0.88
-2.12
1.91
0.25
3.01
1.39
-1.09
0.00
-0.72
1.97
-5.09
0.35
-0.89
-0.45
-1.35
1.47
-0.45
4.38
0.19
0.43
0.67
0.05
-1.14
0.53
-1.20
1.55
0.62
-2.84
4.54
1.82
0.18
0.69
-0.05
1.09
0.94
0.31
-2.18
-2.59
0.56
1.25
-1.51
3.16
-0.36
-3.35
-0.09
-1.73
0.62
-2.37
1.41
-0.72
0.53
0.58
2.34
0.88
1.20
2.24
-1.25
0.00
0.59
2.83
1.31
-0.09
0.60
-1.76
-1.00
-0.53
-0.98
0.04
-1.21
3.35
-1.62
-3.34
-0.32
0.83
-4.95
-0.05
1.16
0.48
2.19
-1.07
0.61
-1.03
1.13
-1.73
1.28
-0.33
-1.69
-1.82
-0.19
0.98
0.58
1.78
2.88
-0.96
2.97
-10.22
0.25
-5.40
-2.12
-0.86
1.20
-1.40
2.79
0.16
-3.13
2.30
1.66
