-0.61
-2.51
-3.27
-0.93
-1.50
1.88
-3.06
0.26
-0.36
0.70
1.99
2.46
0.97
-0.41
2.43
-0.60
1.08
2.62
-0.15
-0.51
3.40
-22.16
-3.00
-2.32
-1.80
0.96
-1.56
4.52
1.60
1.03
-0.46
-0.62
3.08
-1.32
0.18
2.18
-1.16
-0.10
3.23
0.94
1.27
1.45
1.59
-1.60
0.03
-0.93
2.33
0.08
-1.29
-1.61
1.44
1.04
1.15
-1.50
-1.91
-0.35
0.92
0.07
0.44
-0.68
1.04
-3.56
0.05
2.80
-1.99
-3.51
-0.95
0.79
2.73
-1.09
2.07
0.76
-0.40
0.02
-0.79
-0.11
0.43
0.63
-0.08
-0.93
-0.85
2.17
-0.74
-1.57
-2.20
-0.98
0.21
-1.05
-5.43
2.82
-1.59
1.17
1.86
1.01
0.18
2.77
1.18
0.73
0.58
-0.09
0.23
0.28
1.20
1.20
-0.83
0.54
-2.36
-0.34
2.60
-0.40
-2.06
-2.63
3.50
-0.59
1.76
0.58
1.01
-0.78
0.87
-7.87
-2.48
0.58
0.96
1.00
0.51
-1.73
1.85
1.77
1.62
2.96
2.67
-0.04
0.40
-0.05
0.29
-0.36
1.26
-0.86
-0.29
0.88
1.19
-1.68
-2.37
1.23
-0.42
-4.38
-0.58
1.52
1.89
-0.09
-0.93
8.49
5.39
-0.47
0.91
-0.33
-1.20
1.03
0.29
-0.82
0.97
-1.12
-0.72
-0.63
0.03
-1.83
-0.84
-0.09
-0.29
-0.65
2.22
-1.87
-2.08
1.05
-1.31
-0.70
0.29
0.01
-0.12
-1.18
0.34
-0.14
0.95
-3.14
1.13
0.08
1.75
1.50
-0.21
-0.63
-0.54
1.66
1.58
0.60
-1.25
-0.61
-1.99
-2.18
-0.34
0.46
1.37
-1.40
-0.98
2.04
-0.79
0.24
-0.22
0.32
-0.04
0.57
-0.91
-0.12
0.97
1.26
-0.92
3.28
4.02
0.79
4.19
1.42
-1.10
1.47
-2.90
0.26
2.81
-1.02
-0.31
-1.12
-2.07
-3.68
-0.23
1.29
2.34
-0.71
1.43
-0.07
0.11
-4.80
-0.01
-1.94
-4.74
-2.25
-1.59
-0.34
-0.12
-2.24
-1.41
0.73
-0.13
0.84
-0.46
0.34
-0.01
-1.73
-0.53
-1.50
0.79
-1.48
-0.29
-0.08
3.78
-0.32
-1.22
0.79
0.44
0.92
1.15
-1.25
-2.27
0.53
-0.01
-1.20
-12.32
-0.57
0.47
-0.72
2.00
0.62
2.09
-0.34
0.19
-0.40
-0.88
-0.10
-0.26
-0.10
0.69
0.71
0.73
-0.58
1.56
0.17
-1.14
-0.08
-0.74
1.63
-0.93
0.78
-0.88
0.55
1.52
-0.26
-0.42
-1.54
-1.55
-0.03
1.29
0.66
0.85
1.53
1.62
-1.29
-0.34
-0.31
-4.46
2.29
1.50
-1.77
1.58
-0.25
-0.19
-1.28
1.07
-0.59
0.59
-0.35
-1.00
0.87
1.21
0.76
1.53
-2.06
-1.75
1.89
-1.16
0.59
2.20
-0.01
2.38
-1.17
-4.62
-3.57
0.20
-3.41
-1.61
-1.88
-2.93
-1.52
-0.79
-1.51
-0.24
-0.62
1.86
0.68
2.51
-0.47
-0.01
-0.20
0.16
0.10
1.37
-0.64
0.47
0.80
1.39
0.71
-0.90
-1.08
0.35
0.73
1.82
0.22
-0.01
-0.04
0.63
0.67
1.42
-2.34
-3.52
2.51
0.17
-0.93
-0.70
0.88
-0.71
2.03
-0.93
1.15
1.08
1.52
-2.46
2.66
-0.43
1.27
-0.49
0.54
0.11
-0.29
0.72
1.63
1.11
13.28
-1.67
-3.69
-0.07
1.30
0.11
1.40
-0.75
-1.38
0.69
0.49
-0.86
1.61
1.45
0.03
-0.46
0.14
1.08
1.63
0.20
1.17
-2.00
2.31
1.50
-0.81
-0.84
0.21
0.06
-0.78
0.96
-2.11
-0.71
-0.07
0.09
0.26
0.53
-0.38
-0.64
0.78
-0.49
1.06
-0.06
-1.32
-1.47
0.31
-2.32
0.07
-0.26
1.19
-0.05
-0.79
1.23
4.62
-0.90
1.24
1.36
-0.70
-0.19
0.79
-2.59
0.02
2.55
-1.16
-2.91
-3.44
1.53
0.38
0.05
0.61
-0.08
1.47
0.79
0.50
0.79
1.85
-0.57
1.04
2.33
0.14
0.53
0.47
4.30
-3.93
1.58
2.74
2.37
-1.12
-1.04
-3.91
0.65
-0.76
2.03
-0.74
1.33
2.33
0.87
1.56
-0.08
-0.68
1.05
1.15
-3.09
1.85
0.83
0.56
0.03
-0.01
0.91
0.80
-2.22
1.56
3.55
2.70
1.87
0.84
1.63
-0.31
1.28
-1.60
-0.75
-1.53
-2.46
-1.52
-3.97
1.22
0.91
-5.92
2.14
-0.10
1.11
2.05
0.25
-1.27
-0.19
1.21
0.79
0.95
1.00
-1.56
-1.91
-0.68
1.26
0.92
-0.43
0.01
-1.63
0.58
1.55
-0.15
0.43
0.61
0.65
-0.76
1.92
-0.84
-1.65
-0.54
3.41
-1.03
