0.89
-0.01
-0.85
-0.85
0.37
0.09
-0.66
-0.08
-0.55
0.37
-1.78
1.02
1.35
-1.48
2.06
-1.07
0.52
1.01
2.13
-2.51
-0.79
-1.52
0.43
2.32
0.49
0.05
-1.82
1.67
0.19
0.25
0.72
0.76
0.36
-0.78
0.41
0.62
-1.32
-1.02
1.40
0.13
0.12
-0.40
-0.65
-0.67
0.10
0.19
0.42
0.11
-0.32
0.47
0.53
0.42
0.77
0.68
0.22
-1.03
2.05
0.58
0.76
-0.13
0.58
-0.70
-1.21
-0.73
-0.63
0.20
-0.92
1.04
0.74
-1.07
0.24
0.23
0.05
-0.02
-2.59
1.43
-0.03
-1.06
-4.22
0.51
0.59
1.40
-0.52
0.09
-0.04
0.28
1.38
0.47
-0.87
0.16
0.01
0.34
-0.68
1.00
-0.41
0.69
-0.49
1.55
-0.17
-0.48
0.29
0.11
0.42
0.16
-0.33
0.08
-0.81
0.73
0.07
-0.80
-2.06
-0.31
-0.58
0.66
0.71
0.23
0.76
0.67
1.15
-2.25
-1.76
1.18
1.46
2.42
-1.17
-0.85
0.65
-0.52
0.65
-0.14
-0.15
0.32
0.07
0.18
-0.61
0.00
0.20
0.29
0.76
-0.68
-0.52
1.19
0.03
0.38
-0.47
-0.12
0.62
-0.14
0.52
-0.50
0.49
0.46
-0.99
0.06
0.31
-0.56
-0.48
0.74
-0.35
0.48
-0.99
0.30
0.06
0.14
0.91
1.19
0.21
-0.13
0.88
0.35
0.55
-0.48
-1.73
0.92
-1.22
-0.47
0.28
-0.68
0.91
0.24
2.28
0.89
-1.80
-0.63
0.50
0.88
-1.00
-0.02
-0.28
1.71
-1.20
-1.95
2.44
0.89
-0.98
1.84
0.39
0.20
-0.26
-0.10
-0.19
-0.87
-0.10
0.19
2.01
-0.67
-0.68
0.46
0.64
-0.08
-0.11
-0.35
0.43
1.09
0.53
0.40
0.98
0.93
1.15
0.88
0.08
0.04
-0.07
-0.52
-0.61
0.24
0.79
-0.24
-0.23
-0.35
0.06
-0.03
-0.28
0.79
0.43
0.58
-0.11
0.58
-0.65
-0.72
-0.69
-0.77
3.76
0.63
-0.21
0.70
0.45
-0.24
-0.58
0.41
0.24
-0.26
1.24
-0.17
-0.60
-0.59
1.22
0.29
0.41
-0.20
-0.60
0.34
-0.81
-0.21
-0.12
0.54
0.68
0.49
-0.43
-0.83
-0.25
3.80
0.20
-0.45
-0.48
-0.06
0.73
0.88
0.39
0.43
-0.37
0.84
1.15
-0.09
0.36
0.25
-0.14
-0.30
0.13
0.80
1.84
-0.67
-0.14
-0.91
0.49
-0.32
0.06
0.63
0.31
-0.01
-0.13
-0.88
0.07
-0.51
-0.61
0.40
-0.33
-0.57
-0.66
0.72
-0.64
0.48
-0.61
-0.57
0.46
-1.29
-0.93
-0.47
0.14
0.79
-0.49
-1.55
1.23
-0.55
-0.06
-0.05
-0.61
0.99
1.09
0.82
-0.45
-0.17
-0.19
-0.42
-1.56
0.91
-0.04
-0.44
-0.49
0.18
-0.85
-0.84
-0.18
-0.59
-0.26
0.93
0.58
0.55
0.69
0.65
0.58
0.13
-0.26
1.46
1.29
-0.31
-1.02
-0.94
-0.23
0.09
0.85
-1.29
-0.21
0.25
0.01
0.90
-0.11
-0.59
-0.26
-0.52
0.23
0.10
-0.41
0.62
-0.23
-0.87
1.60
-0.71
-0.07
1.16
-0.61
-0.27
0.24
0.55
-0.28
-0.07
-0.04
0.48
0.92
1.33
0.27
0.47
0.94
-3.00
1.34
1.36
0.91
0.13
-0.15
-0.24
-0.24
0.66
-0.17
0.12
-0.29
0.15
-0.08
-0.09
-1.14
-0.49
-0.08
0.87
-0.52
-1.65
0.76
-1.80
-0.44
-0.10
-1.47
-1.01
-7.14
0.03
-3.19
4.13
4.62
1.42
0.04
-1.90
1.15
-1.58
-2.05
-0.47
1.56
-0.25
-0.11
-0.67
1.59
0.50
1.02
1.52
0.73
-0.28
0.03
-0.09
-0.68
-0.23
0.92
0.81
0.51
-0.96
0.51
-0.30
0.67
0.04
-0.41
-0.40
-0.09
0.00
0.45
0.92
-1.28
-1.65
-0.74
3.18
0.88
-1.07
-0.31
0.75
-0.64
-0.22
0.06
-2.04
0.35
-0.42
-0.86
-1.03
0.47
1.20
0.43
0.38
-2.78
-0.98
0.39
-1.91
-0.92
-1.92
0.82
-0.01
1.02
-2.00
-0.81
2.56
-0.20
-0.24
-0.02
-1.13
0.22
0.64
-0.29
0.17
-0.70
-3.14
-0.16
2.41
-0.33
-2.27
-2.52
-1.27
1.85
1.47
1.18
0.81
-1.35
1.31
4.35
1.53
-0.27
0.98
-1.35
-0.29
-0.89
-0.50
2.80
-0.61
-1.10
0.72
1.96
-3.09
1.38
-0.39
-0.60
0.97
0.30
1.01
-0.30
-1.03
-0.96
1.22
0.44
-0.97
-0.68
-0.77
-0.79
7.49
0.94
-0.65
-0.62
1.29
-0.37
0.43
-0.81
-0.04
1.06
0.57
-0.12
0.55
-1.69
-1.71
0.89
-0.98
