-1.18
-2.24
-5.23
-3.10
1.64
1.27
-0.87
2.75
-2.19
-0.19
-1.37
0.00
1.93
-1.67
3.39
-0.52
0.94
3.75
-1.22
-2.25
-0.44
1.12
-0.59
-2.67
-1.29
-1.70
-3.06
2.91
3.62
3.26
0.59
-2.63
1.65
0.07
0.07
-0.52
10.07
2.15
-0.53
2.91
1.03
1.08
0.95
-2.43
1.15
-0.25
2.66
-0.25
-0.80
2.37
0.79
0.85
0.30
-0.72
-3.07
0.56
-1.36
2.07
0.68
0.00
0.55
-0.73
-0.73
0.80
-2.75
1.57
0.74
2.76
1.25
-0.41
1.89
1.07
-0.20
1.96
-1.69
1.15
-1.36
1.32
1.19
-1.74
-0.51
1.09
-3.64
-2.06
-0.60
-0.18
-0.18
2.49
-3.32
-0.86
-1.55
0.38
-1.32
-0.25
-1.46
1.03
-0.19
1.67
2.77
-0.55
0.86
-0.43
1.04
0.49
-0.91
1.10
0.12
1.27
-0.36
-3.46
-1.49
-0.57
1.07
0.37
1.56
0.80
-1.09
-0.62
3.77
-5.55
-2.97
2.86
3.35
3.55
-0.06
-2.19
1.33
2.36
5.10
2.33
1.95
-1.01
0.00
-3.92
0.56
0.06
-0.11
-0.44
0.17
-0.45
-0.34
-0.06
0.00
0.79
-0.17
-0.56
-2.70
-0.12
0.87
0.00
0.97
-0.06
-2.05
-1.04
1.00
-0.58
-1.23
1.12
-0.53
-0.35
1.89
-0.41
0.06
-0.58
0.12
0.12
-0.35
-1.40
1.78
-0.82
0.41
0.12
-3.92
-0.36
-3.05
-0.13
-0.63
0.32
1.01
0.06
2.38
0.98
-1.15
-1.53
-0.19
0.37
-3.23
0.83
51.46
-1.09
-4.59
-0.62
-7.30
-0.92
-1.41
0.40
-0.49
-1.93
-0.76
-0.71
-0.67
-0.77
-0.31
-0.94
0.42
-1.47
-4.31
0.33
-1.66
0.00
-1.52
-7.04
-0.31
1.79
-0.85
0.31
2.07
1.49
1.12
1.28
0.86
1.54
-1.40
1.20
-0.17
-0.06
0.11
-2.25
0.75
-0.57
-5.98
-3.98
2.68
0.50
2.96
2.34
1.87
-3.34
-0.30
-1.25
-0.24
2.54
3.96
-3.30
-0.76
-4.09
0.37
-0.06
-0.92
0.62
0.74
3.98
1.89
-0.69
-0.82
0.88
-1.57
1.71
-0.76
1.29
1.50
-1.25
-4.10
-0.18
-0.66
3.52
2.17
-0.40
-0.12
-2.71
1.66
-1.63
-1.19
3.48
0.52
0.35
0.69
2.85
-1.17
0.67
0.17
-3.40
0.86
0.46
3.98
-1.70
1.67
-0.77
-0.17
-7.35
2.98
2.61
-1.07
-12.15
-3.44
0.00
-2.15
-2.82
-4.17
0.81
0.66
-1.38
0.66
-6.15
-4.61
-4.99
1.29
-0.34
-3.16
1.94
2.59
-1.01
3.06
-4.05
-3.44
2.85
2.43
-0.34
0.51
-2.79
-0.96
-1.67
0.89
2.74
2.67
2.10
-1.31
1.66
1.64
1.85
-1.34
0.72
-1.19
0.81
13.42
-6.97
4.39
-2.54
-1.86
0.91
-2.33
-0.31
1.70
-1.06
-4.83
-2.66
0.08
-0.08
-0.25
0.50
0.25
-1.24
-2.34
1.79
6.04
0.16
-2.53
-2.19
-0.91
1.09
-0.08
4.30
0.87
0.55
-3.83
0.49
0.57
-2.58
-1.49
-1.43
0.00
6.72
-2.23
3.02
-2.77
2.12
0.48
-3.41
0.74
0.57
-1.87
-2.15
1.10
1.17
0.83
-1.31
0.83
4.77
0.08
-3.06
0.08
0.73
1.12
0.87
-3.23
0.57
-0.49
-16.67
-3.32
-4.74
-1.48
1.94
-0.53
-2.76
-2.51
4.03
-2.15
0.00
-3.63
-1.25
0.35
1.84
0.23
-0.34
-0.23
4.08
-0.87
0.66
0.76
-0.22
-3.04
0.45
1.23
0.33
2.74
2.67
0.00
-0.73
2.52
-1.43
-2.70
3.20
-2.07
5.06
-0.60
2.53
1.18
0.68
-0.39
1.55
1.91
-2.81
1.83
-3.79
-0.49
0.79
-0.39
0.20
0.69
-4.69
0.31
1.64
-0.40
0.20
-1.61
0.72
0.81
-0.10
-2.53
-5.80
1.21
-4.13
-1.02
-1.60
-4.42
-2.68
2.25
0.12
-5.01
-2.32
-3.56
6.28
2.06
2.14
0.99
2.20
-0.12
1.44
2.00
4.28
4.10
-11.29
7.08
-2.02
-0.92
2.31
0.34
0.79
-0.22
-0.56
-0.67
4.30
2.71
-3.49
1.75
3.44
-1.25
-0.42
-1.38
-0.11
-0.11
3.44
-3.64
1.83
0.53
0.21
-2.00
0.11
3.11
0.21
-2.49
1.06
-2.11
1.72
1.06
0.31
-2.61
-3.64
-2.89
-2.86
-1.88
-1.92
-0.49
-6.52
-6.05
4.62
-0.27
-7.11
-1.59
0.00
-0.44
1.77
2.03
-1.99
-4.06
5.29
0.43
3.43
0.00
-3.59
8.02
-4.64
1.67
0.41
7.90
2.02
0.62
-0.49
0.62
1.84
1.69
2.73
3.23
-1.23
1.47
1.34
-2.09
-3.94
1.52
-0.92
