1.05
0.86
-1.47
-0.82
0.55
-0.94
-2.39
0.97
-2.17
0.54
-0.67
1.10
0.85
-2.43
2.85
-2.46
1.83
3.50
0.57
-1.39
-0.73
-0.83
-0.15
3.38
-1.34
-0.70
-0.04
0.88
0.09
1.01
0.77
-0.86
-0.32
-0.88
0.73
-0.51
-0.73
-0.84
0.24
0.31
-0.04
-0.18
0.85
-1.29
-0.31
0.24
1.59
-1.57
0.51
0.25
2.16
-0.32
-0.02
-0.44
-0.39
-0.62
0.57
1.96
0.49
-0.78
0.96
-1.70
-0.71
-0.30
-1.48
-0.25
-0.60
1.22
0.81
-0.86
-0.13
0.16
0.11
0.14
-1.67
1.52
-0.50
1.94
0.04
-0.48
1.09
-0.35
-0.39
5.53
0.61
0.27
-0.03
0.30
-0.85
0.76
-0.47
-0.08
-1.59
1.71
-1.69
1.26
-0.76
1.90
-1.00
0.67
-0.94
0.22
1.08
0.22
-0.17
0.02
-0.95
1.23
-0.03
0.35
-0.20
0.58
-1.43
0.97
-0.26
0.78
1.29
0.21
1.44
-1.70
-0.70
-0.15
0.38
0.72
-0.71
0.25
0.67
-0.39
0.72
3.00
0.53
1.40
-0.46
-0.09
-0.76
-0.41
0.06
-0.06
0.17
-0.33
0.11
0.05
-0.08
-0.22
0.11
-0.96
-0.60
1.93
-0.03
0.09
0.02
1.83
-0.05
0.91
-0.03
0.79
-0.38
0.53
-0.48
0.21
-0.23
0.38
0.98
-0.99
0.63
-0.49
0.12
0.38
1.66
0.06
0.96
-0.55
-2.61
0.74
-1.02
-0.73
0.46
0.02
0.15
0.06
1.38
1.57
-1.65
-0.82
0.54
0.99
-0.96
0.66
-0.57
-0.10
-0.01
-1.20
2.82
0.24
-0.74
0.96
-0.92
0.61
-0.01
-0.37
0.00
-0.59
-1.04
2.63
-0.51
-0.81
-1.48
0.38
1.58
-0.74
-1.64
-0.76
0.91
0.76
0.67
0.37
1.63
3.21
0.57
-0.21
-1.69
0.79
0.92
-0.70
0.92
-0.21
0.21
0.56
-1.05
-0.57
0.78
0.00
0.71
0.21
0.28
-0.70
1.82
2.00
-0.68
-0.95
0.48
1.30
0.81
-0.20
-0.74
0.20
-0.20
0.00
-0.54
0.34
-0.20
-0.27
0.14
-0.68
0.62
-2.92
1.68
0.07
-1.65
0.98
-0.35
1.81
-0.61
0.07
-0.41
0.69
0.14
0.00
-0.14
-2.05
0.28
-0.63
0.56
0.56
0.49
-1.10
-0.84
1.27
1.67
-0.62
-0.07
1.03
-0.14
-0.14
0.00
0.55
0.41
-0.95
-1.98
-0.98
1.76
-0.35
-0.42
-1.26
0.35
-1.48
-0.29
-0.07
0.79
0.78
1.55
-0.14
-0.21
-2.16
-1.14
-0.87
0.51
-0.72
0.29
1.24
-0.57
0.29
0.94
-1.71
0.36
-1.16
-0.15
1.25
0.36
0.50
-0.14
-1.51
1.24
0.00
0.22
1.01
0.36
1.42
-0.21
0.98
0.21
0.28
-1.73
-0.14
-0.21
-1.41
-1.14
-1.09
-0.88
-0.59
-0.22
-1.26
1.21
-0.45
-0.82
0.90
-0.67
0.15
1.13
-0.52
0.00
0.52
-1.78
0.68
0.60
0.75
0.15
-1.55
0.75
1.12
2.51
-1.22
0.73
0.51
-0.36
0.72
-1.36
-1.09
-0.66
-0.15
0.30
0.15
0.37
0.55
0.48
-0.58
0.95
-0.22
-0.87
1.61
-0.51
-0.65
0.22
0.51
0.22
0.65
0.36
0.29
0.64
0.57
-1.06
1.64
-1.68
-0.21
1.50
-0.07
0.28
-0.84
4.39
-1.83
-0.97
0.07
-0.42
-0.56
-0.35
1.13
-0.70
0.92
-0.21
0.14
-0.21
0.35
0.49
-0.69
0.84
-1.11
-0.49
-0.42
0.99
-0.63
-2.33
0.87
-2.07
3.94
2.04
-0.14
-0.55
-0.07
-0.90
0.28
0.49
0.42
0.21
0.55
1.51
-0.34
2.85
0.99
-0.26
2.82
0.13
-0.32
0.83
0.82
1.19
0.99
0.86
0.61
0.42
-4.64
-0.32
1.27
0.75
0.37
-0.31
-0.25
-0.25
0.25
1.62
-1.10
1.92
-0.79
-0.55
-0.99
0.31
0.50
0.68
0.18
0.24
0.43
-0.30
-0.55
0.43
0.24
0.91
-0.72
0.06
-0.18
1.40
0.00
-1.08
0.24
-1.15
-0.61
-0.86
0.56
-0.99
-0.56
0.19
1.13
-1.30
2.20
-0.06
-2.09
-0.38
0.88
0.62
-0.12
0.00
0.56
-0.56
-2.36
-1.02
1.29
-0.06
-0.25
-0.89
0.51
1.92
-0.19
-0.38
1.26
-1.00
1.32
-0.50
0.19
-0.56
0.38
-0.62
-1.63
0.83
-1.58
0.64
-0.13
-3.59
-2.26
1.36
-2.08
-0.07
0.21
0.00
0.75
0.41
0.68
-1.28
0.88
-0.67
1.70
0.20
-2.73
-2.26
0.28
0.84
2.15
0.20
0.68
1.68
1.52
0.46
0.26
-0.32
0.78
0.26
0.00
0.00
-0.45
-1.10
-2.15
3.27
-1.61
