-1.37
0.19
-0.77
-2.79
-0.67
1.31
-2.85
1.71
-0.64
-0.88
-0.95
-0.17
5.17
-3.28
4.10
1.69
3.84
1.73
0.64
-2.62
1.89
-2.46
-4.85
-7.72
-4.43
2.37
-1.09
-0.44
5.22
2.97
-4.68
0.11
5.66
1.89
-2.64
3.26
-0.59
2.08
1.72
0.92
1.61
0.62
1.54
-1.91
2.23
-2.36
2.33
0.03
-1.49
-0.18
0.65
-0.89
-1.82
-1.80
-2.79
0.13
0.82
3.37
-1.90
-0.90
0.78
-0.71
0.10
2.37
-0.51
-1.08
-0.23
1.52
2.70
-0.99
0.06
3.38
-0.30
0.27
-1.27
0.83
-0.70
1.01
-1.12
-2.05
0.34
1.25
0.31
-2.46
1.10
0.37
-0.47
1.81
0.09
-4.98
-2.03
0.82
-2.02
-1.96
0.00
2.68
-0.89
1.73
0.33
1.70
0.74
0.83
1.20
0.22
-0.37
0.19
0.87
0.22
-1.67
-2.04
-2.34
1.35
0.91
-1.00
-1.82
0.56
-2.37
0.67
1.91
-5.08
-2.49
2.62
3.90
-0.76
0.37
-0.80
-1.04
1.67
1.87
0.95
1.66
-2.40
1.34
-1.62
0.26
-0.85
0.83
-0.89
-0.13
-0.83
-3.81
-1.18
-1.19
-1.07
-0.04
-1.37
6.05
0.58
0.48
-0.78
-0.99
-0.69
2.51
-0.24
1.43
-2.15
0.72
-1.53
1.56
-1.91
-0.49
0.63
0.28
-1.39
0.49
-0.03
-0.45
1.79
1.17
-0.44
-0.58
-0.03
-2.07
1.13
-1.01
-0.35
0.78
0.56
-0.17
-9.38
-0.31
1.35
3.96
1.28
1.45
1.68
-0.46
1.73
-0.69
-0.87
0.14
0.11
-0.14
-2.64
-0.72
-1.56
-3.03
-1.52
1.31
1.15
0.38
-1.13
0.19
0.00
-1.71
-0.19
-4.06
0.81
0.40
-0.30
-0.70
2.62
0.39
2.34
0.00
2.29
2.99
7.25
4.73
0.65
1.60
0.79
0.78
-2.64
1.28
0.63
1.25
-1.70
1.73
0.62
-0.15
0.15
-0.46
1.85
1.52
3.13
-1.88
-5.90
-1.10
1.11
1.57
2.62
-0.60
0.61
-0.30
0.30
2.86
-0.29
-1.47
-0.60
-0.15
1.50
2.51
-2.02
-2.06
-2.40
-0.46
3.86
-1.49
-2.42
-4.64
1.79
0.48
2.38
-0.62
0.00
3.90
1.80
-0.59
-0.15
0.30
0.89
-2.06
1.35
0.00
0.00
-0.44
3.71
2.72
-0.42
0.00
1.12
0.55
0.55
1.10
4.47
3.24
1.26
-0.87
-0.13
4.76
-2.15
0.98
3.39
-0.94
-1.65
3.12
-3.85
0.00
-0.24
-1.70
0.00
-1.36
0.00
-1.88
0.26
1.15
-0.38
1.77
-0.99
0.25
2.50
-1.10
-1.23
1.25
-0.37
-0.25
-0.99
-0.50
-0.25
-0.88
-0.89
0.26
0.64
3.06
-0.12
-1.12
-1.13
-0.38
2.67
0.00
-2.23
-2.66
-0.13
-2.61
-1.61
0.54
-2.23
-2.15
-3.39
2.34
-0.14
-2.01
-1.75
-3.27
-0.62
2.48
1.51
1.19
0.74
-2.63
0.60
-2.38
-1.07
3.70
0.60
0.15
-0.59
3.27
-1.87
0.44
1.02
1.59
-0.85
3.73
-2.77
-1.00
-5.03
0.15
-1.36
2.30
1.27
-2.59
2.43
-0.74
-1.79
-0.30
-0.91
0.00
1.08
0.00
0.91
-0.75
0.61
1.81
-0.15
-1.04
1.35
2.22
0.00
0.87
1.15
3.27
0.14
0.96
-1.90
2.08
-5.16
-8.60
-1.57
0.32
0.79
-2.05
-1.29
2.12
-3.83
-3.15
2.05
-0.17
-0.17
-1.52
2.39
-2.00
3.07
-0.50
-1.00
-0.67
6.25
-3.82
0.33
-2.14
-0.34
-4.05
0.35
-0.53
1.23
-0.87
-4.39
2.57
2.51
0.17
-0.35
-0.35
3.16
0.85
0.34
1.01
3.50
3.22
-4.06
2.60
2.54
-0.31
0.00
-2.64
-0.80
-1.12
-3.73
3.04
-0.82
-0.83
1.00
-0.49
1.82
-2.11
2.33
0.65
1.29
-1.27
1.13
1.12
-2.05
-1.29
-2.12
1.00
-0.83
4.99
0.63
-1.89
0.80
-0.96
4.66
1.54
-0.45
-0.91
1.84
-0.15
0.15
1.66
1.78
-0.87
-0.44
2.06
-2.75
1.49
3.66
0.71
0.98
0.28
0.83
0.69
1.91
2.01
-0.66
1.45
-1.43
0.92
0.52
-0.65
-0.26
-0.53
-1.85
-3.10
-1.81
-0.71
-1.14
2.59
8.85
1.68
-0.89
0.77
-0.51
1.92
-0.25
0.13
-0.88
-1.27
0.51
0.38
-1.27
-1.03
-3.51
0.27
-2.55
-1.93
0.56
-0.42
-2.67
0.58
2.01
2.53
0.55
1.64
-2.55
0.96
-0.14
-2.73
2.25
0.69
-1.64
-6.24
-1.26
4.87
-2.71
-0.59
-0.59
-1.49
1.51
0.59
-2.36
-0.15
-1.36
-1.08
-1.09
-1.10
-0.16
-1.11
-0.80
1.94
1.11
