0.67
-0.89
-2.48
-0.11
2.10
2.84
-2.67
1.92
-1.66
0.95
-2.78
3.71
0.24
-2.47
1.56
-1.67
2.87
2.50
1.04
-1.15
-1.92
-2.08
-6.52
-0.64
0.52
1.32
-0.40
1.71
0.98
2.16
-1.16
1.25
2.08
-0.70
-0.60
1.10
-0.70
-0.22
3.14
-0.80
-0.87
-0.58
-1.19
-0.69
-0.92
0.79
0.12
1.84
0.73
1.00
-0.20
0.25
-1.01
0.47
-0.93
-0.80
1.03
1.00
0.77
-0.52
2.21
-1.26
-0.35
1.32
0.56
-0.21
-0.23
-2.30
1.19
-0.13
0.63
0.63
0.02
0.00
-0.43
-4.88
0.16
-0.09
-1.42
-0.84
-0.34
2.01
-1.94
0.25
-0.25
0.11
0.59
1.50
-2.19
0.12
-0.85
-0.52
-1.17
-0.15
-0.46
0.13
-0.04
1.54
-0.52
0.25
-0.25
-0.47
-0.13
-0.36
-0.02
1.79
-0.52
-0.14
0.65
-1.29
0.32
0.96
-0.40
0.33
-0.40
0.13
0.78
-0.36
0.94
-2.58
-1.81
2.16
3.45
0.67
-0.23
-0.39
-0.04
0.28
-0.70
-0.34
2.06
-1.74
1.97
-0.31
-0.85
-0.28
1.37
0.10
0.52
0.09
0.62
-0.79
0.62
-0.27
-0.72
-1.56
-1.39
-0.93
0.87
-0.97
-0.29
0.76
-0.27
0.00
-0.40
0.22
0.78
-0.48
-1.06
1.66
0.98
1.22
0.35
0.00
-0.86
-0.70
-0.30
0.14
-0.23
-0.28
0.54
-1.81
-1.72
0.66
-1.33
-0.15
0.39
-0.68
-1.36
0.55
1.28
0.76
0.07
-0.72
0.28
-0.39
-0.98
1.29
-0.55
-0.58
-0.34
-0.39
0.60
-0.30
-0.71
0.45
-0.40
0.25
-0.60
-0.28
1.03
0.83
0.07
1.03
-0.94
-0.07
-0.07
-0.11
-0.86
-1.07
0.91
-2.28
1.89
3.30
0.24
-0.07
-1.85
0.67
0.54
0.68
1.56
0.74
-0.14
0.59
1.82
0.82
-0.28
0.28
1.01
-0.34
0.93
-2.22
0.51
-0.10
2.30
-0.19
0.17
0.03
0.92
-0.94
-1.77
-0.09
-0.02
0.09
-0.45
-0.57
-0.18
-0.26
-0.90
-0.05
-1.42
-0.31
1.16
0.84
1.19
1.87
-0.55
0.38
-0.12
-0.31
0.26
0.78
-0.96
-0.40
0.17
1.18
0.44
-0.41
-4.00
-0.39
-1.22
-2.39
-0.06
2.21
1.22
-0.88
-0.04
1.07
0.73
-0.20
0.84
0.49
-0.23
1.09
0.33
0.05
0.12
-0.28
-1.22
0.16
0.47
-0.04
-0.04
-0.74
-0.85
-0.82
-0.99
-1.20
0.18
-0.66
0.50
0.48
1.79
0.05
-0.48
0.63
-0.07
1.72
0.74
0.21
0.33
1.08
0.40
0.09
-0.21
-0.17
-0.52
0.17
-0.12
-0.12
-0.52
-0.12
0.99
0.46
1.18
1.76
0.88
0.82
-0.25
0.98
-0.45
-1.98
0.18
0.52
0.14
0.42
0.20
-0.02
0.07
-0.52
-0.64
-0.56
0.87
-0.78
-0.42
0.15
2.57
-0.21
-0.13
1.21
1.63
0.64
-0.08
0.57
0.22
1.29
-0.46
-0.17
-1.03
-1.98
-0.08
-1.45
-0.60
-1.07
-0.30
0.08
1.23
-1.68
0.17
-0.75
0.50
-0.28
-1.14
0.37
-1.39
-0.09
-0.10
-0.53
-0.59
0.76
-0.40
0.16
1.11
-0.27
0.65
-0.73
-0.21
-0.17
-0.14
-0.09
0.07
0.91
-1.04
2.69
-9.24
-0.04
1.39
1.28
0.45
-0.43
0.34
-2.00
-1.43
-1.25
0.21
0.08
-0.13
0.66
-0.86
-0.64
0.85
2.45
-0.68
-0.26
0.78
0.07
-0.55
0.78
0.62
0.13
0.36
-1.49
-1.55
0.07
0.95
-0.89
1.40
0.44
0.26
0.04
-0.13
0.97
-0.25
0.15
-0.25
0.33
-0.25
-0.89
-1.45
0.19
0.33
-0.11
1.24
1.04
-0.27
0.73
0.40
0.59
-0.45
-1.45
-0.73
1.28
0.34
-1.50
-0.55
0.02
-0.22
1.38
-0.05
0.53
-0.60
0.53
-0.47
2.11
0.96
1.15
0.24
-0.56
-0.70
0.51
-0.40
0.95
-0.54
-0.21
0.79
-0.21
-0.60
-1.57
1.34
1.50
0.54
-0.86
2.51
0.99
-0.10
-0.24
-0.90
0.78
0.34
0.37
0.35
-2.36
-0.45
-0.03
-0.48
-0.26
-0.49
-0.28
0.23
0.94
-0.66
0.35
1.87
0.37
1.15
-0.50
-0.22
1.08
0.30
0.67
0.26
0.17
0.71
0.28
0.24
0.46
-1.39
-0.46
-4.23
-1.67
0.30
-0.67
-1.42
-0.41
-1.65
1.37
-2.05
-1.27
1.43
1.54
0.52
0.57
1.05
-0.18
-0.90
0.23
-1.25
1.34
1.83
-1.05
0.94
-1.63
1.35
0.11
0.07
0.00
0.77
1.72
1.61
-0.59
-0.37
0.92
-0.62
-1.19
0.62
-0.32
-1.20
-2.53
2.65
-0.59
