0.76
-3.58
-7.09
-2.42
7.05
-1.60
-6.97
-1.26
0.39
-5.99
0.52
-1.25
0.32
-4.51
2.09
-0.65
-4.22
7.68
1.05
-5.82
-1.32
1.68
-5.27
-7.19
-2.25
0.90
-4.44
-0.53
9.33
1.83
0.72
-1.43
3.38
-1.28
3.07
0.46
10.39
1.24
6.33
1.34
5.50
-2.34
2.85
-5.81
0.28
-1.80
5.40
-1.01
-4.16
2.89
1.97
4.96
-2.45
0.54
1.16
-1.77
1.98
4.67
-1.94
1.37
0.68
-1.18
-2.21
4.26
-1.59
-0.34
-0.94
2.75
2.59
1.14
1.05
2.39
0.86
2.93
-1.73
3.66
-3.17
1.75
4.63
-2.93
-1.55
-1.05
0.68
-1.50
-0.30
-4.20
1.75
-0.08
-1.18
-4.44
0.75
1.32
-0.81
1.39
0.32
0.56
-1.12
4.06
0.16
-2.72
-0.72
2.10
1.58
0.08
-2.25
1.99
0.16
0.00
-1.87
-6.81
-2.13
-0.17
0.61
-0.52
-4.87
1.10
1.27
0.27
0.89
-2.56
-5.43
2.68
3.64
-2.16
-0.55
-4.16
0.29
1.06
4.57
1.91
1.16
1.06
0.17
-0.17
1.05
0.09
0.09
0.95
-0.68
-0.78
0.61
-1.12
-0.70
1.05
-2.00
-3.37
1.84
-2.61
13.43
-3.35
-0.42
-1.27
-1.29
1.65
0.43
-3.32
-0.62
2.31
-0.17
0.35
2.08
-4.07
0.53
1.23
2.17
1.53
-0.50
-1.09
3.15
-0.74
2.66
-0.16
-2.92
2.01
0.41
0.57
0.65
2.98
-1.96
0.16
1.43
4.24
-1.43
-2.45
2.98
0.23
0.30
2.20
0.22
2.14
1.66
-1.21
0.43
0.72
-1.00
-0.94
0.87
-1.01
-2.91
0.37
1.49
-3.68
-0.99
0.23
-1.54
-0.78
0.00
0.79
1.56
-3.85
-2.40
-2.05
-6.28
2.68
-0.43
0.87
1.30
1.28
4.22
1.62
0.00
-0.80
3.21
0.00
-1.17
0.79
0.78
-1.55
0.39
-4.71
0.41
-1.23
1.66
-0.82
0.82
2.86
2.78
1.16
1.53
-2.63
5.02
0.74
-1.82
1.12
-0.74
0.00
0.22
0.52
-1.10
-0.37
-1.12
2.26
2.58
-1.44
1.09
6.14
2.04
-0.67
-1.01
1.02
-0.67
-0.68
-0.34
1.02
-1.69
0.69
0.68
-1.69
-4.83
-9.78
0.00
-1.20
-0.41
4.49
-1.17
-1.58
1.20
1.59
0.00
0.39
2.33
1.52
-3.75
-1.17
2.36
-0.77
0.78
8.85
3.18
-1.37
-0.69
0.00
1.05
-2.77
-3.91
-1.11
0.75
-2.97
-0.77
-1.93
0.39
-1.57
1.20
-1.57
-2.40
-0.41
0.41
2.46
4.00
-0.31
1.08
0.76
1.14
-1.42
0.30
0.00
0.00
-0.76
1.53
0.38
-0.60
-0.53
0.76
0.38
1.50
0.00
0.74
0.00
1.47
0.00
-1.08
0.36
-0.36
2.19
-2.50
0.37
5.47
-3.11
-1.43
2.17
0.00
-0.35
-1.07
-1.80
-1.83
0.00
4.10
0.00
0.36
-1.43
0.72
-0.72
0.00
-2.90
4.10
1.43
-1.06
-1.43
0.36
1.44
3.20
-1.38
0.70
-1.04
-0.35
-0.35
0.00
0.00
-0.35
3.90
0.68
2.71
-0.33
2.32
-0.32
-0.32
2.28
-1.59
-2.91
2.00
1.31
1.61
1.27
-0.31
1.26
-0.62
0.94
2.17
0.00
-0.30
2.74
-1.78
-0.30
-2.11
1.85
-1.82
-0.62
-1.86
-0.63
9.24
3.21
0.56
-4.21
-0.29
0.88
1.46
0.00
-0.29
-3.75
0.30
0.00
-0.90
-0.60
0.91
3.30
0.00
0.87
3.17
3.91
0.81
-2.40
0.27
-0.54
-1.37
0.83
-0.83
-0.56
-0.28
1.96
0.82
-2.18
0.28
1.67
1.09
-0.54
2.17
-1.06
1.34
1.86
0.26
-1.30
-0.53
0.79
-0.52
-4.75
-0.83
1.12
-1.10
2.51
-0.54
0.55
-0.82
0.55
-2.73
3.37
3.64
1.21
-0.26
1.04
-2.06
0.52
-2.87
1.34
-9.02
-0.87
-0.82
0.83
-0.29
2.36
-1.73
-2.05
2.69
-0.58
0.29
1.17
0.58
0.57
-1.71
0.87
1.73
0.00
-1.42
-0.29
0.86
0.57
1.70
-1.40
0.28
-5.37
0.60
-0.59
-0.60
-1.50
0.91
1.81
0.59
0.29
0.59
0.88
2.61
-0.28
2.27
-3.60
2.01
1.41
-4.17
1.45
-1.43
2.90
1.41
-2.50
0.57
-1.70
0.86
0.00
-0.29
-2.01
-2.05
2.99
-1.45
5.88
-1.67
2.26
-3.59
-6.59
3.99
1.77
-3.19
-0.60
-0.60
-0.61
0.91
2.11
-1.78
0.00
1.51
9.50
1.08
-0.80
1.62
-3.72
-1.38
2.80
-1.91
1.94
1.36
-0.27
0.00
1.62
-2.65
-1.09
1.93
0.54
-1.34
-0.54
0.55
-1.36
-1.10
-0.56
-1.69
