-1.14
-0.38
-1.29
-0.78
0.26
-0.79
-2.11
0.27
-2.42
0.83
-1.64
1.67
1.91
-2.14
2.19
-2.68
0.28
1.65
0.54
-4.03
-1.96
0.29
-2.56
-1.75
-0.30
1.49
-0.59
2.37
0.87
2.15
0.42
1.12
2.21
-2.43
-0.28
2.50
0.00
0.81
1.08
1.46
1.44
1.03
-0.26
-0.64
1.94
-1.77
0.77
0.26
-0.51
1.28
-0.25
0.25
-1.01
0.26
-1.53
0.26
1.03
0.64
0.64
-0.25
0.25
-1.52
-0.77
1.42
-2.68
0.79
-1.04
1.31
1.55
-0.77
0.26
-1.28
1.95
0.13
0.25
0.51
0.25
0.00
0.25
-1.51
0.77
0.51
-0.50
-1.77
0.00
1.29
0.00
1.27
-1.26
-0.51
-0.51
0.51
-0.51
0.00
0.51
0.77
-0.76
1.28
1.01
-0.50
-0.50
1.52
0.00
-0.25
-0.25
-0.25
0.00
-0.38
0.25
-1.63
-0.51
0.26
0.00
0.77
-0.51
1.53
0.00
-0.63
1.14
-3.00
-3.09
1.86
2.35
0.77
0.51
-0.76
1.27
1.00
2.23
0.49
-0.97
-0.24
1.22
0.48
0.24
0.00
0.24
-0.48
1.20
-1.43
4.82
1.15
-0.91
0.69
-1.14
-2.53
0.00
0.00
0.24
-0.47
-0.71
0.48
0.48
-0.59
0.71
-0.83
0.95
-1.18
0.00
-0.48
0.48
-1.19
0.24
0.24
0.00
0.00
-0.48
0.24
0.72
-0.48
0.36
0.48
-2.26
0.98
-1.21
0.00
1.83
-1.32
0.73
-0.24
1.09
0.72
0.00
-0.95
-0.12
0.12
-0.48
0.60
0.48
-0.24
-0.48
-0.12
0.12
-0.60
-1.33
0.49
0.00
0.24
0.00
-0.24
0.85
-0.12
0.48
0.72
0.24
1.19
-3.07
0.00
1.46
-0.24
-0.72
0.00
0.24
1.81
1.30
0.47
0.47
1.16
2.87
2.12
-1.31
1.33
-0.44
0.22
0.88
-0.43
0.33
-1.41
1.54
-0.87
-0.33
-5.60
0.70
1.85
2.04
0.89
-0.11
-1.87
2.02
-0.66
-0.44
0.67
0.22
0.00
0.00
-0.44
0.00
0.33
-0.55
-0.56
-0.56
-0.22
2.03
2.43
-1.72
0.88
0.65
-0.86
-0.22
0.66
-0.87
0.66
-0.22
0.00
0.00
0.87
0.97
1.60
0.00
0.21
-0.84
1.06
-0.42
1.05
-0.52
-1.26
-0.32
0.11
0.53
0.63
-0.42
2.95
0.61
0.61
2.02
2.18
-1.55
0.99
1.17
-1.74
1.47
-0.68
-0.49
-0.29
0.59
0.78
-0.19
0.78
4.82
-0.92
-1.67
0.57
0.56
-0.93
-2.26
-1.73
0.59
-0.58
0.00
0.20
0.59
1.36
-1.15
-0.97
0.39
-0.20
0.39
0.58
-1.16
-0.78
0.59
0.20
-0.98
0.20
0.20
0.00
0.00
1.18
1.46
-1.83
-1.76
-1.39
0.20
-2.42
0.21
-0.31
1.14
0.20
-0.61
-0.41
-0.41
-0.41
-0.62
0.21
-1.25
2.75
1.03
0.61
0.61
2.82
0.20
3.32
-1.13
0.38
4.00
0.46
-1.91
-1.67
0.57
1.50
-3.70
0.00
0.96
-1.71
0.39
-0.10
1.26
-1.15
1.16
0.00
2.10
-0.93
-0.75
2.66
-0.74
2.05
-1.65
0.74
-1.29
0.37
-0.56
0.94
0.28
0.46
0.92
-0.36
-0.92
0.55
0.55
0.00
-1.65
0.19
0.00
8.16
-0.34
0.86
-1.19
-1.90
-0.62
-1.51
0.72
-0.89
0.00
-0.90
1.27
1.08
-0.53
-0.18
-1.97
0.18
0.55
2.72
-1.94
0.36
0.00
0.00
0.90
1.24
0.88
-1.04
-1.76
0.18
-0.89
-1.26
0.91
1.08
-3.04
0.37
1.29
-0.54
-0.18
0.55
-0.18
0.91
-0.72
-1.09
1.65
-1.63
1.47
-0.36
1.82
2.32
0.17
-0.17
-0.17
-1.22
1.24
-0.17
0.00
-0.18
0.18
0.70
-0.17
0.26
-0.96
0.35
-2.80
0.36
-0.72
-0.54
-1.27
0.00
-1.84
-0.75
0.94
-0.19
-0.56
0.56
3.00
-2.73
0.56
0.37
1.11
-0.55
0.55
-0.37
0.00
0.00
-0.18
0.92
0.36
0.73
1.26
2.32
-2.44
0.54
0.18
0.00
0.89
0.00
-0.53
-5.12
1.12
-2.03
-1.13
0.19
1.90
0.93
-0.55
-0.19
-0.37
-2.89
-0.10
2.12
0.38
-0.38
0.00
4.61
-0.99
-0.36
-1.82
1.12
0.55
2.38
0.89
0.53
0.70
0.87
3.64
0.00
-0.50
2.61
0.08
0.00
-1.15
-0.08
-0.58
-2.50
-0.60
0.60
1.88
2.18
0.99
-0.65
0.00
0.33
0.33
1.95
0.96
-0.63
-0.16
0.16
0.16
0.32
0.63
1.73
0.15
0.93
0.92
-1.06
-0.77
-1.23
1.25
-2.01
-0.47
0.79
-1.73
-1.44
2.43
-1.90
