-2.52
-8.00
-3.07
-1.58
-8.58
-10.85
-7.24
0.00
-4.26
-9.63
-6.15
7.86
31.17
-8.02
8.72
6.17
4.07
1.12
-7.18
-6.85
11.18
-4.89
-7.25
-4.89
-6.16
-0.73
1.84
3.25
-4.55
15.38
-4.44
-6.64
4.98
-6.10
-3.25
7.84
14.88
7.23
-2.25
16.67
15.02
6.42
13.28
-18.83
14.00
-1.92
4.70
0.75
-3.71
9.63
3.69
-3.56
-0.18
-2.11
-9.53
2.98
-1.74
6.88
1.10
-0.18
-7.65
-2.17
4.84
10.00
1.40
6.38
4.54
7.29
-3.03
-6.11
3.81
3.98
2.79
9.44
0.78
7.65
4.46
2.19
6.32
-5.63
1.12
-1.78
-7.36
-0.61
3.44
3.69
-2.87
-1.30
0.96
-1.18
-3.36
4.84
3.67
-7.19
-4.31
-0.39
2.06
-1.77
4.76
0.86
-4.38
-0.13
2.04
0.00
-1.25
3.42
6.73
5.05
-1.53
-9.09
-0.49
-1.96
-0.75
-7.30
4.08
3.00
-2.28
-0.39
4.43
-7.23
-10.48
10.96
3.65
-7.83
3.68
-8.20
-0.60
-2.84
1.23
-5.94
14.56
-6.78
-2.27
-3.88
2.58
0.47
1.41
-5.09
0.16
-4.71
4.09
-2.62
1.51
4.97
-8.36
1.38
6.79
2.54
2.48
17.10
1.42
-4.08
6.91
0.99
4.80
0.35
1.29
5.89
-4.14
-3.53
2.12
-2.42
3.20
1.38
2.26
-1.66
-3.37
-1.05
3.18
1.14
0.23
5.51
-3.09
1.87
-8.10
-1.65
-0.60
0.72
-0.12
-4.18
7.86
-1.04
-4.91
1.35
-5.09
10.34
2.20
0.11
2.15
-5.43
2.11
-2.64
-6.01
4.89
-4.42
-3.63
-1.69
-3.69
-1.64
-0.56
8.54
3.61
0.12
-2.99
-6.28
-4.51
2.87
-2.92
-8.61
-1.10
-3.81
2.64
0.16
2.09
6.29
5.03
-2.96
-6.10
3.40
3.74
-1.30
0.00
4.23
8.12
0.39
5.29
-5.02
-7.10
-4.31
22.06
4.52
0.23
2.84
2.87
2.25
-1.36
-0.96
2.58
0.10
-7.85
3.18
4.18
2.11
1.14
-3.37
1.38
0.52
-0.73
-1.99
-2.67
-0.99
4.87
-1.69
1.40
-2.22
-7.69
-1.29
2.02
1.40
29.20
17.44
0.76
-2.41
1.77
-1.36
4.68
1.47
-0.07
2.96
-5.48
-1.49
-4.75
4.35
2.12
-2.82
-4.20
2.55
-0.16
-0.16
-2.65
1.04
-0.56
-4.95
-2.27
-0.09
-5.16
2.27
0.27
3.98
-2.21
4.09
-5.60
-0.44
0.89
-2.64
-7.60
1.37
-2.32
0.20
-5.23
3.96
-3.51
-0.62
0.21
-3.02
-0.54
-2.81
0.89
0.22
3.19
2.99
-3.21
2.03
-0.10
2.41
-4.82
2.37
-0.74
2.33
-0.93
-5.12
-4.74
-3.35
-2.03
-7.45
-0.66
-0.40
3.47
6.06
-3.28
-3.14
0.39
3.23
-1.13
1.01
-7.52
7.45
4.92
-9.62
-2.53
-0.14
-5.46
1.59
-5.41
-5.41
4.77
3.79
1.17
2.17
1.70
-7.79
-6.64
-4.04
0.84
5.51
-2.06
-1.45
12.13
-11.99
-1.83
5.25
8.36
6.08
-7.41
0.15
13.27
-2.66
1.50
-10.92
2.57
-1.18
1.04
6.20
-0.56
-0.28
0.70
4.18
-8.02
-6.54
-3.27
3.05
-1.25
-2.69
1.79
4.63
-1.52
-1.86
5.99
-6.85
-3.51
-1.16
5.36
-10.65
-3.20
2.39
1.26
-9.04
-4.87
-4.51
0.86
-3.40
-1.54
14.77
-4.48
-1.63
1.45
-0.82
3.30
-2.59
2.25
-5.01
-1.27
-1.50
-3.47
-2.47
-4.15
-0.72
-2.18
8.42
-1.14
0.46
5.75
-1.52
-7.06
-2.38
2.68
6.87
0.89
-1.76
-2.24
2.06
3.14
1.30
-1.07
8.24
-3.01
2.48
-0.81
-2.03
1.66
-3.06
-0.42
4.02
-6.50
-3.04
-1.12
-0.45
-2.51
0.47
1.40
-0.46
-2.30
-3.54
-1.71
-4.73
2.35
-1.66
-2.72
7.73
3.96
3.10
6.24
-5.65
6.68
7.78
2.40
-2.54
-0.20
-1.81
-7.79
0.89
5.73
3.96
0.20
-1.20
2.63
0.59
-4.31
0.82
1.22
4.02
8.11
-6.07
-1.52
-8.30
-0.21
2.53
4.53
-5.51
-3.54
-2.16
-2.43
11.09
0.20
4.88
2.52
0.76
3.38
-3.09
1.31
-1.85
4.52
1.80
0.88
-5.96
-3.54
6.19
2.00
4.29
2.57
-5.68
2.83
-4.48
-1.62
-0.55
3.31
0.36
-2.84
1.28
-4.15
-5.84
-1.00
0.20
-10.48
0.23
-4.04
-8.43
-3.84
1.86
-4.18
0.27
4.08
-2.09
-6.40
-1.14
-3.75
5.99
5.08
4.03
-15.76
-10.12
3.41
5.28
2.51
-4.28
-2.56
-0.33
0.99
1.95
0.96
-3.48
-4.26
0.68
-3.74
2.83
14.09
-6.33
6.43
-6.04
-1.29
