1.99
-0.24
-2.11
-2.85
0.33
-0.63
-0.68
0.75
-0.80
1.21
-3.09
1.14
2.53
-1.16
2.70
-2.16
0.40
-0.27
0.89
-0.97
1.18
-0.38
-1.92
-0.82
-1.95
1.27
0.15
1.12
1.54
0.41
1.15
0.10
-0.01
0.13
-0.27
1.46
-0.80
-0.35
2.55
0.38
1.09
0.56
0.57
-0.98
0.04
0.13
1.66
-1.10
0.28
0.45
2.29
-0.08
-0.96
-0.31
-0.43
-0.03
0.81
1.91
-0.58
0.95
0.68
-0.16
-0.82
0.78
-0.90
0.15
-0.20
0.69
-0.23
0.15
-0.04
0.58
-0.39
-2.18
-2.17
1.43
0.76
0.14
0.30
-0.44
-1.22
1.67
0.22
1.30
0.39
1.14
1.05
0.41
-4.99
0.39
-3.70
1.47
-1.96
-1.01
0.19
0.66
0.32
0.96
-0.78
0.53
0.32
-0.07
0.31
-0.43
1.06
-0.41
0.42
0.97
0.10
-0.69
0.73
0.54
0.69
0.97
-0.16
0.52
0.71
0.08
0.24
-1.24
0.70
2.47
0.86
0.92
0.11
1.42
-1.22
-0.90
1.84
0.99
-0.13
1.26
-0.92
0.35
-0.30
0.34
0.09
0.43
0.49
-0.36
0.01
-1.25
1.07
1.33
0.25
-1.75
-0.58
-1.21
0.04
0.12
0.30
-0.75
-2.02
0.31
-0.53
-1.17
1.13
0.18
-1.14
0.28
-0.24
1.07
0.61
-0.83
0.90
0.10
-0.20
0.26
0.31
0.68
0.36
-0.85
-3.31
1.13
-2.52
0.42
0.06
0.39
0.41
-0.43
1.04
1.24
0.00
0.59
-0.85
-0.15
-2.37
-0.27
-2.50
-1.47
-1.58
0.39
0.17
0.35
-0.99
1.72
-0.07
-0.91
0.25
0.48
0.01
-0.60
-0.36
0.23
0.13
-4.51
-2.73
-0.19
1.68
-1.46
-1.95
-0.19
0.53
0.92
0.73
-1.35
0.84
0.18
1.63
-0.73
-0.70
-1.24
0.08
-0.64
1.06
-0.45
0.30
0.02
0.53
-1.45
-1.58
1.44
0.78
-0.36
2.02
-0.05
-0.13
1.47
0.70
-3.28
-0.71
0.72
0.74
0.19
-2.63
-1.08
-0.16
0.01
-1.00
1.02
0.96
2.79
0.80
0.17
1.32
-0.49
-0.93
-1.19
0.60
0.50
0.72
0.67
-1.96
0.88
0.25
-0.46
-0.94
-0.17
-1.42
-0.99
3.39
-1.22
0.79
1.30
-1.76
-1.65
0.87
0.76
0.06
-0.24
-0.40
-1.33
0.36
1.07
2.25
-0.25
0.16
-0.38
1.11
-1.04
-1.02
-0.76
-0.96
-0.33
-0.84
-1.47
-3.07
-0.68
0.31
-0.87
1.66
-0.35
-0.81
0.05
0.51
-2.11
1.31
0.23
-1.07
1.14
1.08
0.11
1.17
1.18
-2.01
-0.16
-0.29
0.01
0.99
1.08
-0.04
0.32
0.42
0.09
-0.17
0.17
-1.57
-1.77
-0.53
-1.79
1.71
-1.55
2.03
0.11
-1.90
-0.10
-0.54
-1.02
-0.23
1.96
-2.34
-2.66
-0.84
-1.30
0.08
-0.16
2.51
-0.17
-0.22
1.61
0.58
-2.14
-1.45
-0.47
0.38
-1.41
-0.25
0.55
1.42
-0.45
0.67
2.66
-0.58
0.52
0.68
-0.29
-0.80
0.01
-0.13
0.22
-0.14
0.98
1.20
0.88
-0.74
-0.50
2.11
-4.21
-1.55
0.55
-0.77
-0.97
1.03
1.63
1.70
0.87
-1.42
0.28
0.46
-0.27
-0.34
0.96
1.36
1.56
-3.49
-1.26
3.84
-1.95
0.36
1.59
1.12
-1.37
-0.41
-1.38
-2.02
1.55
-1.78
0.29
-0.47
-2.30
0.65
-0.87
2.83
-0.58
1.52
-1.39
-0.37
0.49
-0.11
0.85
-0.83
1.18
1.30
-0.77
0.48
-1.73
1.83
2.07
0.62
-1.97
-1.11
0.11
-0.20
-0.48
1.05
1.89
-2.08
0.92
-0.36
-0.82
-0.41
0.50
0.89
-0.63
0.32
1.34
1.33
-0.33
1.08
-0.59
1.07
-1.56
0.63
-0.48
0.44
-0.95
-0.12
0.05
-4.34
0.69
-1.53
1.13
1.45
-2.74
-0.01
2.62
1.39
1.54
-2.10
0.12
-0.70
0.31
1.30
-1.82
0.09
-0.52
-0.21
-1.02
-0.17
1.67
1.90
0.37
0.81
-0.56
0.01
-0.42
0.11
0.01
2.52
-0.31
-0.12
1.32
1.20
-0.82
-2.64
0.44
1.44
1.37
0.83
0.22
0.34
0.40
-0.46
-2.93
0.93
0.65
-2.20
-0.33
-0.09
0.41
-0.28
1.43
-1.88
-0.01
1.13
0.14
-0.14
-1.14
-0.30
-0.48
-0.19
0.47
-2.28
-1.96
-0.89
0.55
-0.72
-1.73
3.30
-0.25
-0.84
-0.90
1.34
-0.04
-0.32
-2.76
1.80
1.71
1.54
-3.23
-0.27
0.93
0.37
1.25
0.11
-1.08
0.23
0.19
0.11
0.47
0.65
-1.19
0.34
-1.08
-0.55
-0.16
-1.17
-0.52
1.05
-1.87
