-0.71
0.30
-2.49
-0.20
0.36
-0.38
0.24
0.42
0.17
0.78
-0.98
1.50
-0.74
1.28
-0.19
1.14
0.71
2.59
-0.37
-0.77
0.98
0.31
-0.90
-0.32
-0.73
0.57
-0.58
0.38
0.00
-2.30
-0.26
-0.35
0.21
0.38
-0.70
0.53
0.48
-0.65
3.26
-5.86
-4.57
2.22
4.34
1.19
0.56
-1.57
0.57
0.50
1.45
1.28
2.47
0.78
1.18
0.38
1.05
-0.24
0.45
-0.24
0.41
-0.13
0.33
-0.11
3.39
0.66
-0.80
-0.92
0.33
-0.74
1.07
-0.61
0.35
-0.62
0.48
-0.42
0.29
-0.52
0.38
-0.06
0.22
0.00
0.81
-0.27
0.12
0.40
0.85
0.30
0.46
0.32
1.20
0.29
-0.08
0.03
-2.79
1.65
-1.71
-0.49
2.13
-0.68
1.14
0.08
2.23
-0.57
-1.46
-0.04
1.54
0.55
-1.99
1.23
-1.26
-0.61
-0.04
0.72
-0.94
0.64
-1.52
0.51
-0.57
0.39
-0.49
0.28
-0.17
-0.46
1.53
0.52
-0.31
-0.75
-0.37
-0.47
-0.35
-0.76
-1.22
2.54
0.07
2.34
0.77
-0.62
0.56
-0.69
-1.39
-1.45
0.35
1.32
-1.75
-0.06
-0.76
-0.50
-0.24
-1.27
1.02
-0.52
-2.29
-0.49
-1.22
-0.62
0.68
-0.10
0.68
-1.30
2.81
-1.51
-0.55
-1.05
-0.44
-0.25
-0.55
-1.79
-0.62
0.38
-0.69
-0.06
-0.99
0.79
3.09
0.76
1.79
-1.15
-1.70
0.56
0.55
-0.15
1.35
0.40
0.00
1.40
0.09
0.70
3.00
0.57
-0.36
-0.06
-0.36
-0.51
0.71
1.81
0.23
2.41
-0.60
0.90
0.06
0.19
0.31
1.11
0.22
1.38
0.28
0.02
0.00
0.03
-0.63
-0.40
0.41
0.00
-0.28
0.61
0.20
-0.08
0.37
0.48
0.68
-0.32
-1.38
1.07
-1.33
-0.23
-1.15
0.23
0.51
0.42
-0.96
0.21
-0.32
0.85
1.04
-1.06
-0.41
1.05
-0.16
0.07
-0.35
-0.30
-0.21
-0.50
1.93
-0.18
0.04
1.00
-0.27
1.81
1.27
-1.01
0.64
-0.67
0.62
0.33
-0.07
0.92
0.69
-0.50
0.33
0.41
-0.38
-0.47
1.23
0.46
-1.77
0.65
0.50
0.46
-0.42
0.95
0.85
-0.34
0.43
1.42
0.62
0.32
0.17
-0.33
1.45
-0.27
0.82
-0.76
0.56
0.62
0.70
0.03
0.61
-1.46
-1.36
0.11
0.91
-0.29
-0.12
1.92
-1.92
-0.03
-0.18
1.24
-0.80
1.67
0.01
-0.60
1.04
0.14
-0.12
0.03
0.24
0.21
0.62
1.81
0.61
0.23
-0.37
-0.73
0.01
0.08
0.68
-1.69
-0.07
-0.59
-0.05
-1.77
1.68
-1.61
0.05
1.44
0.64
0.51
-1.51
0.09
-0.07
1.90
-1.01
0.11
-0.12
0.48
-0.70
1.74
0.51
-0.40
-0.35
-1.29
0.13
0.35
0.55
0.54
-0.09
0.17
0.18
0.28
0.76
0.14
-0.05
0.69
-0.83
-0.29
-0.19
0.49
0.50
0.77
1.07
0.24
-0.35
-0.37
0.45
-0.23
0.13
1.33
0.43
0.40
-0.48
-0.33
-1.06
1.32
0.34
-0.12
-0.59
2.52
-1.72
-3.64
0.14
0.06
-0.68
2.05
-0.03
0.27
-0.73
-0.61
0.69
0.80
-0.30
0.81
0.31
1.00
0.93
-0.29
0.56
0.16
0.87
-0.66
0.46
0.42
0.78
0.26
0.43
0.54
0.99
0.29
0.51
-2.06
-0.84
0.87
1.10
0.64
-1.16
-0.72
-0.56
-0.24
1.18
0.27
-0.26
-0.76
1.61
1.50
1.34
0.84
0.03
-0.92
0.45
0.70
-1.02
0.55
1.05
1.40
0.56
0.43
0.10
-0.67
1.05
-1.50
-0.39
0.42
0.50
-2.57
-6.19
8.18
1.52
-5.13
2.42
1.61
0.88
2.25
1.55
0.19
-0.73
-0.17
0.14
2.03
0.85
-0.08
-0.69
-1.19
-0.26
0.71
0.33
-0.68
1.48
1.28
0.51
-0.04
-1.79
0.17
-0.10
-1.07
2.73
-0.94
-2.44
-1.37
2.57
-1.78
