-0.78
-3.51
-4.00
-1.83
-1.27
1.85
-3.88
0.97
-0.55
-4.02
-1.44
1.55
3.59
-3.13
-0.08
-3.19
-5.80
4.40
3.48
-4.36
2.60
0.19
-23.06
-11.90
0.00
-0.88
-2.47
1.49
2.94
7.07
-2.26
3.26
3.10
-1.89
3.80
5.33
7.73
5.03
5.48
-2.22
2.60
0.24
0.95
-2.89
3.29
-1.56
4.01
-1.69
-2.16
3.71
-1.17
1.04
-0.38
1.51
-2.42
1.36
-1.72
4.17
-0.63
0.68
1.08
-0.26
-2.66
3.10
-2.26
2.27
-1.54
-1.93
3.77
-0.34
0.91
-0.42
-1.87
2.01
3.74
0.47
0.00
-0.31
2.67
-1.17
-0.82
1.40
-3.23
-4.20
-2.31
-1.95
0.73
2.76
-0.56
-2.37
-0.94
2.83
2.15
2.57
0.60
4.63
1.63
1.17
0.04
1.05
2.57
1.97
1.38
0.39
-1.15
2.30
0.79
-0.08
-0.91
-4.85
0.28
0.59
2.24
0.17
-0.12
1.62
1.15
-2.28
3.06
-8.60
-7.02
4.65
3.69
-2.04
0.70
-1.48
0.47
1.61
3.21
1.29
2.86
-1.15
0.21
0.46
-1.14
0.17
2.32
-1.97
1.85
0.71
-0.22
-0.32
4.40
0.68
-0.80
-3.29
0.15
-0.40
0.48
2.00
2.01
-0.64
2.06
1.23
1.06
-1.74
-1.03
1.12
1.50
-1.44
1.55
-0.96
1.35
-10.11
2.10
-1.64
-0.90
-0.09
2.06
2.80
0.05
-0.26
-2.10
0.91
-3.31
1.00
1.00
-0.51
-0.41
-0.77
1.44
-0.14
-1.66
-0.96
1.93
0.55
-2.19
1.65
4.26
-1.10
0.63
-1.13
-0.42
2.19
-2.66
-3.77
-1.81
0.66
0.32
1.35
0.73
1.41
0.03
1.83
-1.43
-0.49
1.46
2.08
-1.25
2.53
-4.68
-1.50
-0.52
5.43
-1.63
0.35
-3.73
0.35
1.45
1.68
0.90
3.20
-3.81
-0.57
0.39
-3.55
1.18
-1.56
-0.07
0.42
-7.45
0.66
4.45
-1.02
1.39
0.96
0.02
-1.07
1.42
-2.95
0.02
0.13
-1.16
-1.92
-0.52
-2.06
0.44
1.43
-2.36
-0.48
-1.27
2.64
4.46
-0.51
2.95
-0.85
0.88
2.67
-2.34
0.16
-5.53
1.88
-0.88
-0.07
-0.13
1.38
7.60
-1.47
-0.73
0.16
0.80
0.48
0.05
4.14
-0.64
1.36
0.43
2.51
-0.25
-0.91
-0.24
2.00
-0.49
2.40
0.90
0.05
-0.12
-3.24
-0.29
-1.42
3.19
-1.57
-0.05
-1.42
-1.75
-0.05
-0.79
0.91
1.38
-0.96
1.08
0.97
0.19
-0.46
-3.22
0.67
0.48
0.21
0.07
0.53
2.42
-0.16
-0.56
-1.83
-0.11
0.00
-0.25
0.03
0.28
-0.08
-0.57
-2.03
1.09
1.60
0.87
0.65
0.66
1.67
0.58
-0.20
1.38
-0.45
1.40
0.32
-0.75
1.60
1.47
-0.88
0.63
1.24
-0.55
0.22
1.37
0.78
-3.85
-1.31
0.95
0.85
-0.09
-0.39
1.39
-6.98
-1.30
-0.58
0.59
1.48
0.08
0.50
-2.13
-0.18
-5.13
-0.79
0.48
-0.84
0.24
-0.42
0.49
-1.49
0.37
2.98
-0.68
-1.04
-2.99
1.73
1.26
-1.54
-0.86
0.14
-0.37
1.74
0.65
1.53
3.83
-0.59
-0.89
0.38
1.27
1.84
-0.63
-0.81
0.39
0.29
0.94
-2.79
-0.45
-0.08
0.30
-2.69
1.42
0.59
-1.27
-0.15
-0.14
-3.38
2.41
0.69
-0.58
4.29
-2.63
0.29
0.96
0.73
-0.02
-0.08
8.48
-1.39
-0.16
1.89
2.27
0.46
-0.10
0.98
0.63
-1.81
1.53
-0.34
-0.88
0.85
-1.07
1.89
-0.35
1.01
-0.65
1.52
-2.34
-1.34
0.36
-0.24
-0.95
-0.05
-1.33
0.66
0.73
0.63
-1.97
-2.62
-0.52
0.02
0.09
1.13
-0.47
-1.08
0.47
0.80
0.22
1.84
-0.41
2.35
-0.03
-0.47
1.45
-0.46
-0.66
1.62
1.15
-0.60
4.09
-1.47
-2.87
0.90
-0.91
2.32
17.89
-0.43
2.99
-0.30
0.68
-2.39
-0.82
-2.37
0.75
-0.49
-2.53
0.42
3.13
0.12
-0.16
1.21
-1.50
0.34
0.93
1.56
1.31
0.80
-0.70
0.35
-1.38
-0.58
0.39
-0.36
0.67
4.58
1.77
-0.24
-0.08
2.39
-0.57
-0.56
0.54
0.21
-2.80
3.95
0.95
-1.63
1.63
1.10
-0.28
-0.34
0.68
-1.04
-0.79
1.74
-0.02
-1.21
-1.37
-1.18
0.21
-3.52
1.05
2.08
0.11
4.02
4.33
-3.85
1.12
-0.89
0.36
2.08
-0.45
-1.00
-0.58
0.47
9.27
-0.93
2.49
1.69
0.77
0.70
0.64
-1.36
2.10
-0.58
-1.13
0.01
2.98
-1.03
-2.76
-3.24
2.37
-4.85
