0.17
-4.35
-0.60
-5.79
-3.66
0.70
-1.58
3.35
-3.80
-3.43
-2.04
-5.68
1.34
-5.48
5.08
-2.78
-0.80
8.58
4.68
-5.92
6.68
5.47
-1.86
-3.89
-3.13
2.65
-3.84
2.93
4.85
2.04
3.57
-5.35
2.84
-4.62
1.11
-0.51
2.49
-1.04
5.96
2.11
2.42
-0.63
2.75
-3.49
-0.09
2.16
3.49
-2.24
-2.09
-0.38
1.28
4.70
-0.08
1.37
-6.05
-4.51
0.93
0.78
1.09
0.82
-2.21
-0.42
-2.06
2.62
-1.81
0.36
5.27
0.17
-3.17
-20.10
-5.61
0.74
-1.75
1.34
-0.93
-0.43
3.83
2.70
1.26
-1.61
-19.07
-5.93
-5.08
3.65
-0.69
-4.70
-1.10
2.07
-2.75
0.37
1.60
0.37
2.48
3.08
1.38
-0.54
1.91
0.38
2.87
0.33
0.51
4.16
1.99
3.22
-0.46
1.06
3.18
-1.62
-0.45
-4.14
-1.99
0.35
-0.20
-0.11
2.34
0.90
1.84
0.04
2.56
-5.39
-9.89
7.95
6.30
1.71
-1.35
-3.62
1.55
0.89
1.18
0.33
21.83
1.64
-2.15
-0.99
4.33
-0.53
1.70
2.36
1.15
-0.44
3.21
-1.23
1.72
-1.75
1.25
-5.49
0.26
1.72
2.78
1.49
-0.37
-3.42
1.18
-0.63
1.43
1.44
-2.09
0.91
0.81
-1.42
0.78
-1.68
1.49
3.99
1.20
0.56
-0.53
-0.09
0.62
1.62
5.92
-0.55
-0.61
1.27
-1.12
-0.19
1.05
-0.14
-1.24
-1.17
3.26
-0.79
0.16
2.03
3.28
-0.55
-1.10
2.01
-0.36
-0.44
0.78
-1.89
0.21
0.21
-7.56
0.37
-0.14
-0.06
-0.43
0.94
-2.89
1.92
-1.37
0.06
-0.72
1.66
-1.72
-0.26
0.47
-1.75
-3.14
1.32
-0.24
5.00
-0.46
0.78
4.06
2.99
2.01
1.34
-0.65
2.54
0.15
1.35
-2.16
-0.36
0.64
0.77
0.33
1.52
-4.96
1.99
0.75
-0.03
2.86
-2.58
0.38
-0.53
4.26
-1.57
1.00
-3.69
-1.00
0.13
0.39
0.28
0.23
0.69
-1.50
-1.99
0.39
3.80
-1.26
-0.18
-1.43
-1.14
-1.10
-2.02
-0.33
0.41
0.33
0.59
-2.42
0.36
-0.27
2.94
13.97
2.88
1.37
0.90
0.56
-0.82
1.09
2.25
-1.84
1.45
-0.65
1.24
0.19
2.88
0.10
0.63
-1.20
-0.90
0.62
-0.17
0.08
0.76
-0.13
1.05
2.68
-1.13
0.08
-0.92
-0.47
-0.35
-2.97
1.29
0.61
-1.83
0.77
0.36
-0.76
-1.69
-3.41
1.12
0.27
0.24
-0.73
0.82
0.86
3.17
-2.53
-1.37
1.48
0.07
0.54
1.30
1.60
3.13
-1.53
-0.35
0.66
0.10
0.04
-0.02
-0.60
2.40
2.21
-16.83
0.69
-0.40
0.12
0.62
0.16
0.16
2.28
-1.56
-0.09
0.65
-1.46
1.32
1.02
1.20
-4.18
0.21
0.62
0.61
-0.33
0.23
0.89
-1.35
1.67
0.76
-1.58
0.79
-2.64
-0.45
0.12
1.98
-0.94
-1.96
1.18
-1.78
0.58
1.23
-0.48
-1.89
1.51
0.84
1.57
-0.66
-6.79
1.70
-3.16
-0.41
-0.41
1.11
-4.41
2.41
0.50
0.86
2.53
-3.48
3.08
-1.09
-0.61
1.06
0.46
0.41
0.45
-16.50
-2.59
0.68
0.15
1.07
1.24
0.15
0.45
-0.42
0.15
-1.46
-1.18
-3.22
2.35
0.81
-0.83
0.62
-2.99
-0.44
0.29
2.64
-3.96
0.03
0.74
0.77
-0.13
0.16
0.10
0.86
2.99
0.12
-1.37
-1.08
-3.25
3.04
2.79
-0.40
2.76
-0.09
-4.00
0.62
1.05
2.60
-1.22
-0.87
0.94
-0.60
0.58
3.11
-0.44
-0.21
0.35
-0.91
0.18
-0.30
-0.74
0.36
2.32
0.26
-1.54
0.88
0.23
1.75
12.62
-1.30
-1.78
0.10
-3.38
-0.60
0.79
-0.03
-0.51
-1.20
3.11
-0.91
0.78
1.55
-0.87
-0.45
0.85
3.46
0.77
1.09
0.73
0.47
-0.10
-3.00
2.30
-3.08
-0.49
1.43
0.23
-0.18
0.13
1.02
2.30
-0.05
4.08
-0.09
-0.33
0.19
2.31
-1.88
-1.54
1.04
0.50
-0.07
-0.07
-0.21
-0.43
2.61
-0.19
-0.49
0.70
7.13
0.85
1.47
4.11
4.60
0.49
1.22
-0.25
1.17
1.03
1.69
-2.02
0.38
3.33
0.31
-0.24
0.40
-1.34
-4.94
-3.55
-2.50
1.79
-4.26
0.74
2.89
0.94
3.51
0.29
-0.19
1.36
-1.30
-0.16
3.76
0.49
-1.27
1.00
1.12
0.22
1.88
1.98
0.12
4.58
2.22
0.03
-0.88
0.42
-0.60
0.87
0.52
-0.81
-0.02
-1.44
-4.67
3.29
-1.31
