-0.20
-0.69
-1.56
-0.30
-0.56
-0.02
-4.19
3.31
-2.53
-1.80
1.65
0.00
3.94
-3.59
1.13
-0.98
1.82
3.31
-1.96
-1.76
0.47
-0.62
-6.03
1.48
0.48
-0.02
-1.51
2.14
1.72
-0.34
0.45
0.87
-0.18
-1.48
1.58
0.85
0.66
-0.21
2.00
-0.31
0.19
0.36
0.99
-1.30
1.78
1.11
3.12
0.23
0.39
0.96
2.39
1.14
-2.65
-0.49
-1.70
0.14
0.02
2.39
0.08
-0.70
0.57
-0.86
0.28
1.54
-0.28
0.44
-0.06
1.09
1.32
-1.00
1.39
0.08
0.72
0.42
0.64
0.40
-0.97
1.15
0.09
-0.76
-0.31
1.13
-1.79
-1.11
-0.33
0.97
-1.04
2.07
-0.88
0.02
-1.46
2.18
-1.61
-0.27
1.19
1.22
-0.76
1.45
0.00
-0.37
1.27
-0.29
0.38
0.99
0.03
1.39
0.56
0.78
0.38
-0.17
-1.12
0.04
-0.17
0.51
-0.28
1.11
0.32
-0.18
1.16
-3.30
-2.96
2.14
0.32
2.32
-0.34
-1.64
-0.75
-0.33
0.97
-0.46
0.74
-0.06
1.18
0.17
0.50
-0.32
0.59
-1.11
7.37
-1.12
-0.90
0.39
0.15
-0.86
-0.39
-1.16
0.83
0.34
0.76
-0.03
0.49
0.08
0.03
-0.68
-0.22
-1.37
-0.41
-0.01
1.48
-0.19
0.23
-0.69
1.08
-1.11
1.03
0.77
-1.59
1.35
1.15
-0.05
0.33
-0.12
-1.77
1.90
-0.90
0.34
0.24
-0.07
0.19
-0.60
0.79
0.24
-0.86
0.08
0.57
0.84
-1.16
1.05
-0.88
-0.64
0.36
0.28
-1.02
0.35
-1.93
-0.05
-0.89
-0.28
-0.21
0.53
-0.32
-1.27
2.47
1.78
-0.89
-0.20
0.29
-0.23
1.15
-1.66
0.50
0.18
-0.07
1.38
0.03
0.21
-1.79
2.19
2.29
-2.11
0.41
-0.21
0.94
0.93
1.17
0.04
0.58
-0.42
0.78
-0.55
-0.81
-0.37
0.74
1.47
2.13
2.76
0.40
-1.20
0.00
-3.22
0.49
-1.38
0.32
-0.01
-0.34
-0.42
-0.01
0.96
-0.97
0.59
-0.32
-1.09
1.53
-2.01
-0.23
-0.69
1.37
0.58
-1.01
1.05
-1.04
0.54
-1.30
0.20
0.00
1.65
0.01
-0.91
-0.09
-1.05
0.24
-0.31
-0.56
1.24
-0.60
-0.69
-0.11
1.38
1.92
0.06
0.06
0.43
0.30
0.37
0.24
0.06
0.06
0.69
-0.35
-0.09
1.46
-1.31
0.05
-0.42
-1.00
-0.39
-0.19
0.57
0.85
-0.53
2.13
0.12
0.91
-0.15
-1.59
-0.52
0.63
-0.53
-0.38
-0.65
0.18
0.21
-0.23
-0.42
0.29
-0.71
0.80
0.21
0.64
0.94
-0.76
-1.30
1.15
-0.15
0.31
1.26
0.59
0.67
1.43
0.11
-0.02
-1.84
-0.29
-1.30
-0.45
1.01
0.44
-0.23
-1.07
0.39
-0.70
-0.24
0.49
0.45
-0.38
-0.52
0.25
0.19
0.05
0.25
-0.04
0.29
-0.69
0.29
2.12
1.43
-2.38
0.06
-0.58
0.54
1.70
-1.30
1.14
-0.51
-0.28
0.09
-0.10
-0.87
-1.06
0.57
-0.19
-0.11
-0.37
0.57
-0.94
0.88
0.91
-0.25
-0.78
1.34
-0.36
0.38
1.45
-0.99
0.40
-0.39
-0.24
0.24
-0.63
-6.61
-0.26
0.34
-1.06
-0.23
-0.51
-0.46
0.07
-0.38
-0.45
0.93
0.23
0.56
-1.04
-0.75
0.46
1.09
-0.76
-0.01
-2.02
-0.26
-0.30
0.18
-0.22
-0.73
0.43
0.11
-0.25
-0.06
0.19
1.01
-0.80
-0.57
0.36
0.57
0.92
1.00
0.43
1.32
-0.57
0.09
0.61
0.46
0.25
1.19
-0.09
-0.25
0.59
-0.01
-0.08
1.31
0.12
0.53
-0.24
0.01
0.12
0.54
0.44
0.11
-0.78
0.03
-0.98
1.10
-0.55
1.19
-2.30
0.00
-0.19
0.87
0.12
-2.99
0.53
-0.32
-0.28
-0.89
-0.57
-0.08
0.30
-0.19
1.18
0.01
-1.43
1.29
0.27
0.40
1.16
-1.04
-0.05
0.18
1.01
1.06
-0.03
-0.44
0.01
-0.91
-0.44
0.84
-1.73
-0.69
-0.28
-0.07
-0.94
2.31
-0.94
-0.71
-0.42
-0.81
0.04
0.19
0.14
-0.38
-0.53
1.27
0.05
-0.05
0.43
-1.02
-1.43
0.55
0.49
-1.72
-0.11
1.40
-0.74
1.71
-0.28
0.56
-0.08
0.88
-2.09
-0.36
0.17
-1.32
0.78
-0.57
-4.01
-0.91
0.58
0.06
-1.20
2.10
-0.14
3.28
1.03
0.07
-0.46
0.19
0.14
1.02
0.64
-1.07
-1.19
-1.18
0.66
0.84
1.43
0.60
-0.43
1.95
-0.03
-0.99
-1.61
-1.10
-0.47
-0.60
-0.66
-0.08
-2.91
-1.57
1.58
-0.15
