0.19
-0.14
-1.68
-0.05
-0.63
1.42
-1.94
1.14
-3.66
-3.55
-1.10
0.85
2.58
-3.34
2.18
-0.08
1.48
1.74
-0.45
-2.43
0.05
-0.52
3.02
-2.63
-2.70
0.93
-0.66
2.02
2.09
2.15
-0.80
0.61
1.00
-2.83
-1.38
1.97
-1.17
-0.67
5.02
0.64
0.54
-19.01
2.83
-0.82
3.78
0.63
3.90
0.82
-0.43
0.65
0.81
-0.69
1.34
-0.16
-0.96
0.38
-1.28
-0.43
-0.05
0.00
0.16
1.03
-1.24
0.71
-1.73
-0.17
-0.99
0.00
1.06
-1.49
0.84
0.39
0.11
-0.33
0.17
-0.50
0.50
-0.33
0.39
-6.90
-1.28
0.63
-0.72
0.24
-0.42
0.06
0.18
0.84
-0.42
1.14
-0.65
0.71
0.18
0.35
-0.65
0.18
0.00
0.89
1.05
-0.35
-0.23
1.22
-0.29
0.35
-0.63
-0.46
0.52
0.93
-0.23
-0.52
5.26
3.08
1.17
4.16
0.96
2.50
2.20
-0.67
2.21
-3.81
-2.35
0.90
1.09
0.93
-0.39
-0.54
0.15
0.29
1.27
0.48
1.06
0.38
-0.76
0.00
-0.67
-0.53
0.05
-2.03
1.04
-0.68
0.10
-0.39
0.79
-0.10
0.59
0.63
1.06
0.62
4.07
-0.48
-0.55
0.32
1.75
1.94
1.51
0.44
-0.26
0.83
2.64
0.08
0.55
-0.46
-0.13
-0.04
1.73
-0.62
0.63
0.08
0.54
2.18
0.44
0.12
-1.84
1.47
-0.64
-0.45
1.18
1.37
-1.47
-0.52
1.50
0.00
-0.16
-0.32
0.80
0.44
-1.03
0.36
0.04
0.56
0.55
-0.35
-0.36
0.16
-0.75
-0.48
-2.65
-0.78
0.42
0.12
0.04
-0.12
-0.50
3.41
0.36
0.16
-0.40
-0.20
0.60
0.76
0.04
0.87
-7.70
3.87
1.27
0.53
0.85
-0.20
-1.48
-1.66
-1.32
-0.29
-0.34
3.24
2.41
-1.04
-0.12
-1.69
-0.33
0.29
-2.58
-1.05
3.57
-0.62
0.99
0.49
1.06
-0.48
0.85
-0.28
-0.16
-2.90
0.58
-0.29
0.41
-0.58
0.12
0.91
-0.86
0.33
-1.40
0.50
0.87
1.78
1.46
-0.08
0.56
1.35
0.90
1.71
0.23
0.80
0.57
0.34
0.41
2.20
-0.33
-0.18
0.51
-0.29
1.03
-1.09
1.87
2.34
-0.53
0.64
0.60
1.33
0.10
0.14
-1.31
-0.56
-0.18
1.16
0.03
-0.73
-0.07
0.91
-0.55
-0.38
1.82
0.38
0.07
-0.34
0.58
1.16
-0.10
1.45
2.40
-0.34
0.24
0.03
-0.10
0.26
-2.53
2.20
0.13
-0.75
0.00
-0.36
1.55
-0.58
0.10
-1.43
0.46
-0.33
0.92
0.82
-0.49
-0.85
-1.15
-0.03
0.70
0.50
0.03
0.30
0.66
0.88
0.90
0.00
0.74
0.44
1.58
-0.65
0.03
0.94
0.25
0.46
-0.25
2.38
-5.07
-1.43
3.19
-2.12
-3.83
-1.26
-2.44
1.95
0.71
0.27
0.27
-1.14
1.52
0.83
0.10
-0.86
-0.03
0.67
0.00
-0.53
-1.33
-0.61
-0.75
-0.75
-2.34
0.14
1.51
-1.11
1.37
-0.48
-0.97
1.16
-2.60
2.77
-2.87
0.68
-2.76
1.16
-0.25
2.49
2.08
0.03
3.14
1.47
-0.92
1.46
0.16
1.47
0.48
0.03
-0.32
1.42
-0.79
-1.06
0.29
-0.13
0.65
-0.83
-2.13
-3.63
-1.03
-1.32
0.39
-2.66
1.62
0.99
-0.56
-0.39
-0.92
1.46
-1.09
2.20
1.56
0.58
0.31
1.53
-0.77
0.67
0.30
-0.40
-0.17
-0.70
3.38
3.37
3.54
2.99
-1.93
-0.39
0.88
1.59
1.15
-1.29
-2.02
-0.06
-0.51
-0.33
0.95
0.06
-0.79
-0.09
0.73
0.70
1.35
0.65
-3.80
-3.19
0.06
0.92
1.44
-0.93
-0.16
0.44
0.56
1.02
-1.35
0.43
-0.56
-0.99
0.72
1.00
0.28
-1.05
-8.64
1.68
-3.26
-0.76
-0.31
-0.80
-1.38
0.46
-1.39
2.06
-0.85
0.53
-0.28
1.14
0.46
0.98
0.45
-1.38
1.40
0.45
-4.64
-1.12
-0.29
0.73
1.52
4.43
-1.03
-1.00
0.42
0.80
-1.14
-1.19
-0.53
1.14
-0.56
-0.32
0.78
0.11
-1.47
3.03
0.00
0.21
1.86
0.20
-1.89
-1.21
0.38
0.17
-3.31
-1.24
-0.98
0.77
-3.35
0.26
0.71
1.31
2.06
-2.31
-1.66
2.24
0.57
-1.26
-0.57
0.78
-1.85
-3.72
1.17
0.81
1.84
1.66
2.48
-0.51
-1.92
0.04
-0.18
1.67
-0.73
-3.34
-0.11
0.84
1.51
0.67
-0.48
1.04
1.43
0.80
-0.32
-1.51
0.11
0.62
-0.62
-2.56
-0.56
1.55
-1.23
-3.38
1.98
-2.67
