0.70
-1.53
-1.61
0.09
1.22
-0.15
-0.47
1.66
-0.90
1.53
-1.77
1.89
1.74
-0.40
1.14
0.23
0.14
1.49
0.33
-0.33
1.83
-0.52
0.96
0.62
-1.24
-0.60
-0.60
0.72
0.49
-0.03
0.96
-1.14
0.79
-0.33
0.98
0.73
-0.64
-0.48
1.19
0.80
0.80
-0.16
0.53
-0.10
-0.29
0.87
0.13
-0.10
0.52
0.65
0.90
-1.43
0.93
-0.75
-0.23
0.88
0.49
0.97
-0.20
-0.51
-0.31
0.79
-0.43
-1.40
-0.13
-0.23
-0.29
0.73
-1.09
0.44
0.16
0.44
0.70
-0.51
-2.22
0.55
0.37
-0.31
1.65
-0.21
0.47
0.72
-0.49
-0.08
-0.36
0.65
-0.33
1.16
-0.33
0.94
-1.01
0.33
-0.43
-1.69
-0.03
0.03
-0.34
0.47
0.31
0.57
0.39
0.41
-1.07
0.28
0.95
0.33
1.14
0.18
0.58
0.60
-0.35
0.47
-0.22
0.50
0.59
0.12
0.71
0.56
1.40
-0.86
1.23
-0.02
1.24
1.57
0.60
-0.28
-0.58
-1.86
0.73
-0.23
-0.24
0.42
0.42
0.28
-0.09
-0.19
-0.14
-0.44
1.39
-0.39
-1.30
0.90
-0.42
1.67
-0.25
-0.05
-0.05
-0.14
0.19
-0.53
0.35
0.28
0.44
-0.25
-0.60
-2.46
-0.24
-1.10
-0.94
-0.24
-0.15
0.05
0.49
-0.95
0.79
-0.27
-0.02
0.20
-0.02
0.68
0.10
-0.19
-3.59
2.52
-1.82
-0.20
1.40
-0.62
-0.35
-0.25
1.53
1.33
0.41
-0.34
0.78
-1.47
-0.29
-0.29
0.39
-2.13
-1.85
-0.13
-0.61
0.36
0.23
0.59
0.10
-0.38
0.13
0.23
0.05
-1.85
-3.00
-1.68
-0.43
-0.74
0.25
-0.03
0.77
-0.63
-0.52
0.71
-0.35
0.85
0.49
1.22
-2.32
-0.16
-1.04
1.77
1.03
0.70
0.40
0.48
2.15
0.47
1.24
0.84
-0.15
-2.15
0.65
-0.69
0.05
1.86
2.80
-0.10
-0.07
1.83
0.58
-0.63
0.97
0.41
1.08
0.83
-0.26
0.85
0.02
-0.19
-0.30
0.33
-0.30
1.15
-0.58
-0.28
-3.12
-1.26
0.02
-0.49
0.98
-0.12
0.37
-0.75
0.49
1.10
1.33
-1.52
0.07
0.92
0.57
-0.45
0.81
-0.24
-2.09
0.17
-0.46
0.15
0.22
0.24
0.17
-1.76
0.25
0.91
0.32
0.56
0.60
-0.34
0.87
0.98
-1.27
-0.07
0.60
0.07
-0.14
-0.12
-0.19
-0.26
0.41
0.98
0.05
-0.66
1.19
-0.35
0.40
-0.45
-0.80
-1.02
0.00
0.07
-0.46
0.17
-0.26
0.75
-0.50
0.05
0.29
-0.43
-2.19
-0.02
-0.52
-0.17
0.62
-0.69
0.05
-0.12
0.00
0.27
-1.07
0.23
-0.25
1.30
-1.31
-0.70
-1.34
-0.38
-1.41
-1.02
1.45
0.03
-0.91
0.60
-0.03
0.13
0.26
-1.04
-1.91
1.31
0.76
0.03
0.16
-0.42
0.21
-0.29
1.13
-0.05
0.88
0.00
-0.15
-0.21
0.08
-0.67
0.75
0.72
-1.00
0.10
0.31
0.31
-0.13
-0.64
-1.32
-0.13
-0.39
0.53
-1.18
0.64
-0.84
0.29
1.01
0.03
-2.47
-0.54
-0.41
-0.62
0.63
-1.68
0.25
0.25
-1.10
0.39
1.08
-0.03
-0.77
-0.03
5.00
3.63
-1.04
0.00
-0.31
-1.57
0.03
0.39
0.23
-0.42
0.00
-0.44
-0.24
1.05
-0.88
0.18
-1.65
-0.61
0.56
1.06
-0.16
-0.63
0.82
-0.13
-0.24
-0.48
-0.56
0.05
-1.04
-1.40
-2.65
-0.03
0.42
1.45
0.80
-0.63
2.15
0.86
2.11
0.58
-0.55
0.97
1.37
-1.02
0.13
0.70
0.33
-0.15
0.95
0.05
0.03
-2.33
-0.75
0.52
-0.81
-6.10
-0.45
1.32
0.17
-1.44
-0.06
-0.42
-0.82
-1.11
-3.96
0.60
0.86
-1.27
0.33
-0.30
-1.13
0.39
-1.32
0.64
2.81
0.65
-0.15
-1.32
0.27
2.10
-0.03
0.38
-0.89
1.57
-0.17
-0.37
2.13
2.99
-0.27
0.33
2.11
-1.93
-1.20
0.17
1.55
0.46
3.25
-0.16
-0.79
1.32
0.58
-1.07
1.31
0.86
0.15
0.31
-0.44
0.75
-0.77
-0.87
-2.31
0.93
0.37
0.29
-1.99
-2.32
-0.38
1.15
-0.49
0.35
0.81
0.16
1.77
-1.80
-0.46
1.16
0.99
-1.48
0.48
0.03
4.57
-2.78
-3.78
0.55
0.27
-3.68
1.35
0.89
0.63
-0.52
1.62
0.38
-1.00
-1.25
0.44
0.69
2.02
-1.58
-1.55
-0.83
0.97
0.96
0.46
0.11
0.54
-0.16
0.84
0.08
-0.96
0.03
-0.11
-1.14
-0.66
-0.94
-1.75
-1.89
-0.03
0.61
