3.26
-0.42
1.15
-1.56
-0.50
0.96
-3.02
1.39
-4.06
-0.37
-0.77
-0.70
2.02
0.11
4.06
-2.36
0.44
3.83
1.10
-3.25
-2.37
0.94
-7.86
-4.77
-0.21
2.01
-1.56
3.17
3.82
1.10
-0.60
-4.59
2.52
1.03
1.60
4.30
-2.32
-0.99
4.18
0.31
0.52
-1.26
0.42
0.80
-1.93
-1.65
0.48
-1.75
-0.86
1.12
-0.05
-0.62
1.14
-0.19
-0.56
-0.19
0.11
3.75
0.03
-0.36
2.77
0.76
-1.31
-0.10
-0.72
-0.31
-0.16
0.65
-0.10
-0.10
1.24
-0.10
1.52
0.77
0.25
-0.07
2.39
-4.49
0.94
0.15
-1.21
1.81
-0.83
-1.41
0.38
0.61
1.04
2.28
0.02
-0.24
-0.20
-0.05
0.25
-0.10
0.32
2.18
-0.14
0.55
0.60
1.21
-0.21
0.52
-0.33
1.34
1.02
-1.28
1.56
0.39
-1.89
-2.67
0.33
0.67
-1.63
0.24
0.02
1.22
1.51
-0.51
2.27
-5.89
0.24
3.18
2.21
-0.41
-0.65
0.51
-0.14
-0.44
1.44
1.06
-0.91
1.31
-0.41
0.86
-0.09
0.02
0.36
0.29
1.72
-0.88
-0.13
1.47
1.27
0.26
1.58
-0.55
0.85
0.25
0.95
-0.36
0.06
-0.92
-0.78
0.26
-0.38
-1.13
0.30
1.29
-1.51
0.95
0.26
-1.32
0.15
-0.69
1.68
-1.35
0.52
-0.19
2.25
-0.17
-1.02
-0.04
-4.43
2.89
-1.28
1.17
2.86
-1.34
-1.33
-3.11
3.10
2.51
0.55
-0.78
-0.04
-0.19
-0.75
0.56
0.34
-0.28
-1.47
-1.23
-0.51
1.94
-1.17
0.92
-0.04
0.48
0.63
1.78
-0.06
-0.57
-0.64
9.50
-3.11
-0.20
0.00
-0.30
0.77
-0.88
-0.22
0.69
-0.34
2.03
0.22
5.05
-1.57
0.69
0.72
1.02
-1.37
1.25
0.37
0.24
0.97
0.18
0.46
0.71
0.75
-2.13
0.09
0.33
1.07
1.76
4.29
0.27
-3.09
-1.08
0.93
-0.18
1.24
-0.42
1.39
0.45
-0.41
0.45
-0.10
0.52
-0.55
0.09
-0.93
1.41
0.86
-2.06
-1.46
-0.18
3.65
-2.18
-0.54
0.07
-0.24
2.82
2.40
-0.75
1.04
-0.03
0.86
4.33
-1.50
-2.07
1.86
1.59
-3.34
0.34
-0.65
1.53
0.00
0.58
0.22
-2.39
1.15
-0.50
-1.12
5.46
-1.13
-0.19
-1.60
0.23
-0.06
0.58
-0.30
0.32
1.63
-1.13
-1.93
-0.36
-0.44
0.56
0.59
-0.79
2.67
-0.95
1.78
-0.61
-1.01
1.28
-0.24
1.66
0.08
0.02
0.79
0.60
-0.83
-1.61
0.20
-0.28
-0.41
0.54
0.49
0.06
-0.02
0.19
1.41
-0.51
0.80
-0.49
-0.17
1.90
2.15
0.34
0.24
-0.69
1.55
-2.01
-2.38
0.20
1.54
-0.51
-0.98
0.76
-0.29
-0.40
0.21
0.33
-3.03
2.83
0.99
1.28
0.60
0.40
-0.04
-0.09
-1.06
0.51
0.71
0.62
-1.35
-1.91
-0.29
-0.35
-2.82
1.30
-1.02
-1.16
0.52
-0.74
1.39
-0.05
-0.64
-0.02
-0.25
-0.39
-3.39
0.77
-1.92
0.53
-1.02
-0.08
-0.83
0.94
1.32
0.71
0.46
-0.98
0.54
0.23
0.02
0.94
-1.37
2.39
-0.08
-0.27
0.05
-1.23
0.26
-0.19
2.29
0.89
0.16
1.24
-0.40
-0.56
-0.16
-2.08
1.82
0.27
0.16
0.63
-2.01
0.02
-0.27
2.43
-0.55
-0.05
-0.36
-0.03
-0.39
1.23
0.72
-0.85
-0.81
0.24
-0.71
-0.95
0.46
-0.08
-0.29
-2.60
0.00
1.03
5.86
-2.90
-0.20
1.06
-1.83
0.22
-1.02
-0.75
-0.42
-0.23
0.26
-0.29
0.03
1.45
-1.36
-0.54
-0.08
0.16
0.18
-0.68
-0.05
-0.43
1.37
-1.71
1.67
1.32
-0.56
-0.32
1.98
-5.35
0.32
-0.03
-2.43
1.05
-5.72
-0.32
1.16
1.43
-0.63
0.18
0.27
5.49
0.37
0.47
0.18
1.56
0.54
1.78
-2.23
0.73
-1.23
-0.28
-1.08
1.20
1.90
-0.32
1.00
0.85
0.65
0.55
-1.99
0.16
1.29
0.27
-1.16
0.99
0.16
0.27
0.50
0.37
-1.31
0.83
-0.67
-0.96
2.54
0.77
0.77
-2.61
-0.08
-0.25
-1.11
1.25
-1.38
1.32
0.36
0.92
0.73
-0.94
1.38
-1.04
0.25
0.53
-2.01
-0.30
-2.99
-1.38
2.10
-5.20
0.46
-1.77
-0.74
1.61
3.10
-0.63
0.75
-1.80
-1.16
2.26
1.75
-1.91
1.12
2.13
0.92
0.77
0.97
1.57
0.77
0.29
-1.07
0.67
-0.31
-0.11
0.08
-2.38
-0.70
-0.30
-2.14
-2.47
2.75
-1.69
