-0.08
-1.69
-2.66
-1.19
-1.29
5.69
-29.42
8.34
2.26
-0.15
6.19
-0.11
-0.99
-1.25
3.52
-2.16
-0.97
4.73
0.26
-10.72
-2.40
5.06
-11.22
-7.13
-1.42
3.86
-0.04
4.78
5.94
-1.91
4.09
-1.55
6.70
1.38
1.51
22.25
-2.36
5.86
1.97
-4.59
4.56
0.57
-0.44
-5.34
0.48
-4.01
4.69
2.50
2.03
1.60
4.79
-2.63
-1.17
2.86
-2.58
2.97
-0.81
-0.06
-1.69
5.50
-0.40
4.92
-3.08
2.36
-2.08
0.64
-4.98
-1.12
5.33
-1.88
0.66
3.82
1.56
-1.07
-2.45
-5.47
-3.26
-1.51
1.98
-3.76
1.87
3.26
-7.80
-3.01
-3.86
-4.87
-2.94
0.27
-3.83
-5.06
3.80
1.12
-4.36
3.87
-0.73
-0.66
8.08
8.55
-3.58
1.82
1.97
2.66
0.85
4.63
-2.13
2.38
1.68
1.83
-3.53
-2.46
-5.07
-8.95
0.18
-0.13
-2.58
6.52
-1.09
0.45
3.62
-1.05
1.33
2.27
4.28
4.26
5.11
-0.79
3.37
-2.21
2.85
0.64
-0.23
2.86
3.85
-0.41
0.60
-1.36
-6.04
-0.46
2.61
0.74
-2.83
0.16
7.11
-1.28
1.35
-2.93
3.06
4.09
3.24
-1.68
2.26
0.89
-0.74
-0.38
0.04
-3.76
-2.50
0.20
-0.84
-0.57
4.61
-4.19
-0.15
-1.69
0.98
-0.63
-3.99
-1.71
0.37
-0.64
3.24
2.37
1.05
1.50
-4.77
-1.71
-0.20
-0.68
-3.20
-3.93
0.44
5.23
-1.97
-0.34
1.48
3.19
-0.04
0.82
0.26
0.47
-2.82
-3.26
-0.83
1.02
-1.49
-0.03
-1.34
-0.53
-1.22
1.10
3.06
-3.32
0.95
1.79
-1.90
2.38
-15.56
0.86
2.73
0.94
0.25
-1.18
2.13
2.51
-0.24
4.98
3.37
5.14
0.37
-1.88
-5.92
5.73
7.30
2.55
2.88
1.00
1.17
-1.58
-4.43
3.35
-3.01
-2.75
0.40
0.60
0.35
4.79
0.29
-2.47
-0.54
0.78
1.21
1.54
1.51
1.12
-1.80
-3.14
-0.58
0.63
-2.32
-0.64
1.05
-2.96
5.80
-1.97
-1.23
0.69
3.55
-0.76
-0.48
0.82
0.29
1.00
0.05
-0.33
-1.42
2.11
-0.52
0.28
4.43
0.09
0.90
-0.80
0.81
2.41
-0.79
-0.18
2.16
0.73
0.17
-1.03
1.86
-3.01
-0.66
-0.62
0.58
-1.28
9.01
0.94
-1.30
-2.79
0.76
-1.76
1.62
-0.59
-0.97
-0.68
-0.90
3.03
1.68
-0.17
0.41
2.23
0.08
-1.17
-4.81
0.73
1.06
0.08
0.72
3.72
-0.36
1.66
-0.32
-2.83
-2.63
-0.67
3.14
0.95
-2.65
2.22
-1.23
-3.11
2.61
1.75
1.44
1.21
1.56
1.45
1.71
-4.15
13.24
-1.05
2.50
-0.02
-1.21
2.66
0.29
0.73
-0.95
-0.31
1.71
1.82
1.92
2.46
-3.42
0.49
2.80
-0.57
0.54
-0.57
-0.54
1.03
0.29
-1.46
5.01
1.59
-1.51
4.40
-0.53
0.62
-0.50
-5.12
1.64
1.74
-0.15
1.98
3.15
-1.08
3.20
0.45
1.34
-0.58
-3.31
2.77
-2.70
-1.60
-0.46
1.72
-4.13
1.05
1.89
-0.96
1.73
-1.24
1.40
0.37
3.41
0.53
-0.17
0.57
1.33
0.92
-1.21
18.14
-0.28
1.87
1.65
1.78
0.74
-0.30
1.83
-1.78
-0.04
-3.21
-0.99
3.05
-1.26
2.55
-3.10
1.24
0.42
0.47
-0.60
0.09
-1.31
3.23
-1.96
2.71
-0.26
2.14
-1.31
-1.03
0.35
-0.41
-0.63
0.44
2.94
-2.28
-1.47
2.92
4.97
0.12
2.35
-2.14
-5.01
-2.60
5.21
1.79
-0.02
2.11
1.40
1.96
-0.43
0.86
-1.02
1.87
-1.38
-2.91
-4.72
1.34
-2.19
0.91
-4.24
-1.95
0.38
2.89
-4.24
15.33
4.31
-0.71
1.34
-1.44
1.10
2.28
0.97
-3.01
-3.48
-0.19
2.66
1.57
1.10
2.83
3.83
1.84
0.54
0.39
0.94
0.68
0.96
-2.66
1.39
0.78
-0.30
0.59
0.56
1.42
1.22
-1.95
1.21
4.14
2.79
2.88
2.37
-4.27
0.03
0.18
1.12
0.51
-2.05
1.87
-0.73
-0.06
2.97
0.50
1.12
0.27
1.01
0.57
-0.10
0.47
-1.10
3.54
-0.07
3.01
0.96
3.92
-9.96
1.27
-1.09
-0.23
1.52
0.03
0.75
-5.37
-0.27
-2.64
3.54
-5.18
1.59
2.66
1.98
4.70
1.03
0.76
0.03
-2.06
-8.13
-0.47
5.83
-2.60
-0.40
-1.02
0.94
1.79
0.17
-1.55
-1.82
2.16
0.87
-1.37
7.04
1.07
0.66
0.71
0.99
-0.61
-5.77
-1.99
3.36
-5.09
