0.45
-1.29
-2.38
-0.42
0.75
1.11
-1.78
0.87
-1.76
0.63
-2.00
-0.92
0.43
-1.03
1.15
0.06
1.12
2.46
-0.03
-0.92
0.81
0.56
-1.12
-0.65
0.30
-0.19
-1.84
3.58
-0.11
1.69
-0.30
-0.70
1.17
-1.32
0.53
0.73
-0.74
-0.87
2.43
0.06
-0.36
0.55
0.01
0.40
0.43
0.18
1.89
-0.72
0.98
0.67
1.00
-0.06
0.23
0.03
-0.15
-0.43
0.75
0.14
0.88
-0.61
0.59
0.14
-1.22
-0.17
-1.23
0.64
-0.39
0.36
0.67
0.23
-0.19
0.22
-0.40
-6.05
1.88
-0.45
-0.34
-0.40
-0.37
0.71
0.92
-0.52
-0.54
0.93
-0.27
0.33
1.32
-0.27
0.60
0.03
-0.38
-1.62
0.80
-1.08
1.63
-0.45
1.84
0.09
0.05
0.48
0.61
-0.19
-0.25
0.22
-0.31
0.00
-0.36
-0.71
-0.40
-0.66
0.84
-0.79
0.67
0.10
-0.79
1.81
-2.49
-0.60
3.43
2.35
1.91
-0.16
-0.14
0.07
-1.05
0.49
0.03
-0.03
-0.08
0.63
-0.08
-1.06
-0.28
-0.03
-0.25
0.80
-0.03
-1.18
0.51
0.19
0.81
-0.08
0.59
-0.36
0.03
0.04
0.31
-0.08
-0.14
-1.16
0.38
0.34
-0.30
-0.44
-0.27
0.41
0.55
-0.52
1.14
-0.01
0.20
-0.30
0.41
0.38
-0.51
-1.50
-2.10
0.94
-1.09
-0.48
1.08
-0.23
0.37
0.73
0.69
-2.39
0.41
-0.47
0.60
-1.27
0.07
1.19
0.53
-0.99
1.18
-0.25
0.02
-0.09
0.17
0.91
-5.77
-1.07
0.66
-0.04
-0.19
-0.74
0.38
-0.23
-1.79
-0.58
0.09
-0.99
0.66
2.52
-0.99
2.51
0.60
1.72
-0.29
-0.45
-0.15
0.58
0.02
0.50
0.60
0.34
0.32
-0.10
-0.31
1.82
0.21
0.19
0.83
0.99
0.33
0.68
1.44
0.43
-0.87
0.02
1.00
0.12
0.57
0.11
-0.37
0.00
-0.11
0.08
0.17
0.11
-1.24
-0.54
-1.60
-0.05
-0.80
-0.12
0.40
-0.76
0.26
0.35
0.92
-0.46
0.03
0.02
-1.02
0.71
0.39
-0.03
-0.50
0.23
-1.05
0.94
0.13
-0.09
0.08
0.04
0.82
0.80
-0.02
0.44
0.62
0.67
0.13
-0.33
0.29
0.38
-0.07
-0.19
0.16
2.25
-0.38
-0.31
-1.46
-0.15
-0.74
0.54
0.76
-0.55
0.38
0.30
-0.20
0.33
-0.63
-0.55
0.28
-0.61
-0.43
0.20
0.65
-1.04
0.41
-0.40
-0.13
0.19
0.25
-0.31
-0.32
0.80
0.07
0.22
-0.77
1.15
-0.96
-0.29
-1.26
0.19
1.23
0.62
0.57
0.12
-0.41
-0.39
-0.68
0.37
0.00
0.41
-0.24
-0.88
0.62
-0.12
0.04
-0.28
-0.27
0.27
0.52
-0.07
0.71
0.01
0.32
1.37
-0.05
0.06
0.91
0.44
-0.20
0.18
-1.08
-0.43
0.23
1.17
0.35
0.34
1.48
0.83
0.33
-0.90
0.37
-0.13
-0.21
-0.51
0.23
-0.45
0.31
-1.09
0.11
0.64
-0.76
-0.15
0.78
-1.10
-0.57
0.16
0.14
0.23
0.41
-0.55
0.74
-1.49
0.47
0.98
0.85
-1.15
-0.10
1.06
0.69
0.87
-0.37
0.64
0.10
-0.69
-0.19
1.24
-0.35
-1.16
0.48
0.20
0.33
-0.99
-0.23
-0.34
0.25
-0.48
-1.25
0.72
-2.56
-0.18
-0.98
-0.52
-1.06
-3.73
1.99
-2.17
3.98
2.34
-0.07
-0.79
-1.28
0.62
0.02
-0.12
1.10
-0.34
0.45
0.52
-0.08
0.02
0.17
-0.23
0.65
0.31
0.16
0.44
0.51
-0.10
0.79
-0.26
0.27
0.57
1.70
-0.13
1.06
2.42
0.11
0.85
-0.94
-1.05
0.11
-0.67
1.19
-0.13
0.77
0.91
-1.02
0.09
0.21
0.61
0.75
-1.64
0.41
-0.11
-2.17
-0.68
-0.12
0.66
-0.47
-0.14
0.50
1.94
1.14
0.77
0.47
0.11
-0.76
0.03
-0.85
-0.34
-0.44
0.89
-0.59
-0.73
1.74
0.24
0.24
-0.21
-0.61
-0.04
0.29
-0.01
0.66
-0.01
-2.70
0.32
0.00
-0.18
-0.54
0.78
-0.27
0.17
1.81
0.59
0.99
0.35
0.37
1.09
4.96
0.93
0.58
0.64
-0.31
-0.16
0.81
0.05
-1.37
-4.35
-0.47
0.92
-5.02
1.53
0.77
0.32
1.46
0.20
0.20
-1.48
-0.38
-0.65
1.53
2.03
-0.73
-1.79
-0.02
-0.78
1.23
1.30
-1.78
0.57
1.88
-0.57
-0.57
-0.83
0.68
0.61
-0.92
1.04
-0.27
-2.09
-2.35
2.46
-1.06
