0.01
-1.96
-1.55
-2.16
-1.49
1.02
-4.60
2.93
-0.58
-0.13
-2.94
0.64
1.29
-3.05
-1.44
-2.84
0.87
0.79
3.00
-7.19
-5.09
1.07
-7.26
-8.99
0.18
-3.09
4.73
0.38
2.73
8.71
-1.13
-0.11
6.70
-0.30
1.01
4.71
1.55
0.84
-2.91
1.07
3.93
2.71
2.11
-1.31
3.02
-1.70
1.13
3.69
1.48
1.64
2.01
2.81
2.40
-1.71
-4.98
2.32
1.10
-0.06
-1.41
1.27
3.40
3.96
3.43
3.89
-3.10
-2.77
-0.06
-0.84
2.71
-1.05
1.05
-0.25
-2.56
1.05
-0.67
2.20
-0.76
0.76
-0.89
-1.50
-2.81
0.43
-3.92
-4.20
-4.96
1.61
-2.80
-0.11
0.13
-0.80
0.16
0.33
-1.74
3.18
1.91
2.36
-1.84
0.78
0.77
2.52
-0.92
0.09
-1.64
-0.27
0.01
0.77
5.28
1.37
-2.62
-4.61
-0.42
-1.34
1.27
0.11
-1.13
1.96
-0.04
-10.45
-0.13
-1.65
2.80
1.63
4.16
0.99
1.99
-1.16
0.21
0.70
0.39
3.69
-0.06
-0.94
-0.45
-0.51
2.65
-0.44
1.38
-3.44
0.80
3.48
-0.22
-0.44
0.93
1.81
-2.04
-1.22
-0.62
2.13
-0.25
-1.68
1.29
-1.50
-0.33
0.31
-0.01
-0.88
-0.17
0.12
0.67
-0.92
0.86
-0.99
-0.75
-0.44
-2.18
-1.79
0.32
-5.30
-1.49
2.55
-0.55
-2.16
-1.46
1.97
-1.13
0.18
2.04
2.48
0.46
-0.82
0.28
0.59
0.49
0.74
-1.52
0.22
-2.70
1.66
4.74
-1.07
-1.40
-3.58
-2.18
2.21
-0.42
0.70
-0.63
-1.86
-1.30
2.65
2.24
-2.19
0.50
1.33
-0.21
-0.05
0.88
-1.98
-1.12
-3.51
-1.45
-0.32
1.68
1.39
0.90
-2.50
-2.48
1.73
-3.77
1.28
0.09
2.57
-1.93
-0.27
3.60
1.03
1.82
-0.27
-3.34
-0.09
-3.97
-0.23
2.94
-0.51
3.93
-0.45
-0.06
0.13
2.97
0.27
-0.56
2.49
0.12
2.99
-0.52
0.36
2.35
2.90
0.10
-2.30
-0.46
1.54
4.61
-0.11
1.00
0.99
-0.61
-0.06
-0.06
3.55
-0.91
1.18
2.27
0.40
1.71
2.29
-0.05
-0.77
0.17
-0.92
0.52
-1.07
0.93
-0.09
2.56
-0.11
1.79
2.72
0.01
4.22
0.14
-0.43
-3.86
1.22
1.90
-1.40
-6.41
0.39
-4.19
1.53
0.01
0.18
0.44
-0.14
-1.04
-0.69
-0.80
-0.49
1.02
4.81
-0.88
2.47
-0.21
0.16
-4.29
1.73
-0.09
3.29
2.68
2.68
-0.03
0.19
0.14
7.27
1.74
-2.86
1.25
1.29
3.26
-1.18
-3.85
2.41
-0.84
-0.39
1.76
-0.99
1.02
0.80
1.87
-1.15
-0.50
1.75
2.81
-1.22
-2.55
-4.92
4.36
-0.44
4.68
1.20
-0.65
0.53
-2.75
0.36
-3.44
2.27
-0.71
-0.15
-2.09
2.09
2.13
2.62
3.06
1.76
-0.19
-0.15
2.20
1.59
1.93
2.88
-3.43
0.47
4.72
1.25
-1.40
-1.05
-0.43
0.66
1.12
1.65
0.22
-1.55
-4.01
2.45
-2.83
0.24
-2.49
-7.24
-5.56
1.40
0.90
3.53
0.70
-1.85
1.35
-2.50
2.71
-0.91
1.43
-0.46
4.30
-0.85
1.25
-2.73
0.18
-3.46
-1.21
1.98
6.51
2.83
-0.49
2.83
-0.46
-2.31
0.73
1.70
-0.40
0.16
-3.03
-1.27
-2.76
1.03
3.35
0.05
-1.38
-0.69
0.49
1.68
0.77
-0.14
-1.63
-1.45
1.76
-2.06
5.91
-0.26
0.96
3.12
0.57
1.37
-2.57
-0.32
-1.99
-4.20
-1.74
0.08
-1.24
-0.40
0.44
0.13
1.94
1.97
0.09
0.44
-3.91
3.69
-0.28
0.30
-0.03
-1.40
1.47
1.10
-2.18
-1.91
-2.34
0.09
-3.41
0.10
-1.62
-0.25
3.58
-3.15
-6.80
2.28
-1.08
1.08
-1.00
0.00
4.10
-2.12
0.84
0.39
0.82
-2.00
2.94
-1.64
0.94
0.40
0.23
-3.15
0.43
-0.75
-0.43
-0.49
3.15
-0.64
1.25
4.37
3.68
-0.59
-0.34
1.65
-1.33
-2.29
-0.64
0.81
-1.95
-2.43
-1.78
1.19
-1.27
2.95
-1.02
-0.83
0.62
6.26
-0.81
0.33
0.94
-0.51
1.14
2.09
-0.75
1.58
0.44
0.35
-2.00
-2.34
1.54
1.95
-1.06
2.49
-1.46
-1.56
-2.93
-0.02
3.41
-8.59
-1.66
1.81
2.51
-0.42
3.65
0.43
-0.21
-0.44
3.86
1.70
1.53
-1.80
-2.26
-3.54
1.27
-0.53
-1.54
1.25
-0.96
-0.59
5.61
-1.06
-4.45
-0.32
-1.31
-2.42
-0.96
1.93
-2.35
-2.45
0.88
-8.22
