-2.84
-2.42
-5.28
-1.38
-1.65
-0.15
-4.79
1.71
-5.58
-6.97
4.13
2.59
0.06
-4.60
-0.06
-1.35
-1.73
1.88
6.61
-10.22
2.99
2.11
-7.04
-5.22
-3.36
4.03
-4.47
10.97
3.02
6.72
5.56
-0.65
-0.05
0.00
-1.64
-2.28
1.99
1.00
-1.49
3.87
4.15
0.26
-0.98
-4.38
-3.66
-5.95
1.20
1.84
-5.43
3.15
0.90
0.00
0.24
-0.18
-5.04
-0.62
-1.95
2.37
2.44
1.16
-3.44
6.95
-0.23
1.23
-1.62
-1.94
-0.84
0.36
4.83
0.92
0.29
-1.54
-2.25
2.84
0.63
-1.60
-0.81
3.86
-16.28
-1.48
-0.14
-1.50
-2.71
5.92
-4.85
1.98
-1.39
3.03
-0.27
-3.50
0.14
1.35
0.35
-1.39
0.07
1.98
-0.14
-2.64
2.71
-0.76
5.59
0.79
-1.31
1.20
0.00
0.46
-1.77
-0.33
-2.34
-3.97
3.78
5.57
3.91
-0.56
1.45
1.49
-0.12
-1.16
5.64
-3.52
-3.65
3.66
2.50
0.48
2.19
-0.81
0.35
0.99
4.09
-2.05
2.20
-1.99
1.24
0.67
3.15
-1.72
1.25
-0.92
-0.11
1.52
-1.07
-14.53
3.42
2.02
0.00
-1.32
7.25
2.95
0.72
-0.33
2.64
1.93
3.89
-1.21
6.76
-2.21
-1.13
-5.80
-0.11
-2.27
0.75
-2.35
0.38
-0.11
0.93
-0.49
4.52
1.51
0.26
1.94
-0.30
-5.89
-3.16
0.22
-2.15
1.80
1.22
4.43
-3.92
0.16
0.54
0.76
21.42
3.32
1.50
-3.20
0.22
0.17
4.12
-2.00
5.74
-20.10
-0.10
-11.54
2.51
0.28
-1.44
-5.12
-0.89
0.60
1.43
-1.00
7.04
-0.33
-4.27
0.17
0.64
1.49
1.64
-2.56
0.69
-0.17
2.50
2.16
-0.16
4.08
-3.97
0.98
3.18
-0.84
-1.84
-0.43
0.97
-0.69
0.16
-2.20
-0.88
1.33
-0.60
1.65
-2.49
-0.55
1.67
0.00
6.86
0.82
0.05
-3.66
2.32
-2.27
-0.74
-0.85
-2.09
-1.75
-4.69
-3.92
0.55
0.67
-1.32
0.00
-0.55
0.86
2.55
1.36
0.47
1.92
-0.74
-0.40
0.46
-0.75
-1.68
0.88
-1.87
-1.25
0.18
-0.54
1.27
0.48
-1.43
2.23
4.01
-2.16
3.13
-0.96
1.82
1.84
2.52
-12.34
-5.06
1.48
4.49
1.33
-2.33
1.65
-1.20
-2.07
-0.31
-0.31
0.50
-1.81
0.13
0.00
-0.25
-1.21
-2.44
0.40
-0.13
-0.66
0.60
0.72
-1.89
1.06
-0.72
0.07
-3.64
3.03
-0.33
1.41
-0.99
-0.33
0.67
-0.80
0.20
-0.74
-1.01
-1.09
-0.96
-0.69
0.49
-0.35
0.77
-0.83
0.70
0.28
0.69
0.76
-0.14
0.55
-0.34
7.91
4.99
-0.78
6.43
3.99
1.81
-0.48
1.14
-2.03
0.33
0.93
-0.81
1.20
3.33
1.35
-6.21
1.26
-0.86
0.44
-1.52
-0.94
-0.17
1.56
1.10
-0.60
1.15
-1.19
-0.44
-3.62
-0.74
0.86
-3.92
0.83
-0.41
-1.24
0.42
-0.95
2.34
-0.88
5.14
2.08
1.93
-1.14
-0.93
-0.94
-1.67
1.25
-1.23
0.96
0.56
0.56
0.33
3.10
3.27
0.36
1.66
1.53
0.20
0.70
2.04
-2.05
-0.55
-0.15
-1.80
-14.13
-0.53
-3.94
0.75
-0.86
0.68
0.68
0.68
-1.52
-0.06
-2.42
1.08
1.07
-0.87
1.32
-1.79
0.76
0.75
3.23
1.98
-0.41
-1.42
0.72
0.95
0.00
-0.12
-0.30
-1.25
1.08
2.32
1.34
1.20
2.89
0.17
0.05
-1.10
-2.28
0.91
-0.79
-0.23
0.17
-3.58
-2.30
2.17
-0.59
0.12
1.30
2.93
0.91
2.82
-2.19
-1.01
-1.47
1.84
4.06
0.98
-1.61
-0.27
-1.42
-0.72
-0.11
-2.80
-0.69
-0.58
18.43
6.75
-1.98
-2.96
-0.05
-4.37
0.96
-2.56
1.39
1.22
2.11
-0.74
-0.59
-0.70
2.26
1.96
1.78
3.55
1.78
0.67
-2.68
0.05
-4.76
-1.01
0.63
-1.50
1.81
1.54
-0.38
0.43
4.50
-1.81
0.05
4.25
-1.55
11.02
1.62
0.48
-0.60
-2.36
-0.82
-0.12
0.33
-1.23
2.08
-0.24
-1.88
1.38
1.11
-1.71
0.33
0.41
4.35
-2.95
-0.41
-2.12
-1.58
-1.44
-2.44
-1.67
-0.94
9.52
3.75
1.75
0.74
5.15
-4.50
-3.05
0.44
6.62
12.15
4.41
-1.78
8.05
0.93
-0.41
-1.64
-0.67
1.64
-3.80
1.71
-1.53
-2.61
1.72
1.19
2.36
4.79
-0.43
3.86
-2.54
1.43
0.42
-3.92
7.30
-2.19
-0.61
-1.69
-10.38
4.40
-4.67
-0.54
2.84
-12.03
