0.47
0.30
-0.13
-0.44
-0.09
1.99
-3.52
-0.68
-4.18
2.85
-0.60
1.29
1.83
-2.26
1.98
-2.90
0.24
3.92
-0.33
-1.96
-2.02
-2.64
-5.43
-2.74
-2.16
1.22
-0.34
3.38
0.33
-0.06
-2.75
-2.90
4.13
1.86
0.99
2.18
0.30
0.27
1.95
-0.05
0.63
-0.24
-2.56
-1.02
-2.42
2.75
17.28
-0.83
-1.13
1.14
-1.06
1.80
0.50
-0.36
-0.04
0.10
0.08
0.76
0.38
-0.19
0.23
-0.55
0.33
0.47
-0.28
3.29
0.79
0.91
1.71
-0.84
-0.78
1.40
-1.39
0.19
0.70
-0.23
0.96
0.37
2.11
-2.60
0.62
1.17
-0.38
0.03
-1.79
1.20
-0.11
-0.09
-2.60
2.26
-1.08
1.43
-1.77
0.98
0.70
0.28
-1.18
0.28
2.37
1.05
9.11
-0.06
1.58
0.16
-0.21
0.07
1.03
0.08
0.27
-0.01
-0.85
-0.03
0.15
0.67
-0.74
0.91
0.11
-0.93
1.62
-1.21
-1.72
0.50
1.88
1.24
0.04
0.40
1.25
-0.19
1.43
0.59
0.38
-1.23
1.99
0.27
0.11
0.32
-0.43
-0.35
1.45
0.37
-0.20
-0.50
1.07
0.28
-0.25
-1.38
0.75
0.68
0.64
-0.39
0.22
0.45
1.09
0.32
0.06
-0.40
-0.04
2.18
1.09
-1.40
1.92
-0.69
-0.92
-6.12
-0.30
-3.59
0.91
-0.68
0.38
1.29
-1.16
-1.28
-1.99
1.53
-2.32
0.22
-1.80
0.34
0.33
-0.58
2.80
-0.57
-0.57
0.34
2.46
-1.42
-1.28
0.36
-0.16
0.40
-1.24
2.53
-1.03
0.54
-1.54
0.98
11.37
-1.27
-1.53
-1.04
0.16
-0.79
-0.81
-0.04
-2.09
-0.43
-2.46
1.02
0.43
-1.30
-0.37
-3.21
-1.49
1.94
0.02
1.59
0.11
0.96
0.64
1.69
0.88
1.83
-0.41
0.36
2.94
1.40
0.61
-0.77
-0.45
-0.35
-0.81
-1.56
1.66
-1.31
-0.11
-0.26
-0.85
0.19
1.36
-0.82
1.49
2.12
-0.82
0.35
0.79
-2.14
-0.17
0.73
-1.15
0.62
-0.93
0.68
1.65
1.23
-0.32
-0.95
0.66
-0.13
-0.46
0.17
0.64
0.93
0.23
0.04
-0.08
1.05
1.19
0.15
-0.36
-0.46
0.78
-1.01
0.45
0.48
0.37
-0.22
0.12
0.02
-1.11
-0.64
1.25
0.80
-0.57
1.12
0.77
-0.03
-0.93
0.63
-0.23
-0.82
0.51
0.95
0.25
-0.92
-2.06
2.06
-0.62
4.62
0.17
-0.53
0.84
-0.51
0.87
-1.07
-1.55
0.70
-0.72
0.11
-0.49
0.97
0.20
0.73
-0.10
-1.12
-0.16
0.03
1.18
-0.16
0.73
0.02
-1.00
-0.39
0.17
-0.11
-1.20
-0.26
0.28
-0.46
-0.08
0.61
0.71
-0.09
0.63
1.90
0.61
0.64
1.12
0.70
0.68
-0.03
0.15
-0.79
-0.72
-0.70
-0.42
1.96
-1.26
0.29
-1.49
-3.46
4.47
3.19
0.20
0.61
0.62
1.55
0.73
-2.16
0.32
-0.22
0.20
-2.22
0.55
-0.16
-0.69
-1.40
-0.60
0.79
-2.58
-1.63
0.20
1.76
-2.37
0.86
0.21
0.51
-1.39
-1.52
-2.08
1.37
-2.94
-4.78
2.30
-1.70
1.69
-2.98
1.89
-0.77
-0.39
-0.91
-0.52
1.80
-3.65
0.89
-0.33
1.05
1.62
-2.86
1.33
-0.43
-0.56
0.74
0.97
-2.45
1.69
-1.03
-4.35
2.42
-0.82
1.15
-4.09
-1.09
0.18
0.71
-9.14
-2.17
1.94
0.85
3.48
0.33
0.98
1.83
1.11
-1.54
0.71
-0.75
-0.21
-1.10
0.33
1.07
-1.16
-0.27
-1.83
-0.26
-0.13
0.05
3.96
-0.34
-0.37
-1.00
1.71
-1.80
-1.29
-0.33
-1.17
-2.14
-2.26
-8.53
4.43
-2.46
4.43
-1.93
3.15
0.11
-1.21
0.47
-0.99
-0.39
-0.79
1.39
0.05
1.51
-0.94
-0.42
-0.36
-1.66
0.61
0.79
-1.36
0.52
0.47
2.99
4.44
-2.76
0.38
1.11
-0.91
-1.75
5.02
2.78
-0.62
-4.12
4.26
1.05
-0.37
-0.69
1.33
-3.74
-0.59
0.07
1.00
0.50
2.02
2.16
-0.65
1.14
-1.01
0.18
-0.45
-0.14
-0.74
2.67
6.75
-0.10
-2.83
-2.87
0.77
-1.06
1.17
1.80
-0.07
0.64
1.87
0.40
-3.74
-2.65
-1.96
1.33
0.18
0.64
-1.35
-1.75
-1.22
0.04
-2.64
2.28
-0.24
-4.13
4.51
-4.12
-1.28
-0.01
-1.33
-0.42
-0.99
0.05
1.40
1.50
-3.95
2.08
0.14
-1.30
-3.34
2.00
1.18
0.42
2.72
-0.30
0.83
0.38
-3.08
2.05
7.64
-2.83
0.01
-1.22
-2.65
-2.45
2.77
-1.43
