0.16
-2.72
-1.31
-1.63
0.11
0.00
-1.85
0.20
-3.80
-0.46
-0.48
0.87
0.91
-1.68
0.88
0.19
0.75
1.43
-0.15
-2.44
0.63
2.51
-0.32
-1.21
0.53
-0.32
-2.64
1.52
0.62
1.90
0.27
-0.15
4.69
-0.83
2.19
4.76
-0.39
-1.10
-1.62
0.50
0.61
0.93
-0.08
-0.02
-0.31
-0.43
0.59
0.08
-0.56
1.25
1.38
0.21
0.12
-0.51
0.46
-0.05
-0.15
1.22
0.13
-0.15
-0.13
0.30
-0.41
0.51
0.52
0.43
0.81
0.92
1.48
0.07
-0.11
0.54
-0.12
0.50
-0.09
0.26
-0.47
-0.38
1.04
-1.57
0.13
0.00
-2.15
-1.43
-0.38
0.83
-1.02
2.07
-0.55
-0.14
-1.17
1.55
-1.73
-0.77
-0.79
0.60
-0.20
1.02
0.41
0.09
0.35
-0.18
-0.23
0.44
-0.36
0.93
0.09
0.61
0.24
-0.31
-0.77
-0.02
-0.64
0.58
0.08
0.49
-0.13
-0.22
0.97
-3.36
-1.70
1.87
1.45
2.07
0.18
-2.05
0.76
0.58
1.66
0.29
0.52
0.56
0.05
0.34
-0.01
0.12
0.40
-0.18
-0.68
-0.46
3.10
-0.19
-0.10
0.07
-0.66
-0.63
0.02
0.07
1.30
0.05
0.51
-0.20
0.98
-0.28
0.75
-0.48
-0.20
0.36
-0.17
-0.59
-0.46
-0.04
-0.22
-0.38
0.62
-0.57
-0.86
0.27
0.20
-0.86
-0.15
-0.09
-2.90
1.31
-1.64
-0.65
1.03
-2.54
0.34
-0.20
1.72
1.02
-0.43
-0.32
0.12
0.00
-1.26
0.53
0.82
-0.98
0.81
-0.17
-1.47
-0.60
-1.21
0.16
0.93
0.31
-0.45
0.28
-0.23
-0.47
-0.62
0.86
1.85
-0.35
-0.93
1.77
0.35
-0.19
-0.46
-0.48
0.28
1.70
0.31
1.39
3.43
0.42
-0.92
-0.17
-0.67
-0.24
-0.19
0.33
0.08
1.09
0.62
-0.30
0.36
-1.03
-0.22
0.69
-0.74
0.01
2.09
-1.14
1.25
0.55
-0.07
-0.94
-1.04
0.36
2.12
-0.15
-0.14
-0.03
0.17
0.30
-0.71
0.33
-0.84
1.10
0.06
0.41
1.08
-0.93
-0.22
-0.23
-0.16
-0.54
-0.23
0.41
0.28
0.05
-0.41
1.15
-0.58
-0.54
-0.60
-0.48
0.46
-1.36
0.17
1.19
0.94
0.51
-0.76
-0.28
0.87
0.87
-0.40
0.30
0.14
0.07
0.31
0.14
-0.51
0.33
0.31
-0.23
1.00
-0.87
-0.31
-0.61
0.56
-0.47
0.16
0.19
0.15
-0.43
1.12
-0.65
0.99
0.05
-1.19
-0.21
-0.08
-0.04
0.03
0.81
-0.60
0.35
-0.21
-0.25
0.95
-0.43
-0.08
0.52
-0.10
0.23
-0.80
-0.13
1.05
0.26
-0.56
0.90
0.92
1.16
0.45
1.16
0.49
0.18
-0.06
0.34
0.82
0.58
0.29
-0.22
0.31
-0.36
0.21
-0.37
0.07
0.40
-1.50
-0.18
1.50
0.41
0.34
0.01
0.14
-0.33
-0.48
0.01
0.42
0.27
-0.93
-0.71
-0.28
0.13
0.58
-0.63
0.15
-0.04
0.62
-0.27
1.18
-0.28
0.20
0.34
0.04
-0.29
-0.23
0.75
-0.69
0.38
-0.02
0.58
-0.73
0.59
0.37
0.39
0.14
-0.52
0.28
-0.24
-0.39
0.37
-0.51
0.85
-0.29
-2.20
-0.73
-0.71
0.15
-0.25
0.26
1.24
0.62
0.32
-2.44
-0.28
-0.84
-0.38
0.11
0.22
-1.02
1.76
-1.61
-0.53
-0.17
0.36
1.16
-1.48
-0.20
0.23
2.92
0.76
0.10
-1.50
-5.69
-1.44
0.34
-0.39
0.08
0.20
0.38
2.59
-0.05
-0.27
0.78
0.40
0.35
0.45
-0.63
0.38
2.14
-1.14
0.21
1.29
0.11
-0.07
0.46
0.05
0.34
-0.43
-0.31
0.91
-0.08
0.24
0.29
-0.15
0.26
1.21
-0.03
-0.95
-0.61
0.78
-0.72
0.64
-0.06
0.30
1.12
-0.32
-0.56
0.30
-1.97
-0.22
-0.88
1.48
-1.04
0.27
-1.15
-0.13
0.57
-0.26
0.15
0.18
0.50
0.38
2.78
-1.10
-0.07
0.21
0.76
0.99
0.33
0.40
0.15
0.66
-0.43
1.95
0.43
0.06
0.17
0.24
-0.06
-0.07
0.35
0.42
-0.43
0.46
1.47
0.32
0.86
0.95
1.09
0.47
0.07
1.18
-1.91
0.34
0.14
0.96
-0.51
0.61
-0.26
1.53
0.17
-0.95
-0.12
1.11
0.22
-2.68
-5.48
2.02
1.66
-3.40
-1.92
1.88
-1.26
0.74
2.60
-0.57
-2.17
2.21
3.34
-0.32
1.74
-1.15
0.62
-3.30
-0.28
1.36
-0.08
-0.52
0.25
2.14
-1.92
-1.03
-0.44
-0.25
-0.71
-0.88
-0.03
-0.13
-2.31
-1.42
3.54
-1.07
