0.75
-1.31
-1.97
-1.23
1.43
1.14
-2.22
0.96
-2.67
-0.61
-0.99
1.25
1.59
-1.32
0.20
-1.35
-2.23
7.44
-0.15
-1.32
1.34
-0.94
-2.90
-5.27
0.83
2.66
-2.39
2.85
0.97
1.31
-1.10
0.41
2.14
-1.25
-0.42
1.98
-0.74
-0.47
3.11
-0.46
-0.52
-0.01
-2.65
-1.83
0.08
-0.65
2.01
-0.20
0.59
0.64
1.06
0.88
-0.01
-1.10
1.30
0.31
-0.08
1.75
1.86
-0.39
1.45
0.31
-1.10
1.61
-0.81
0.58
-0.27
0.90
1.52
0.78
-0.31
1.71
-0.86
0.50
-0.44
-2.08
-1.23
0.50
0.29
-1.37
-0.57
1.58
-1.62
-0.16
0.38
0.47
0.64
1.25
-2.40
0.76
-1.36
1.26
-1.30
0.83
-0.71
1.03
-0.59
2.81
-0.40
-0.08
0.84
-0.90
0.35
0.92
-0.01
0.75
0.07
1.30
-0.48
-1.33
-2.22
0.22
-0.51
0.23
-1.74
0.45
-0.01
-1.03
2.22
-4.06
-2.28
2.48
2.10
-3.35
0.42
0.26
-0.82
0.61
2.56
0.13
1.25
-0.03
0.88
0.20
0.01
0.52
0.81
-0.72
1.42
-1.21
-0.57
0.05
0.84
-1.44
0.27
0.03
0.55
0.98
0.83
-0.24
0.14
-0.47
0.55
-0.12
1.11
-0.12
0.04
-0.71
0.25
0.73
-0.32
-0.63
0.04
0.31
0.37
0.37
-0.33
0.49
0.86
0.65
0.86
-0.32
-1.98
2.02
-1.30
-0.49
0.64
0.07
0.54
-0.04
0.90
0.17
-0.98
-0.88
0.43
0.99
-1.27
0.95
0.19
-0.16
0.75
0.01
-0.58
0.29
-1.30
0.26
-0.46
0.71
-0.36
-0.69
1.51
-0.37
-0.18
1.00
-1.37
-0.34
0.21
0.37
0.35
-1.08
-1.27
0.09
-0.36
2.68
0.45
0.43
-1.65
0.01
-4.27
0.24
1.92
1.24
-0.31
1.08
-2.15
-0.45
0.70
-1.31
0.09
-2.31
-2.44
0.38
2.10
-0.26
2.85
-0.04
-0.18
-0.81
0.89
-0.09
0.47
-1.45
-0.32
0.33
-0.28
-0.31
0.32
0.26
-0.06
0.04
-0.40
1.90
0.82
1.17
1.38
-0.56
-0.54
0.60
-0.53
-0.25
0.11
0.41
0.17
0.13
0.38
1.31
0.80
-0.79
0.64
-0.08
-1.18
-0.33
-0.17
4.59
-0.29
-0.06
-0.80
0.58
0.37
0.63
0.47
0.79
-0.15
0.06
0.53
-0.14
0.43
0.28
-0.49
-0.07
1.19
-0.52
0.29
0.17
0.13
-0.11
0.17
0.70
0.42
-0.62
0.41
0.13
0.22
-1.17
-1.26
0.52
0.38
0.37
-0.27
0.19
0.07
-0.19
-0.16
0.55
-0.65
0.28
0.07
-0.39
0.14
-0.01
-0.19
0.21
1.06
-0.09
0.02
1.56
0.00
0.77
0.28
-0.31
-0.24
-0.41
0.04
1.40
-0.11
0.19
-0.57
-0.18
0.09
0.27
-0.16
0.68
0.54
-0.09
-1.49
-0.05
0.84
0.90
0.59
1.01
0.24
-0.39
0.05
0.54
0.18
0.79
0.42
-0.79
0.31
0.00
-1.59
-1.12
1.69
0.25
-1.21
0.00
0.66
-0.43
0.17
-0.62
1.73
-0.38
-0.34
1.40
-1.88
-0.68
-0.46
0.71
-0.81
0.72
1.25
0.34
0.81
-0.25
1.03
-0.10
0.77
0.69
-0.14
1.52
0.77
-0.38
0.86
-1.27
-0.42
0.41
1.32
0.41
-0.68
0.30
0.59
-0.21
-0.31
-1.47
0.60
1.78
0.75
0.67
-1.12
0.34
0.69
0.82
-0.86
0.04
0.13
0.42
-0.01
-0.04
-0.20
0.37
-0.86
0.17
1.34
-0.12
1.65
0.06
-0.36
0.24
-0.74
-0.45
0.55
-0.42
0.32
0.24
-2.41
-0.08
0.92
0.66
0.63
0.19
0.14
-0.27
0.88
0.46
0.26
0.28
1.05
-0.30
0.51
-0.33
-0.70
0.24
-0.72
0.50
-0.02
0.82
1.01
0.27
-0.08
0.30
-0.05
0.99
-0.08
0.34
0.50
0.15
0.04
-0.23
-0.43
0.52
-1.54
0.70
-1.08
0.12
1.36
-0.57
1.04
0.37
0.87
-3.09
2.48
-1.65
-2.98
1.07
1.07
1.51
1.08
-0.20
0.97
-0.13
-0.34
0.80
-0.24
-1.24
-0.02
0.26
0.25
0.27
0.91
0.29
-0.29
0.43
1.00
0.37
2.39
0.40
-0.19
-0.11
0.72
0.21
0.25
1.32
0.93
-0.33
1.33
0.26
-0.08
0.54
0.88
-1.17
-1.03
0.55
1.20
-3.83
-3.84
3.18
-0.27
-4.84
2.16
1.85
-0.10
2.10
1.20
-0.35
0.13
-1.29
-0.04
2.12
1.35
-0.98
-0.35
-2.07
0.31
0.92
-0.67
0.65
0.30
1.87
-0.22
-0.84
-0.50
0.68
0.91
-1.06
1.38
-1.35
-2.62
-2.49
3.11
-2.69
