0.02
-3.62
-2.58
3.83
-0.30
0.38
-2.74
-2.87
-1.57
-1.94
0.90
2.29
0.81
-4.61
3.65
-2.23
-0.99
3.39
-0.24
-3.53
0.04
2.67
-4.55
4.59
-0.98
1.14
-2.99
5.64
5.44
3.96
-0.98
1.42
-0.27
-0.51
-0.88
13.35
-0.75
-0.61
-0.45
2.67
0.90
3.43
0.96
-1.46
2.10
0.55
3.14
-0.90
-0.76
1.75
2.10
0.69
-4.37
-0.87
-2.68
1.39
-0.44
1.56
0.33
1.61
-2.73
-2.57
-1.61
2.19
-1.71
2.10
0.68
0.57
2.42
0.13
-0.39
0.01
1.89
-0.94
2.37
-2.36
2.21
-4.27
2.79
-7.36
-0.21
-1.25
-2.59
-0.78
-0.15
1.17
-0.33
2.77
-3.93
-1.23
-1.19
0.95
-0.84
0.07
-2.17
1.50
0.88
1.74
0.95
-1.12
2.05
0.46
1.11
2.20
-1.93
0.65
0.32
0.15
-1.61
-0.69
-1.73
-0.02
0.94
0.66
1.19
2.72
-0.10
1.70
4.97
-4.26
-1.10
0.77
4.54
2.24
2.20
-2.50
0.88
0.06
1.63
0.76
1.66
-2.11
-0.34
-0.46
-1.35
-0.52
0.19
10.22
1.26
3.73
0.26
-4.29
0.35
-0.05
-0.66
-2.73
-0.14
0.26
0.26
0.05
-1.28
-0.25
1.59
-0.59
3.20
0.96
-0.95
0.99
0.83
-0.26
0.53
-0.46
0.16
-0.26
0.04
-0.19
0.08
0.38
0.17
-0.89
0.00
-2.28
-3.56
2.53
-0.73
0.00
1.07
1.95
-0.41
-1.51
0.15
0.97
-0.40
-3.17
0.43
-1.32
0.89
0.95
0.19
-0.56
0.37
0.38
-2.28
-0.78
-2.52
-1.05
-8.88
2.10
1.59
1.31
-0.12
-0.06
-0.58
0.14
-1.94
-2.52
-0.40
0.30
1.65
-1.59
-0.18
0.14
0.98
3.67
2.79
2.27
2.80
3.14
4.48
-0.05
-1.05
0.89
0.21
0.80
2.97
1.50
0.97
-0.79
0.16
-3.67
4.44
0.30
1.29
0.92
2.39
1.52
1.49
-0.57
0.53
0.33
1.77
-2.36
-0.15
-0.31
-0.39
-2.20
0.66
0.13
-0.57
0.44
-0.54
-0.68
-0.02
-2.14
-0.44
-1.68
-0.05
1.54
0.37
1.29
-2.35
1.67
-0.31
0.41
1.03
1.73
3.01
0.72
-2.04
-1.77
1.85
-0.59
-0.38
1.26
-0.23
1.44
1.22
0.81
-0.15
-0.03
-0.45
0.99
-0.28
-0.73
0.82
0.13
8.30
1.65
-2.31
-2.78
2.75
-2.14
-1.47
-0.43
-0.58
-0.54
-0.52
1.20
0.67
-0.70
1.69
0.89
0.89
0.37
-1.93
1.81
2.19
-0.63
-1.04
1.57
-0.28
2.21
0.46
-1.21
0.78
-0.19
0.00
-0.65
1.42
-0.14
0.16
-0.79
0.04
0.10
2.04
1.41
1.50
0.89
1.74
3.05
-0.40
0.15
1.58
1.52
0.83
5.86
-4.16
-0.79
-1.13
-0.37
0.12
-1.69
0.11
0.18
-1.33
-0.08
0.35
1.58
2.97
0.31
0.35
-0.56
0.13
0.19
2.05
1.14
-0.42
-1.63
1.01
1.39
-0.75
0.18
1.18
0.37
1.59
-2.30
4.86
-2.66
-1.17
-2.12
0.57
0.76
-1.33
0.11
-1.19
-0.27
-1.54
0.27
-0.47
-0.30
-0.42
1.23
-0.35
0.11
0.32
-0.57
-0.43
0.65
-0.40
0.01
-0.23
1.55
-0.03
-0.79
0.16
0.51
0.33
-2.56
1.79
-0.89
-0.54
-1.74
-1.31
-1.58
-0.54
2.08
-0.48
0.13
-1.75
1.18
0.25
3.62
-1.57
0.60
0.30
0.04
0.18
0.70
1.58
1.26
-2.17
-1.12
-1.48
-0.19
1.56
0.33
1.30
-0.48
-1.56
0.68
-1.75
1.69
4.68
0.33
1.48
0.90
1.26
0.86
-0.53
0.68
1.09
0.08
-1.17
1.33
-0.15
-0.91
-0.72
-0.05
0.04
0.30
-0.60
0.93
1.04
0.54
-0.19
0.95
0.95
1.03
0.14
-0.45
0.74
-0.27
4.13
3.77
0.19
-0.96
-5.08
-0.92
0.61
0.20
0.57
1.20
-0.56
-0.41
0.70
-1.04
-0.11
-0.48
0.70
0.05
0.00
-0.95
-0.21
0.35
0.06
0.89
0.48
-1.01
-1.65
0.80
-2.38
1.69
2.40
-1.83
-0.54
0.69
2.40
0.02
0.96
0.04
-1.34
0.81
0.73
-1.21
-1.00
1.40
-0.60
-0.26
0.99
0.34
-0.72
0.95
-0.88
2.51
1.04
2.61
0.75
1.69
2.62
0.43
-0.64
0.53
-2.13
-2.33
-3.68
0.75
-0.14
-3.57
2.01
0.34
0.39
2.63
0.75
-1.32
0.10
0.48
-0.93
1.82
-1.55
-2.76
1.42
2.05
1.89
-0.96
0.89
0.66
-0.66
1.53
-0.28
-1.04
-1.59
-0.90
-0.60
-0.56
-1.06
-0.93
-1.99
-1.37
2.18
-1.60
