-0.64
-1.23
-2.92
5.37
-0.02
1.76
-2.16
1.57
-3.81
4.69
-2.52
2.24
3.92
-2.73
4.35
-0.18
1.74
2.47
0.90
-4.99
2.10
1.50
-4.63
-3.21
-21.48
-4.50
2.77
1.74
4.51
4.55
-0.39
-1.20
4.48
0.41
0.57
-0.30
-2.37
1.71
1.93
-0.21
4.11
-0.51
3.22
-2.47
-0.51
-1.83
2.93
1.20
-2.36
3.71
3.03
-0.05
-1.21
-0.44
-2.65
-0.05
1.74
-0.57
-0.07
2.92
-0.27
-3.91
-2.05
1.78
-2.97
-0.73
0.37
1.21
3.19
-3.44
-0.47
1.57
-8.31
4.88
13.86
2.87
-1.21
0.35
0.90
-3.17
-3.54
2.64
-1.26
-0.68
0.63
-0.27
-2.15
1.51
-1.39
-1.33
-1.00
-0.51
0.23
-1.42
-1.16
1.67
2.30
3.38
1.67
1.29
4.02
0.29
0.47
1.14
-0.20
0.96
-1.56
-0.34
-0.36
-5.38
-1.86
-0.07
2.40
6.75
-1.40
0.97
-2.94
1.15
-1.27
-5.75
-5.10
2.96
0.82
2.75
0.14
-1.11
0.75
4.01
5.02
-1.86
2.43
-1.41
0.00
-1.16
0.95
-0.11
0.22
1.23
0.60
-0.50
0.46
0.57
0.35
-1.09
-2.46
-1.58
0.78
-0.98
0.28
-2.66
-0.54
-1.30
2.08
0.70
-0.21
0.05
2.10
-2.06
1.52
-4.02
-0.10
-0.86
0.17
-0.72
0.85
-1.47
-1.25
-1.41
0.33
-0.90
2.53
-2.54
-5.95
2.48
-3.36
1.74
-0.45
-0.72
-0.62
-1.66
-0.30
-0.64
-0.89
-1.86
1.81
3.07
3.31
0.87
-1.08
-0.29
0.43
-2.97
-0.96
-0.03
-1.46
-1.71
1.99
0.50
0.25
0.14
0.64
0.36
2.77
-0.16
-0.05
0.85
-0.08
-0.32
-0.11
-2.34
-2.21
2.26
-0.33
2.74
-0.56
1.69
0.08
1.08
1.15
-0.64
-0.08
0.08
-2.18
-1.48
0.05
0.05
1.05
-2.26
0.43
1.43
-0.59
-1.99
0.30
-0.25
4.02
2.08
-0.46
-9.40
-0.09
-1.03
0.90
0.89
-2.07
0.41
1.79
-0.28
0.00
1.82
-0.75
-0.68
-0.51
2.28
1.95
2.40
0.83
1.46
0.16
1.30
-0.95
0.44
-0.03
2.77
0.10
1.08
0.22
1.96
-0.29
2.10
0.29
1.17
-0.75
-1.16
-0.17
0.77
-0.19
-0.36
0.96
4.33
-0.55
-0.46
1.84
0.93
-1.12
-0.38
1.61
-0.43
-1.46
0.07
-0.89
-0.11
0.71
-3.75
0.45
-0.28
1.75
2.49
1.00
-1.60
-1.33
0.49
1.38
0.18
-1.45
-1.22
-1.80
1.12
0.92
0.23
2.90
1.35
0.87
2.34
0.56
-1.95
-0.35
-0.50
0.57
-0.68
-0.97
-0.09
-1.00
-1.29
0.43
0.30
0.50
0.05
-2.77
-0.81
0.47
1.00
-0.16
-1.73
0.09
-0.33
-7.54
-7.13
0.99
-1.11
-0.49
-3.53
-1.23
0.26
-2.46
0.33
-0.65
1.01
3.56
0.11
-2.61
1.22
0.52
0.60
-0.23
-0.74
1.49
-0.17
-0.11
-0.40
-0.63
1.18
0.40
1.95
-1.41
-1.91
0.17
0.31
1.03
-3.44
1.05
-1.30
-0.03
2.87
0.91
-0.96
-2.05
-2.27
1.64
-3.28
0.21
0.39
2.41
0.41
1.05
0.00
1.25
1.12
0.40
2.09
-0.86
0.42
0.50
-3.34
-1.83
3.32
0.42
-2.08
1.75
-4.05
2.78
-13.75
1.19
0.62
-1.95
-0.33
1.96
-1.40
-0.50
-0.86
-2.05
-2.12
-1.68
1.25
0.56
0.10
1.88
0.82
-0.51
-0.51
-1.82
-0.28
-3.82
2.88
-3.61
0.26
-0.29
-0.29
2.95
-1.97
1.13
-1.26
-0.66
2.14
-1.15
0.88
0.94
-1.11
1.23
-0.29
-0.04
-1.54
0.51
2.14
-2.99
-0.55
-6.37
0.55
-1.37
-2.54
5.82
1.00
1.18
-2.82
2.75
0.64
-1.46
-2.51
-0.66
-0.71
-2.53
-1.74
-0.83
3.12
-5.57
-0.56
3.91
2.48
0.00
0.44
-0.68
-0.73
0.29
-3.74
10.38
0.08
4.17
-2.13
-1.46
0.95
1.85
5.14
-0.35
0.28
2.75
-0.82
0.00
2.42
-1.18
0.58
0.44
-0.24
0.64
1.78
1.39
0.88
0.84
1.83
1.48
-1.12
-2.79
-0.55
0.00
1.23
-3.98
-1.30
-1.56
0.26
-0.46
0.41
5.66
9.57
-7.05
1.85
6.23
-1.74
1.74
-1.62
-0.78
1.45
1.43
-1.11
-2.28
1.46
-0.63
-3.00
-3.06
0.06
-2.38
7.26
0.43
0.06
0.67
2.51
0.00
-1.27
1.43
-2.83
-0.27
2.46
0.41
-1.98
0.39
-0.63
2.90
0.56
-0.20
-1.64
-2.38
-0.40
0.31
-0.06
-0.49
0.58
-3.59
-0.92
-1.18
1.00
-2.14
-1.60
-0.17
2.13
