0.14
-0.95
-0.94
2.88
-1.20
0.00
-1.99
1.17
-3.42
-0.32
-2.09
1.23
3.81
-1.87
2.13
-0.16
-1.11
3.04
1.61
-2.52
-0.99
-2.15
-2.43
-3.18
0.17
0.41
-0.31
2.15
1.20
2.74
-0.42
-1.26
0.26
-2.02
-0.47
2.63
-0.90
0.00
3.13
0.00
0.51
0.19
-1.39
-0.51
-0.73
-0.57
2.98
0.25
-0.89
0.80
1.33
-1.22
-0.38
-0.64
0.06
0.13
0.45
1.08
1.01
-0.16
-1.00
0.03
-3.40
2.22
1.08
1.70
-0.06
1.37
-0.55
-0.34
1.48
0.21
2.80
-0.47
-0.71
-0.33
0.21
0.06
-0.39
-0.87
-0.73
0.82
-1.09
-1.59
0.37
-0.03
-0.50
1.62
-0.25
0.98
-0.94
0.65
2.57
1.64
-1.46
0.12
-1.60
1.87
1.30
0.88
0.58
-2.02
-0.85
0.27
0.09
0.58
0.49
-3.60
-2.25
-3.23
-1.70
-1.04
0.13
0.40
1.41
3.11
-0.09
0.57
1.41
-7.08
-6.17
4.77
1.55
2.56
-0.13
-2.01
-1.52
-0.54
1.22
1.63
1.44
-0.97
0.36
-0.20
-0.52
-1.74
0.70
-0.20
4.09
-0.03
-0.89
0.23
-1.06
0.36
-0.49
0.10
1.33
-0.45
0.23
-0.64
-0.16
-0.36
1.53
-0.06
0.42
-0.41
0.45
1.05
-1.17
0.00
0.26
-0.03
-0.89
-0.35
0.16
-1.32
0.07
-1.50
2.35
-0.71
-1.47
-0.13
-1.72
2.66
-2.63
-0.71
0.41
-1.96
0.72
0.72
1.56
-0.80
-1.62
-0.27
0.69
0.75
-1.25
0.10
0.14
0.38
-0.68
-1.89
-1.19
0.18
-1.45
0.07
0.00
-0.25
0.04
1.22
-1.39
0.22
-0.18
-0.36
0.87
0.18
-0.39
0.47
-0.50
-1.26
-0.76
0.26
-0.84
0.22
0.37
0.37
-3.29
-1.10
-1.18
-0.97
0.39
1.24
-1.38
-0.70
-1.29
-1.19
1.25
-2.62
-0.16
-0.20
-0.57
0.58
-0.45
0.70
1.92
0.24
0.68
-0.67
1.68
-1.30
-1.75
2.27
-0.44
-0.96
-0.40
-0.28
-0.28
-0.45
-0.61
0.57
-0.41
2.17
2.28
3.02
-0.27
-2.48
1.76
1.88
0.49
-0.45
-1.09
-1.03
-0.50
-0.19
0.54
-1.85
-2.55
-0.65
-0.24
1.30
0.00
-0.40
-0.44
-0.24
-0.85
0.12
1.72
1.69
-1.15
-0.04
-0.44
0.60
0.76
-0.44
1.55
0.00
1.06
-0.16
-1.24
0.00
-0.43
-0.24
0.12
-0.55
-0.36
0.08
0.52
0.32
0.16
-0.43
2.70
1.93
0.64
-0.26
0.15
0.04
0.94
0.37
0.11
-1.00
0.00
-0.71
-0.08
-0.57
-0.49
-0.27
-1.04
-0.85
0.55
0.43
0.66
-0.81
0.74
0.23
-0.58
0.12
-0.39
1.97
-0.04
0.57
-0.04
-1.10
0.11
1.11
0.15
0.79
0.97
-0.19
-0.04
0.67
-0.70
2.38
0.00
4.02
0.52
0.59
0.59
1.51
-0.41
0.44
0.94
0.23
-0.40
1.34
-0.59
0.33
0.00
-0.17
-3.68
-1.17
-0.77
1.51
0.35
-0.45
-0.80
0.91
-0.10
-1.18
0.11
0.70
0.35
-0.21
-0.50
0.86
-0.59
0.03
-0.17
-0.28
-0.10
0.39
0.14
-1.22
1.87
0.55
0.14
0.38
-0.24
0.65
0.78
0.71
-1.58
-0.68
0.24
1.20
-0.27
0.82
-0.13
0.10
0.34
0.13
0.30
-0.94
0.68
-1.81
-0.96
1.00
-0.89
-0.07
-1.55
-0.04
0.53
0.38
-0.62
-0.21
0.49
0.00
-0.87
0.91
1.08
-0.62
-1.59
0.46
-0.14
0.07
1.47
-0.14
-0.35
-0.66
-0.31
0.42
0.84
0.00
-0.83
0.07
-0.14
-0.40
-0.44
-1.06
1.43
-0.32
0.11
-0.77
-0.11
-0.28
-0.04
1.89
0.66
0.97
0.21
-0.41
-0.03
-0.03
-0.17
0.17
-0.41
-0.28
-0.10
-0.24
0.14
0.21
0.69
1.17
0.07
-0.82
0.38
-0.92
2.52
-1.08
-1.70
5.65
0.72
-0.20
1.04
-0.10
-0.23
-1.49
0.63
-0.46
0.36
0.20
0.52
-0.16
0.00
-0.39
-0.42
1.84
0.58
0.10
0.00
0.27
-0.21
-0.64
1.13
0.10
-0.16
1.21
0.25
0.00
-0.47
0.69
-0.09
0.94
-0.65
1.00
0.84
0.28
-0.21
-2.91
-0.66
1.56
1.24
-3.08
0.80
0.00
1.84
0.50
0.15
-0.53
0.62
-0.96
-0.06
0.47
-4.47
0.88
-5.99
1.47
-0.79
-3.35
0.53
-0.35
-0.46
0.53
0.98
0.80
-1.14
-1.40
0.39
2.12
0.59
-1.89
-0.94
-1.41
0.50
1.11
0.71
0.25
1.15
0.28
0.00
-1.38
0.35
-1.04
0.21
-0.77
-1.24
0.86
-2.88
0.18
1.61
-0.93
