0.46
-0.99
-5.95
-3.70
-6.11
-0.30
-7.01
5.75
-3.93
-2.98
2.11
-1.98
-0.38
-2.73
0.09
0.33
0.28
-2.17
1.81
-1.53
3.19
-2.30
-5.57
-5.32
-2.27
1.98
-2.47
4.42
2.57
3.37
-1.82
1.66
1.04
-4.18
1.75
-1.43
1.72
-1.74
4.77
3.29
-3.32
-1.22
2.93
-4.44
-2.62
-2.78
4.84
-0.78
-3.22
-4.26
-0.15
4.22
1.82
3.28
-7.64
0.54
-2.33
0.69
-1.06
1.39
-0.43
4.70
1.56
8.50
-5.49
-1.22
-0.91
-1.30
2.17
2.23
-6.12
1.80
-0.01
1.08
3.21
-0.01
-1.31
-1.77
0.43
2.66
-2.78
-1.59
-1.01
-1.86
4.18
1.83
2.95
1.16
-6.12
-1.83
-0.88
0.93
-1.74
1.24
-0.86
4.55
-0.33
4.74
1.29
-0.41
1.33
3.06
0.81
2.04
-1.94
2.27
-1.37
-0.19
-2.22
-1.08
-1.04
0.92
-0.58
-0.47
-4.07
-0.01
-1.66
-0.07
3.50
-7.14
-2.52
4.51
1.87
1.20
2.00
-1.40
3.64
0.43
-1.21
1.28
-0.52
-2.06
0.42
2.34
-0.88
-2.23
4.25
2.26
0.73
2.00
-0.82
1.08
0.21
0.82
1.24
0.96
1.31
-0.16
2.14
0.04
0.35
-3.04
1.51
0.32
0.94
-2.42
-0.11
-0.79
-1.10
3.01
0.03
-4.24
-0.34
0.74
-0.15
-1.18
-1.35
0.25
0.38
0.70
-0.19
1.79
-3.73
4.46
-2.65
-5.41
3.31
-0.42
-1.56
0.47
0.14
0.33
-1.62
-2.58
0.94
-0.31
-4.32
2.60
-0.48
-0.43
1.42
-3.07
0.87
0.33
-5.02
-1.85
0.51
-1.65
1.60
3.06
-1.36
1.33
-2.60
-2.51
-0.03
0.00
-3.65
2.29
-2.22
2.66
0.15
-0.40
1.63
5.40
-0.28
11.92
2.67
-3.52
2.63
-1.44
-2.78
0.81
-1.93
-0.44
-3.20
1.32
0.49
-0.99
-1.44
-4.72
-4.64
-2.98
0.07
3.40
-3.58
2.52
-0.71
-0.77
0.68
2.26
-1.63
-0.32
-0.65
0.18
-5.02
-0.80
3.18
1.18
-0.80
-0.20
-1.03
1.66
2.88
2.61
0.42
4.37
0.08
-1.21
0.56
0.95
-1.95
1.19
-1.95
0.57
0.04
1.03
3.59
0.16
2.39
-3.42
1.77
0.43
0.56
0.01
0.80
-0.66
1.01
1.77
-1.25
-0.49
1.36
0.52
-1.87
0.72
-2.02
-0.88
-0.07
0.40
3.29
1.93
-0.34
-0.47
0.33
0.80
0.45
0.94
1.51
0.44
-1.10
-0.23
1.97
-2.34
-0.48
-0.66
-1.98
0.60
-1.10
1.04
0.91
-1.24
20.45
-0.67
1.92
-1.74
4.50
1.62
0.13
1.42
-1.57
0.15
0.55
-0.92
0.89
-0.14
-0.02
2.29
-0.48
0.82
-0.33
-0.79
0.76
0.91
1.96
-1.78
0.49
-2.23
-1.33
0.19
1.36
-1.10
0.01
-0.66
1.42
1.60
-3.14
3.10
0.08
0.78
-1.98
1.04
0.68
1.11
0.39
2.67
2.88
2.15
0.21
-1.88
-2.14
0.74
-2.58
-0.25
0.11
1.81
-0.54
-0.75
2.01
0.60
6.73
0.52
-1.50
-0.07
-3.13
1.45
-2.95
1.28
-0.50
0.60
-0.42
1.47
-1.30
2.73
-0.55
-0.40
0.05
-1.36
2.28
20.88
-0.27
2.41
1.80
-2.49
0.90
-4.42
-1.30
-1.52
0.91
2.84
-2.23
0.33
1.25
-2.05
-0.44
-2.65
3.53
0.46
-1.15
-0.88
-1.87
-0.28
0.59
4.34
-1.43
1.85
-1.80
0.08
-0.33
2.22
2.72
1.06
-1.95
-1.25
1.48
-0.36
-0.64
-0.63
-0.01
-2.18
0.15
-0.27
-0.13
-0.18
-0.43
-0.53
-1.43
-0.43
0.36
0.42
1.62
0.12
0.18
0.00
-0.14
1.84
0.29
-0.66
-0.32
-0.03
-0.69
1.17
0.23
-0.12
-0.17
0.02
-2.31
0.03
-2.85
-2.07
4.42
-0.39
-2.21
-2.46
1.59
3.50
-0.66
1.56
-2.08
0.38
-0.48
-0.14
0.57
-0.48
-0.36
-1.88
0.32
1.33
-0.33
1.36
-0.83
-2.42
0.38
-2.43
-1.42
-0.31
-0.78
1.09
3.48
-1.34
-0.54
2.76
-1.57
2.34
-0.29
-0.20
-0.02
2.55
0.77
0.42
0.63
-0.25
-0.87
2.03
-0.58
0.70
1.71
0.77
-0.56
0.88
0.65
-0.30
-1.41
0.82
0.13
0.50
2.49
2.88
0.52
-0.72
1.79
-1.22
-0.36
0.10
3.57
-3.88
-5.81
1.89
-2.26
-2.51
0.71
-0.54
1.40
2.02
2.34
-0.14
0.16
-1.92
-0.22
5.30
2.19
-2.16
0.09
-0.12
2.55
1.82
-2.56
0.86
1.00
2.55
0.49
-1.23
-0.33
-0.24
0.97
-2.78
0.41
-0.66
-2.49
-3.11
3.21
-3.47
