1.37
-2.11
-0.55
-0.97
0.58
-0.35
-1.74
1.63
-0.98
0.99
-1.00
3.26
2.55
-0.02
2.59
1.62
-0.04
1.96
1.58
-1.67
1.42
-0.38
1.07
-0.45
-1.16
-0.34
-1.18
1.46
0.26
0.16
1.23
-0.16
0.41
-0.86
0.38
0.57
-0.18
-0.57
1.44
1.28
-0.44
-0.15
0.77
0.48
-0.23
-0.04
0.40
0.02
0.25
1.03
0.79
-0.73
0.38
-0.43
-0.56
1.23
-0.30
1.22
-0.02
0.07
-0.13
0.76
-0.61
-1.05
-2.84
0.35
-1.09
0.66
-1.27
0.14
-0.02
0.74
0.68
-0.63
-3.32
1.04
0.42
-0.63
2.48
-1.30
-0.16
0.75
-1.25
0.32
0.00
0.55
-0.08
0.90
-0.76
0.63
-1.03
0.57
-0.64
-1.00
-1.51
0.06
-1.05
0.90
0.54
0.62
0.92
0.55
-0.92
0.67
0.30
-0.41
2.05
-0.44
0.83
1.39
-0.19
0.80
-0.28
1.17
0.60
-0.04
0.63
-0.13
1.18
-0.44
0.57
0.15
0.44
1.42
0.70
0.53
-0.48
-1.56
0.94
0.05
-0.82
0.96
-0.29
0.00
0.16
-0.41
-0.14
-0.45
1.32
-0.41
-1.90
0.93
-0.83
1.00
-1.64
-0.92
-0.19
0.06
-0.54
-0.09
0.13
0.28
0.09
-0.39
-0.07
-1.59
0.78
-0.56
-0.79
0.19
0.15
-0.19
0.42
-1.29
0.83
-0.44
0.11
0.44
0.61
1.19
0.37
-0.20
-3.32
1.45
-2.13
0.08
0.95
-0.19
-1.31
0.14
1.17
0.93
0.40
-0.78
0.65
-0.82
0.12
-0.27
-0.19
-1.20
-1.93
-0.02
-0.68
0.54
-0.58
0.80
-0.02
-0.02
0.30
-0.32
0.22
-2.46
-1.91
0.02
-0.77
-0.44
1.91
-0.68
-0.23
-0.91
-1.51
-0.15
0.45
0.81
0.40
0.44
-2.44
0.00
-1.09
2.58
1.18
-0.19
0.48
0.50
2.44
1.50
0.88
0.89
-0.31
-2.08
-0.06
-0.12
-0.12
1.23
2.03
-0.49
0.70
0.52
1.16
-1.39
0.35
0.89
1.22
0.40
-0.28
1.28
0.06
-0.07
-0.37
0.56
-0.67
2.25
-0.11
0.22
-2.53
-1.09
0.15
-0.57
0.42
-0.25
0.36
-0.93
0.21
0.69
-0.59
-4.37
-0.70
-1.31
0.98
-0.46
-0.73
-1.27
-0.23
0.62
-1.13
0.02
0.69
0.91
0.35
-0.88
-0.58
-0.39
0.79
1.51
0.49
0.49
1.29
0.58
-1.30
-0.62
0.36
0.34
0.22
-0.12
-1.18
-0.57
0.24
0.14
0.24
-0.22
1.58
-0.20
0.70
-0.30
-0.16
-0.90
-0.14
0.08
-1.09
0.33
-0.34
-0.14
-0.63
0.88
0.26
-0.59
-1.20
0.47
-0.25
0.33
0.45
-0.61
0.39
0.84
-0.57
-1.08
-2.40
-0.42
-0.74
1.41
-1.46
-1.63
-0.07
0.07
0.52
-0.59
1.77
-0.13
-0.45
-0.09
-0.78
-0.39
-1.00
-0.15
-1.83
1.26
0.84
0.13
0.00
-0.97
0.60
0.02
1.94
0.95
-0.28
-0.15
-0.15
0.15
0.13
-0.67
1.15
1.01
-1.55
0.50
-0.11
-0.02
-0.13
-1.35
-1.15
0.02
-0.07
0.79
-1.99
0.00
-0.96
0.56
0.76
-0.78
-2.53
-0.09
-0.64
-0.72
0.77
0.62
0.16
0.23
-0.69
0.21
1.77
0.02
-1.18
0.62
0.95
7.68
0.27
0.96
1.01
-1.39
0.83
0.62
-0.10
-0.53
-0.78
-0.41
0.08
1.50
-0.62
-0.14
-1.07
-0.42
0.94
0.44
-0.14
0.06
0.77
-0.14
-0.21
-0.80
-0.31
-0.10
-1.17
-0.95
-1.51
-0.19
0.41
1.06
0.98
-0.15
1.44
0.48
2.60
0.28
-1.09
1.96
0.00
-0.78
0.00
-0.20
0.16
-0.26
0.99
0.10
-0.26
-1.93
0.49
0.18
-0.57
-1.04
-1.01
0.48
0.64
0.52
1.15
0.65
-1.09
-0.10
-0.56
0.46
-0.04
-2.13
0.08
-0.08
-0.77
-0.08
-3.99
0.09
-1.10
-0.42
-0.29
-1.18
-0.25
1.50
1.45
1.72
-0.04
1.99
-0.19
1.38
2.43
2.21
1.98
0.71
0.92
-1.55
-0.47
-0.51
1.33
1.47
2.60
-0.56
-1.04
0.63
1.10
-0.79
-0.11
0.45
0.34
0.06
0.11
0.28
-0.94
1.13
-2.05
0.32
-0.23
-0.17
-1.49
0.16
0.81
-0.48
-0.39
0.12
-0.33
0.70
2.99
-0.43
1.86
0.13
0.79
-1.08
-0.42
0.32
0.43
-2.43
-4.68
0.65
0.35
-3.86
1.71
0.46
-0.06
-1.14
0.46
0.82
-2.45
-1.96
-0.19
0.88
1.66
-2.14
-0.62
0.46
0.63
0.93
0.37
-0.10
0.35
0.00
-0.43
-0.31
-0.41
-0.33
0.56
-0.51
-1.28
-0.86
-0.85
-1.26
1.69
0.51
