-2.62
-1.53
1.93
-0.15
-0.04
0.99
-2.31
2.43
-2.37
0.96
-1.55
-0.59
2.36
-2.63
0.93
-1.25
-1.07
2.72
0.44
-2.59
-1.53
0.49
-2.58
-3.05
2.77
1.44
-0.63
2.05
-0.69
2.10
-2.06
1.33
1.59
-0.09
0.89
0.62
-0.44
-0.79
1.79
-1.11
0.58
-0.59
-0.38
1.57
1.51
-1.15
0.93
0.14
-0.25
0.96
1.46
0.77
-0.46
-0.90
-0.56
-0.01
0.56
0.28
0.73
0.73
2.92
-0.45
-3.42
0.40
-2.86
0.09
-0.27
0.20
-0.28
0.22
0.22
-0.23
0.73
-0.87
-0.70
-0.52
0.31
1.14
0.31
-1.49
-1.33
1.61
1.12
0.04
-0.04
-2.49
1.84
0.04
-0.85
-0.45
-1.58
0.33
-3.03
0.08
-0.43
1.33
-0.89
0.81
0.62
-1.09
0.29
0.52
0.90
1.28
-0.53
-0.03
0.58
0.40
-0.54
4.38
2.29
-0.02
-1.34
-0.07
-0.60
0.34
0.33
0.65
1.58
-3.86
-2.92
0.62
4.14
0.10
-0.25
0.55
-2.36
-1.29
1.61
0.26
-0.96
0.68
2.46
-1.52
0.33
-0.69
0.36
-0.98
-0.43
0.27
-0.29
-1.71
-0.60
-0.26
0.03
-0.40
0.82
0.31
0.85
0.12
0.32
1.99
0.50
0.49
0.35
-0.97
-0.34
0.16
-0.07
0.18
-0.44
-1.10
-1.58
-0.99
1.21
0.21
0.24
1.03
0.83
-0.71
1.52
2.16
-2.07
0.78
-1.58
-1.54
0.52
0.11
-0.83
-0.21
-0.07
2.23
-0.40
-1.67
0.36
-0.38
-1.80
1.78
-0.30
-0.17
0.34
-0.26
-0.52
-0.29
-1.97
0.28
-0.13
0.14
-0.38
0.09
-1.15
4.98
0.68
1.89
-0.79
-0.18
-0.17
-1.29
2.01
-0.33
-0.64
-1.40
-0.53
1.37
-1.67
1.81
-0.82
0.22
0.88
1.86
-0.11
0.96
-0.86
1.38
-0.59
0.15
0.45
1.09
0.21
-0.94
-0.60
1.06
-0.13
-0.34
0.33
-0.84
2.50
0.29
1.26
-2.27
-0.02
0.42
-0.02
0.26
-0.50
-1.84
0.01
0.25
-1.07
-0.13
-0.86
0.24
0.02
0.06
0.08
-0.66
0.15
2.13
-0.60
-0.12
0.48
-0.12
-0.75
-2.12
-0.21
-0.39
0.98
-0.93
0.28
-0.02
0.56
-1.10
-0.56
-0.15
0.41
0.78
0.12
1.04
1.13
0.14
0.43
0.55
1.66
0.25
0.64
-0.14
0.81
0.71
-0.45
-0.96
0.45
-0.03
-0.98
-0.01
0.13
-0.97
0.18
0.38
-0.02
-0.25
0.47
-0.15
0.28
-1.49
-1.68
-0.22
-0.06
-0.01
0.71
0.22
0.04
-0.55
-0.31
-0.12
-0.54
-1.61
0.60
0.82
0.22
0.21
-0.13
-0.11
0.79
-0.37
0.83
0.75
-0.13
0.30
1.95
0.00
-0.02
0.75
-0.09
-0.75
-0.02
0.30
-0.19
-0.06
0.16
-0.42
-0.14
-0.29
-0.34
-0.53
-3.29
-0.34
-1.03
0.91
-0.12
-0.81
0.21
0.62
-1.34
1.07
1.43
1.11
0.35
-2.31
0.01
0.01
-0.59
1.01
-0.01
1.32
-0.39
-4.99
1.75
-1.89
-0.23
-2.24
-0.04
1.56
-0.35
-0.22
1.66
-0.08
-0.23
0.65
-1.17
-0.32
-0.40
0.17
0.30
0.63
1.15
0.34
-0.64
1.13
0.30
-1.13
0.89
0.58
-1.72
0.13
1.07
1.32
0.57
-0.12
0.02
0.01
0.56
-0.53
0.25
-1.87
1.21
1.00
-0.49
0.16
-0.46
-1.06
0.71
0.84
0.10
-1.06
0.78
0.04
0.32
0.44
-0.34
-0.34
0.30
0.37
-0.24
-0.21
1.09
0.56
-0.01
-0.87
0.60
0.12
-1.68
-2.92
-0.81
0.27
0.70
0.15
-1.18
-0.81
-0.39
-0.80
0.25
-1.25
1.48
-4.87
-3.18
-1.44
-1.33
0.12
-2.09
-0.37
0.13
0.50
-0.80
1.28
-0.81
-0.33
3.08
-3.24
-3.92
2.76
0.02
1.12
-0.34
0.13
-1.39
3.00
2.39
2.09
-0.87
0.31
-0.55
1.57
-0.07
-0.66
0.54
0.24
-1.47
-1.27
4.11
-0.44
1.17
-1.80
0.17
-1.94
1.24
-2.03
2.79
0.46
0.18
-0.40
-1.90
2.25
0.85
-0.50
0.73
0.73
-0.74
0.81
-0.60
0.11
-0.44
3.21
0.75
-5.18
1.84
1.28
-0.58
0.90
1.69
0.98
-0.05
-0.33
0.29
0.62
1.22
-0.49
0.40
1.22
1.12
1.42
-5.16
-1.17
1.12
-3.32
-3.70
1.34
-0.36
-4.66
0.28
0.10
-0.25
0.29
1.88
1.63
-0.01
-1.81
0.06
0.99
0.34
-2.07
-0.36
1.90
0.54
-0.04
-1.08
-0.42
-0.76
2.36
-0.64
-0.41
-1.88
-1.71
0.28
-1.41
-0.86
0.33
-0.66
-0.61
3.12
-2.24
