-0.43
-2.23
-1.65
-4.22
-4.68
-0.83
-4.53
-1.48
-4.08
-1.67
-1.42
-4.04
1.84
-5.09
6.76
-3.68
4.63
5.01
2.52
-4.68
2.45
2.29
-6.67
-8.61
-4.13
0.12
-0.32
2.44
4.14
1.19
2.59
-0.65
4.49
-7.22
2.69
0.16
-0.23
-0.82
5.90
2.71
2.77
0.41
2.48
-7.25
2.15
0.95
4.16
-3.39
-5.35
1.14
-0.28
6.57
0.55
4.16
-5.10
-1.23
-0.08
0.50
-4.51
2.38
-1.35
-0.71
-4.63
1.34
-3.29
-0.35
2.62
-0.59
1.89
-6.65
-3.18
1.33
0.71
4.74
0.16
0.72
-0.73
2.77
3.46
-0.04
-11.28
-0.04
-3.65
0.61
-3.71
-2.26
-0.83
3.81
-4.25
-1.03
-2.53
0.37
3.32
4.65
-0.23
3.10
2.28
4.50
4.42
0.52
1.37
3.45
2.34
1.57
-1.26
0.52
3.58
-0.97
-2.21
-2.74
-1.22
0.26
-0.30
0.35
0.37
2.19
2.65
-1.06
5.09
-5.85
-11.83
4.58
3.38
3.64
-1.67
-3.77
1.65
4.84
3.55
0.26
4.77
0.33
-0.50
-0.17
0.89
-1.77
1.31
-0.42
1.45
-0.63
3.21
-0.56
0.49
-11.53
-3.03
-2.21
-0.60
-1.07
2.53
-0.15
-0.15
-4.66
1.67
0.96
3.45
-0.13
-2.29
2.41
1.72
-0.99
0.78
-2.34
2.27
1.06
0.32
0.04
-0.91
-0.75
1.40
1.23
12.09
0.32
-3.52
1.40
0.11
-0.73
2.48
3.12
-0.56
-0.38
3.14
-0.11
-0.25
1.93
3.25
-1.44
0.45
0.34
0.67
-0.29
0.94
-2.01
1.07
1.01
-4.45
-0.34
-2.04
-0.80
-3.03
1.52
-0.72
0.49
-1.47
0.85
0.21
5.39
5.41
-0.62
-1.30
-2.05
-3.56
-0.11
-0.22
4.82
-0.71
0.38
-1.11
3.61
1.00
0.39
-0.30
-1.23
3.62
0.39
0.03
-0.25
0.90
1.10
0.64
1.58
-3.22
2.82
-1.99
2.83
8.30
-1.30
-0.79
-2.10
2.43
-1.08
1.07
-1.05
1.76
0.86
0.39
1.40
0.23
-0.26
-1.37
-1.13
-0.70
2.18
1.60
0.01
-0.24
2.10
-1.42
0.86
-0.98
0.35
0.87
2.26
-2.14
1.34
0.03
4.62
5.28
-1.94
1.34
-0.38
0.64
-0.71
0.09
-0.13
-0.24
0.14
-2.49
1.26
-0.88
1.43
-2.63
-0.52
-0.08
-1.37
-0.01
-0.57
0.16
0.08
1.94
1.02
1.87
-2.60
1.65
-0.95
0.00
-0.46
-2.86
1.00
0.93
0.00
1.35
0.55
-0.35
-0.59
-4.19
2.34
1.68
2.61
0.50
2.53
1.03
2.90
-1.46
-0.47
1.03
-0.35
1.68
1.28
-0.46
1.50
-2.14
-0.84
0.79
-1.53
-0.08
1.94
-1.54
3.20
1.29
-2.61
1.30
3.92
-1.54
-0.47
2.21
-0.06
1.74
-0.90
-1.13
0.74
0.16
-0.03
-0.70
-0.07
-4.20
1.04
0.64
1.52
0.06
1.90
-0.48
0.83
1.42
-1.35
1.70
-0.08
-2.29
0.58
-0.01
1.21
-5.50
0.73
3.94
-2.50
-0.56
-0.22
1.74
-0.46
3.17
-0.86
3.42
-0.73
-0.87
1.98
-2.16
-3.33
-3.74
1.31
-0.34
0.95
2.68
2.76
2.62
-1.39
1.75
0.14
-0.32
0.22
0.56
-0.20
-0.21
-0.92
-0.84
-1.14
-7.54
0.18
0.65
-1.52
0.15
-3.94
-0.25
0.46
-0.43
-2.22
0.92
3.64
1.20
2.42
-3.93
0.89
0.78
3.33
1.92
1.29
0.89
0.34
-0.54
0.26
-2.25
2.42
-1.01
0.07
-1.27
-1.61
0.44
1.60
-3.42
0.06
3.18
0.75
0.83
-3.95
-1.02
1.16
-0.45
0.22
2.83
-2.27
-0.36
-3.48
-0.47
1.63
-0.91
0.32
0.50
2.06
-0.45
0.16
2.38
-1.10
-1.21
-0.33
-0.02
1.09
1.83
-0.11
-0.68
2.39
-2.54
-1.52
4.06
-0.03
-0.72
-1.79
0.97
-2.00
1.79
1.47
-0.54
3.55
-1.33
0.94
0.10
-0.46
1.62
0.61
-0.14
-6.71
0.39
-6.78
-2.64
0.63
-2.84
1.88
-0.89
0.63
3.98
-0.33
0.70
2.27
-1.18
-1.23
2.45
0.74
-1.75
-2.34
-0.19
-0.84
1.20
-0.40
-1.38
2.33
1.59
-0.60
0.63
-1.51
-1.01
0.36
1.66
1.06
0.91
1.53
1.46
-0.93
0.75
1.28
-0.42
1.17
1.83
-2.40
-0.42
2.19
-1.56
-2.68
-4.05
3.00
-0.64
-4.32
0.57
2.22
0.77
0.43
1.45
0.44
1.83
-0.91
-0.16
4.22
0.09
-2.28
-0.17
0.26
1.12
1.93
4.28
1.57
2.05
2.40
3.32
0.05
0.28
-0.94
4.13
-3.09
0.49
-0.80
-1.95
-8.42
2.09
-2.22
