-0.04
-1.91
-2.85
-1.67
1.07
2.54
-3.17
1.83
-3.59
-1.25
-0.71
0.29
2.10
-2.77
1.26
0.64
0.72
2.68
-0.58
-2.22
-2.52
1.37
-0.81
-2.84
-0.11
-0.60
-2.19
4.76
1.97
-0.23
-0.83
0.75
2.29
-2.22
-1.02
0.29
0.67
-2.39
3.84
1.74
0.40
0.68
-0.08
-2.04
-0.53
-0.57
3.22
-0.38
0.20
-0.88
0.38
1.63
0.26
-0.59
-1.21
-1.73
-0.41
-1.33
1.25
-0.60
0.19
0.10
-2.04
1.20
-2.39
0.30
-0.08
1.57
2.64
-0.49
-1.11
1.22
2.13
1.14
-0.79
1.14
-0.22
0.81
0.02
-1.02
-0.85
1.22
-1.17
-2.12
0.04
0.12
-0.29
1.06
-0.65
0.24
-1.95
0.06
-1.35
2.16
-0.55
0.76
-0.10
1.03
2.64
0.10
0.59
-0.26
0.55
0.22
-1.80
0.60
-0.44
-0.54
-1.72
-1.63
-0.77
-2.27
-0.21
0.15
-0.53
0.71
0.64
-0.55
2.00
-4.59
-1.53
2.42
1.89
0.77
-0.63
-1.74
0.95
0.32
2.12
0.61
0.56
-0.17
1.39
-2.51
1.19
0.19
0.50
-0.64
0.04
-0.41
-0.31
0.06
0.27
-0.33
-0.33
-0.23
-0.27
0.57
1.76
0.47
0.04
-1.53
0.12
-0.70
0.77
0.35
0.35
-0.16
0.25
-0.04
-0.45
0.45
-0.51
0.27
2.16
2.14
0.36
-0.73
0.24
-1.11
-0.44
0.26
-2.36
-0.37
-3.26
-0.94
-0.80
-1.56
1.28
1.20
-1.57
-0.24
0.04
-1.88
0.47
0.49
-2.07
-0.20
-1.02
-0.18
2.83
0.42
0.33
0.71
-0.44
-0.29
-1.26
-0.09
-0.47
1.01
0.69
-0.73
0.36
0.95
0.44
0.94
0.56
-0.39
-0.48
-0.04
-1.63
0.22
-1.63
1.79
0.31
5.38
7.58
0.19
2.88
-1.18
-1.73
1.57
0.63
-1.33
0.19
-0.11
0.88
-1.98
0.54
2.04
2.68
-1.40
1.44
2.21
3.11
0.02
-0.26
-2.38
0.11
-2.04
0.90
0.27
-0.22
1.59
-0.70
0.07
0.38
-0.02
-1.13
-0.87
0.49
1.61
0.09
-1.55
-0.25
-1.45
0.70
0.33
-0.55
1.49
-2.77
0.91
0.57
0.90
-1.49
0.83
3.51
0.99
-1.03
-0.90
0.45
-0.75
-0.29
2.73
-1.26
-0.37
-1.26
1.98
0.23
0.39
1.58
0.98
-0.73
-0.05
0.28
0.19
0.22
-1.16
0.43
-0.31
3.20
-1.71
0.31
-0.48
-0.53
-0.15
0.84
0.26
-0.25
0.10
-0.09
1.04
-1.10
-1.77
-3.09
-0.93
-0.14
1.05
-0.79
1.03
-0.52
1.02
-1.03
-0.31
-0.52
-0.40
0.71
-0.96
-0.55
-0.70
-1.92
-3.33
2.67
-0.51
-0.57
2.59
-0.93
1.23
1.70
-0.04
-0.18
-1.10
1.15
0.15
0.57
0.60
-0.13
-0.13
-0.65
0.07
-1.79
-1.34
0.57
-0.11
-1.92
0.27
1.30
-0.09
0.72
-0.56
-0.58
-0.70
-0.48
-1.96
1.84
-0.52
-0.17
0.17
0.54
0.90
2.36
0.54
0.67
0.15
-1.16
-0.02
0.65
-1.44
-0.90
-0.92
-0.08
0.86
0.49
2.20
2.67
-0.66
0.67
0.00
-0.39
0.32
-0.27
-0.99
0.24
0.78
-1.10
-0.51
0.16
0.26
-0.11
-1.29
0.18
1.46
-0.27
-0.36
-2.58
1.20
0.26
-0.85
-0.41
-1.05
-0.57
0.32
0.15
-1.59
-0.02
1.73
0.02
-0.30
-1.69
-0.23
0.27
0.77
-0.36
0.25
-0.75
-0.27
-0.41
-0.12
-0.56
-0.20
-1.71
-0.44
-0.40
-0.20
2.18
1.80
-0.21
-0.33
0.72
2.03
1.23
0.73
0.58
0.35
-0.41
-0.43
0.76
0.07
1.66
0.58
0.20
-1.12
0.78
0.34
-0.79
0.85
0.09
-0.81
-2.75
0.20
-1.13
0.41
0.64
2.18
-0.02
0.93
-0.28
0.64
0.45
-0.04
0.52
0.12
0.48
-0.23
-0.30
-2.01
-1.91
-0.35
-0.17
0.60
-0.54
1.58
-0.82
-0.18
0.87
-0.84
0.06
-0.26
3.00
2.00
-0.37
-0.48
2.12
2.02
0.03
1.35
-0.08
-0.74
2.48
-1.54
-0.30
1.10
1.75
-0.92
-0.36
2.44
-0.10
-0.68
-0.29
0.57
-1.03
0.69
0.77
1.25
0.67
-1.13
0.35
1.38
-0.17
-0.73
-0.08
2.21
0.11
0.42
0.79
-0.37
1.54
0.26
0.43
-0.17
-0.82
0.77
-0.41
-2.20
-9.22
-1.51
0.45
-3.72
1.32
0.66
2.65
2.67
0.79
-0.12
0.00
-0.37
-1.54
0.61
1.35
-1.27
-1.35
-1.88
0.17
0.31
-0.90
-0.82
0.21
2.66
-0.36
-0.79
-1.62
0.35
-1.64
-0.75
-1.05
-0.20
-4.12
-2.95
2.57
-2.28
