0.38
1.23
-1.18
-0.61
0.97
0.64
-1.77
1.00
-2.39
2.14
-1.33
0.12
1.92
-1.40
0.10
-0.76
0.35
1.69
0.59
-2.14
1.84
0.21
-1.17
0.25
1.10
0.45
-1.05
1.93
1.50
0.20
0.75
0.34
1.23
0.21
-0.37
0.14
-0.23
-0.34
2.15
0.05
0.33
-0.21
-0.35
0.65
0.59
0.02
1.27
-0.31
0.77
0.27
-0.08
-0.31
0.22
-0.46
0.77
0.34
0.46
0.56
-0.13
-1.06
0.29
-0.83
-0.73
-0.93
-0.21
0.14
-0.66
-0.14
-0.35
-0.09
-0.11
0.47
-0.07
-0.68
-0.69
0.07
-0.07
0.32
-0.23
3.39
0.82
2.02
-0.23
0.95
-0.18
0.65
0.84
0.25
-0.07
0.77
-0.52
-0.02
-1.17
0.12
-0.07
-0.05
-0.40
0.91
-0.66
0.78
0.36
-0.62
0.05
0.71
0.10
0.59
0.39
0.24
0.64
0.00
-0.10
0.67
-0.29
0.97
-1.20
-0.13
0.26
0.53
0.62
0.39
-0.08
0.86
0.90
2.30
0.30
0.90
0.21
0.12
0.48
0.15
-0.35
0.50
0.13
-0.66
-0.33
0.58
0.22
-0.87
0.03
0.03
0.19
-1.86
0.39
-0.36
0.54
-0.56
-0.44
-0.06
0.29
-0.70
0.38
1.20
0.41
-0.22
-0.66
-1.90
0.68
-0.75
0.08
0.83
-0.35
0.02
-0.12
-1.90
0.63
-0.50
-0.17
0.09
0.55
0.47
-0.84
0.31
-2.43
0.94
-1.03
-0.06
0.29
-0.03
0.29
0.37
1.23
0.02
-1.02
0.22
0.61
-0.06
-0.91
0.77
-0.47
-1.28
-0.38
0.59
-0.80
0.80
-0.56
0.62
-1.78
0.29
1.23
-0.16
-0.18
0.02
-0.37
0.59
0.26
1.96
-0.95
0.98
2.63
-2.60
-0.48
-0.36
-0.06
2.10
0.93
1.01
0.88
1.61
0.16
1.37
0.09
0.09
0.19
0.91
0.06
-0.04
0.70
0.29
0.23
-1.24
-0.33
0.84
-1.25
0.74
0.62
0.17
-0.06
0.97
0.18
-1.12
0.09
-0.03
1.44
0.07
-0.63
0.14
0.18
0.06
0.00
0.07
-0.14
-0.55
-0.28
0.38
-0.57
-0.58
-0.42
0.92
-0.34
-0.14
-0.44
0.16
-0.03
0.13
-0.46
0.32
0.16
0.09
-0.13
-0.06
-0.14
-0.46
0.66
0.01
-0.33
0.69
0.16
0.34
0.41
0.43
0.03
0.69
-0.24
1.78
0.51
0.26
-0.14
0.33
0.12
0.11
0.07
-0.12
-0.61
0.25
-0.42
-0.70
0.15
0.97
0.14
-0.16
1.10
-0.91
0.59
-0.58
-0.81
0.18
-0.12
-0.33
-0.61
0.64
-0.26
1.08
-0.01
-0.45
-0.08
1.02
-0.25
0.16
-0.44
-0.03
-0.78
-0.39
0.67
-0.07
0.36
0.18
0.74
0.98
0.15
-2.57
0.75
-0.08
0.32
-0.21
0.03
0.10
0.60
-0.18
-0.68
0.45
-0.74
-0.81
0.29
-1.27
-0.73
0.33
-0.65
0.67
0.07
0.51
0.27
0.38
0.42
1.07
0.75
1.08
-0.46
-0.68
-0.11
-1.08
0.15
0.32
0.67
0.07
0.86
0.12
0.05
-0.55
-0.50
-0.05
0.10
0.04
-0.48
0.56
-0.68
0.45
0.07
0.44
-0.45
0.82
-0.01
-0.16
0.42
-0.24
0.38
0.31
0.39
0.17
0.11
0.49
-0.37
0.73
-1.30
1.06
-0.86
0.47
0.09
0.04
0.49
-0.13
-0.17
-0.07
-0.15
-0.56
-0.27
1.26
0.20
0.40
-0.62
-0.37
0.39
0.87
-0.22
-0.50
0.32
0.49
0.64
0.26
0.21
0.10
-1.62
0.25
-0.07
1.37
0.78
0.77
-0.65
0.04
0.21
0.23
0.10
0.17
-0.14
-0.10
0.51
0.03
-0.38
0.11
-0.18
0.64
0.65
-3.72
0.45
-0.51
0.67
-0.07
0.44
-0.21
0.13
-0.43
0.20
0.13
0.56
0.47
-0.01
0.30
-0.55
4.88
1.23
-0.53
0.37
-1.30
0.68
0.06
-0.56
0.48
-0.28
-0.10
1.01
0.29
-0.79
-0.04
-1.29
0.33
-0.06
-0.75
0.15
0.58
0.94
1.24
-0.45
-0.53
1.64
0.20
0.22
0.49
0.79
0.95
-0.86
0.83
-0.80
1.43
0.29
-0.55
0.16
0.00
0.14
-0.03
0.27
0.21
0.01
-0.23
1.45
0.86
-0.12
0.07
-0.41
-0.48
1.04
0.10
-0.12
0.42
-0.64
0.11
0.68
-0.07
-0.11
0.07
1.30
-1.66
-0.31
0.55
-0.66
-1.50
-5.52
0.06
-0.09
-3.19
1.24
0.59
0.27
2.24
1.72
1.34
-0.33
-0.92
0.49
1.17
1.29
0.42
-0.72
-1.12
0.20
0.20
0.15
-0.61
-0.07
2.31
-0.62
-0.01
-0.29
-0.19
0.16
-0.68
0.55
-0.41
-1.96
-1.59
1.48
-1.00
