2.38
1.00
2.33
-2.29
1.07
-0.93
-2.67
1.84
-1.79
1.02
-2.75
1.71
1.31
1.21
0.87
-0.08
0.42
3.33
1.72
-0.95
-0.88
0.23
0.87
-0.15
-1.63
-0.03
-0.71
1.32
-0.42
0.32
-3.01
0.84
1.50
1.30
0.96
1.37
-2.25
-0.26
0.18
-0.38
-0.11
0.97
1.66
0.22
-0.75
-0.18
-0.36
0.28
1.08
-0.15
-0.79
-0.74
1.52
-0.15
-0.60
0.80
0.18
-0.13
1.13
-0.45
0.83
0.06
-0.67
0.58
-1.19
-0.23
-0.97
2.08
0.51
-0.51
0.38
1.16
-0.13
-0.80
-1.07
0.37
1.09
-0.24
0.17
-0.73
-2.96
1.08
-0.87
0.28
0.03
1.55
1.03
-0.23
-3.46
0.66
-2.86
1.66
-1.39
-3.00
9.58
0.95
-0.52
1.06
0.34
0.52
-0.14
0.04
-0.40
0.64
-0.11
0.25
-0.03
0.35
-0.27
0.07
-0.86
0.60
0.24
0.25
-0.49
0.21
0.51
0.41
0.49
-0.19
-0.64
0.01
1.33
0.77
-0.29
0.45
0.93
-0.39
0.42
0.30
-1.07
0.48
0.11
-0.04
0.23
-0.24
0.18
-0.37
0.04
0.27
-0.03
-0.56
-0.11
-0.37
1.11
-0.88
-0.26
0.49
0.63
-0.57
0.27
0.56
-0.20
0.12
-0.77
-0.59
0.05
1.88
-2.01
-0.15
-1.00
0.36
-1.40
-0.11
0.37
-0.13
0.18
1.96
-0.47
0.69
-1.29
-0.32
-2.13
2.33
-0.67
0.08
1.23
0.65
-1.07
-0.17
0.31
0.11
0.11
-1.01
0.99
-0.75
-1.48
1.97
-0.15
-0.36
-0.11
-3.22
-0.95
-1.05
-0.87
0.10
1.14
0.32
-0.34
0.95
0.03
-0.23
-0.57
1.24
0.25
0.33
0.34
0.23
0.04
-1.03
0.22
0.26
-0.67
0.90
0.01
1.88
0.41
-0.22
-1.04
1.32
-0.04
-3.08
-0.94
1.21
1.08
1.01
0.56
-0.06
0.25
-1.32
0.34
0.30
-1.33
0.60
0.34
-0.37
-0.37
2.27
0.18
-0.64
-0.36
-0.14
0.85
0.34
-0.81
-2.32
-0.07
0.23
-0.56
-0.07
-0.20
-0.67
0.58
0.22
-1.37
0.66
-0.70
0.44
-0.82
-1.24
1.92
-0.45
-0.72
-0.65
-0.79
1.13
-0.76
-0.24
-1.60
1.16
0.48
-0.76
0.71
-0.30
-0.15
0.74
1.38
1.87
-1.53
-0.37
1.31
0.04
0.26
0.73
3.00
0.36
-0.56
1.51
-0.90
-1.13
-0.68
0.44
-1.03
-0.21
-0.01
-0.10
0.09
0.34
-0.21
1.10
-0.20
-0.20
-0.78
0.13
-0.11
0.50
-0.56
-0.36
0.07
0.95
0.60
1.20
0.68
-0.35
0.25
-0.50
-0.31
2.06
0.22
0.51
0.01
-0.39
0.46
0.54
0.24
0.99
0.19
-0.21
0.36
0.51
0.01
-0.34
0.07
0.39
0.32
0.77
0.21
-0.50
0.79
-0.03
-0.74
-0.55
0.77
-1.55
0.01
3.22
1.59
-0.28
-0.08
-0.43
0.20
-0.23
0.03
0.58
1.54
-0.24
0.80
-1.66
0.28
-0.28
0.62
-0.23
0.35
0.48
-1.24
-4.65
0.35
0.05
0.93
-0.94
-0.90
0.88
0.68
0.66
-0.76
-0.33
-0.42
-0.05
0.20
-0.19
-2.79
0.33
0.64
1.50
1.72
0.04
-0.22
-0.43
0.20
0.17
0.97
2.12
0.48
1.12
0.04
0.23
0.64
0.04
0.42
-0.48
0.99
0.38
0.02
-1.16
-0.32
0.37
0.09
0.26
-1.58
-0.49
0.50
0.39
-0.07
-2.03
0.37
-0.76
0.95
-0.29
-0.60
0.38
1.82
0.35
0.05
-1.55
0.25
0.67
0.31
-0.23
0.88
-0.47
0.06
0.56
-0.61
-0.60
-0.48
0.30
-0.13
-0.43
-1.03
0.40
0.98
-0.16
0.40
-0.52
1.94
4.47
1.90
0.43
0.60
-1.02
0.28
0.28
0.21
1.20
1.38
-0.76
0.61
0.11
-0.51
-1.38
0.41
0.72
0.98
0.99
-1.09
0.28
1.52
0.69
0.08
0.11
-1.38
10.90
-2.16
0.01
-0.98
-0.11
0.22
0.00
0.16
0.82
-0.34
0.12
-0.35
0.85
-0.56
-0.51
-0.24
0.39
-0.24
1.10
-0.64
-0.02
0.81
0.92
-0.05
-0.70
0.15
0.97
0.10
0.14
-0.65
-0.16
0.87
0.09
0.59
1.48
-1.20
-0.72
0.35
0.85
-0.18
2.00
1.56
0.28
0.82
0.43
-0.10
0.77
1.68
1.07
-1.66
-1.05
-1.01
-0.99
-4.20
0.81
1.93
-2.75
-0.65
0.18
1.44
0.71
1.50
1.50
-10.18
-2.75
1.37
0.13
0.25
-1.72
-1.65
-1.03
-0.35
1.36
-1.02
-1.48
0.21
0.91
-0.73
0.26
-0.71
-0.18
1.90
-1.93
0.57
0.26
-1.18
-1.97
2.44
-1.66
