1.89
-5.18
-9.41
-4.07
-1.65
-2.06
-5.66
-1.85
13.34
1.30
-4.74
0.62
4.39
3.09
3.95
-1.86
1.48
6.63
-0.36
-7.60
1.89
0.97
-2.93
-5.02
-0.60
-0.53
2.67
15.83
7.97
2.09
2.94
-1.62
3.04
0.15
0.03
1.20
1.91
0.38
2.46
0.58
3.94
-3.29
-1.70
-4.43
1.61
3.07
2.38
-0.98
-2.31
3.66
2.90
5.88
-1.36
2.44
-3.41
1.86
-0.68
1.41
-0.16
-0.60
1.40
-1.41
-2.66
-1.51
11.66
-1.21
-0.48
-1.14
0.50
-0.01
0.00
-1.22
3.64
-0.60
-3.62
0.22
-5.27
-1.41
-0.55
0.06
-1.03
6.77
0.18
-3.41
-1.76
1.77
-1.74
4.92
-1.14
0.49
-3.71
1.03
0.39
-3.05
0.00
0.58
2.83
1.90
3.68
-2.10
1.42
0.23
0.57
2.77
-0.92
0.19
2.45
0.21
-0.52
-0.34
-0.30
1.39
0.06
-0.39
1.97
-2.81
1.52
-1.07
0.97
-9.25
-4.98
0.67
3.40
-0.70
1.27
-2.93
0.93
-1.08
0.89
4.85
2.55
-1.68
-3.01
0.22
4.81
-1.54
-1.04
-0.31
2.00
1.71
6.22
-1.19
2.37
-6.41
-0.02
-1.03
0.76
0.60
-0.75
2.60
0.14
-0.60
3.08
-2.83
4.00
-2.24
-0.09
-1.63
-2.31
-0.29
-0.73
-5.79
-0.33
-0.73
0.97
-0.63
-0.92
4.31
-0.85
0.44
1.68
1.52
2.75
5.69
-0.29
3.41
1.33
-0.10
-4.25
-0.45
-0.47
-0.69
-0.15
-1.30
-0.07
0.91
-1.05
-3.15
1.91
-2.92
1.62
-0.20
-0.75
1.71
-0.98
-1.30
-1.53
-1.66
-0.29
-0.13
2.73
0.50
-0.76
1.61
-1.27
0.19
-1.64
0.00
0.39
3.89
-1.74
-9.31
0.58
-0.20
-1.35
1.35
-2.89
-0.38
-0.55
2.79
-0.35
4.47
2.11
5.45
0.74
3.28
0.23
0.44
-2.17
2.20
-2.67
-0.63
-0.27
3.87
-0.19
-11.05
1.28
-0.41
2.19
-1.43
-1.39
1.12
-1.94
-2.01
1.09
-1.14
0.10
-0.11
-1.31
0.10
-0.76
1.10
3.22
1.28
1.08
0.35
2.24
-2.00
-1.07
-1.53
2.00
-0.39
-1.14
-0.12
2.00
1.50
2.54
-0.95
7.94
-0.51
-1.09
-3.52
-0.49
-0.47
0.10
-0.01
0.18
1.75
0.02
0.07
-1.30
2.16
-3.08
-0.84
0.06
-1.27
-0.96
0.18
1.60
0.67
6.82
-2.49
0.89
-0.66
-0.91
-0.23
-0.24
0.57
4.77
0.38
0.05
1.36
3.79
1.32
0.10
1.43
-0.91
-0.36
2.44
0.46
0.27
-1.03
0.27
1.51
0.34
-0.05
1.00
-0.87
-0.56
0.04
-0.72
-1.66
1.03
1.09
-0.82
1.05
-0.22
-0.28
2.29
5.90
-0.70
-1.05
2.37
-0.49
0.44
-1.22
-1.75
-1.63
2.75
-0.15
-0.84
2.50
0.32
1.77
-4.15
-0.15
-0.56
2.82
-0.81
-0.12
0.35
1.04
0.68
1.67
3.80
0.82
-1.04
-0.51
-0.22
1.83
-3.82
0.51
3.00
-0.50
0.41
0.31
2.95
-0.93
0.24
-0.30
0.99
-0.90
-1.11
0.23
-2.34
1.02
-2.32
1.08
-1.14
1.18
1.88
-0.49
0.73
-0.21
-3.38
-0.44
2.85
-0.28
-0.88
1.62
3.27
0.32
-5.02
-3.02
0.45
0.58
-1.04
-1.60
0.31
0.93
2.13
-0.12
-0.17
-2.95
-0.31
2.03
6.41
0.04
-1.34
0.21
0.55
0.38
-1.03
-0.48
0.41
-0.56
1.01
0.63
2.12
3.19
-0.64
0.62
1.65
-0.91
1.02
0.01
-0.31
-0.94
-0.61
0.43
2.20
-0.90
-0.20
-0.34
-2.61
2.47
0.46
-0.62
3.14
-1.24
0.01
-0.08
-0.01
-2.05
-0.40
-0.58
0.51
-1.77
1.13
3.15
-0.28
-0.73
0.14
-0.75
0.22
0.10
-0.97
1.27
-1.50
-1.36
4.45
2.75
-0.99
0.03
0.87
0.53
0.92
0.29
0.79
-1.06
-1.29
1.04
-0.60
3.07
1.03
0.08
0.46
-0.58
-0.62
-0.91
1.29
0.59
-0.59
0.87
-1.00
0.68
0.39
2.96
-1.19
1.56
0.09
0.62
-0.54
0.61
1.69
-0.26
-0.45
0.52
0.94
-1.02
0.07
-2.56
-1.07
0.54
0.67
-1.33
0.68
-0.86
0.31
1.87
1.93
2.88
1.09
2.37
8.68
-0.14
2.89
0.01
-10.12
-9.32
4.88
-3.47
2.98
-2.26
-0.47
-1.56
8.64
-4.55
-1.90
-1.88
1.07
-0.30
-0.09
0.16
0.39
0.87
-1.30
1.79
1.12
-0.15
-0.74
-2.44
-0.22
1.23
1.04
0.98
6.35
5.46
1.54
-3.33
-0.10
0.53
-0.78
-1.70
1.42
-2.86
-1.89
0.19
0.64
0.41
