1.48
-1.83
-3.94
-2.05
0.44
0.56
-3.34
1.19
0.94
-0.05
0.68
8.59
2.01
-0.46
1.79
-0.43
-0.30
4.74
-0.74
-2.81
0.10
1.67
-2.61
-1.44
-0.34
-0.74
0.81
0.85
0.90
1.54
-1.80
1.02
0.95
-0.88
-1.82
1.41
0.29
-2.42
2.10
-0.10
-0.62
-1.80
0.26
-2.48
1.04
-0.11
0.73
0.60
0.13
1.25
-1.28
0.91
0.04
0.17
-0.50
-0.65
0.04
0.45
1.31
-0.92
0.40
-1.01
-0.49
0.72
-2.35
0.35
-0.19
-0.74
1.70
-0.21
-1.16
0.54
-0.78
1.22
-0.93
-0.35
-0.17
2.53
0.85
-8.70
-0.35
1.53
-0.59
-1.15
0.26
0.26
-0.30
0.39
-0.42
-0.33
0.75
0.62
0.05
0.92
-0.20
2.08
0.31
5.70
-0.70
-0.02
0.53
0.06
-0.04
-0.53
0.62
-1.14
0.64
0.02
-0.32
-0.64
-0.88
1.38
-0.57
0.32
-0.94
0.22
0.39
-0.56
2.20
-4.49
-3.24
2.08
1.61
1.45
0.13
-1.34
-0.20
0.51
2.76
0.53
0.55
0.29
0.46
0.13
0.98
-0.81
0.21
-0.60
1.17
0.21
2.58
0.28
2.51
-0.02
0.23
-0.86
0.16
1.16
0.66
-0.39
0.81
-0.65
0.35
0.02
0.39
-0.58
0.87
1.57
0.25
0.98
0.69
-0.09
0.20
0.17
-0.06
0.07
0.04
0.06
0.41
-0.18
-1.09
-0.71
-2.45
2.00
-1.11
0.91
1.06
-0.39
0.24
-1.05
0.60
0.36
-0.60
-1.02
1.22
0.24
0.26
1.59
-0.75
-1.61
0.66
0.04
-1.01
-1.29
-2.34
-1.78
-0.36
0.18
-0.58
0.87
-1.04
0.97
-0.62
1.10
-0.04
-0.04
0.06
-0.12
1.21
0.06
-1.53
1.14
-1.70
2.87
0.86
0.29
-1.87
1.49
2.30
2.08
-0.70
-0.58
-0.49
0.28
0.41
-0.43
0.51
-0.19
1.35
-0.06
-1.09
1.55
0.28
0.31
1.39
0.61
0.49
-0.09
1.11
0.44
6.08
-2.86
0.26
2.30
0.47
-0.08
0.61
1.12
-1.00
0.18
-0.61
-2.15
-0.73
-1.21
1.93
0.02
-0.90
-0.05
-0.80
0.83
-1.33
0.71
-0.28
0.09
-0.12
1.65
1.09
-3.68
1.95
1.04
-1.52
-1.39
1.31
0.14
0.02
-0.24
0.24
-0.50
0.12
2.59
-1.28
0.29
1.17
0.75
0.35
-0.76
-1.45
0.08
-0.02
-0.27
1.46
-0.55
-1.03
0.12
-0.10
0.26
0.00
1.10
0.74
-0.45
1.00
-0.45
0.05
0.40
-2.37
0.31
-0.39
-0.36
-0.73
-0.40
0.09
-0.24
0.02
-1.23
-0.09
-0.84
-0.55
0.25
-0.87
-0.05
-1.54
1.05
0.41
1.04
0.42
1.73
-0.03
5.13
0.07
-1.15
7.35
-2.00
0.40
-1.06
-0.13
0.53
0.71
1.86
0.19
-0.11
-0.06
-0.43
0.76
1.03
-1.07
1.31
1.62
1.27
-5.26
0.73
1.54
0.64
-0.20
1.51
-0.09
0.35
0.40
0.69
0.40
0.28
-3.92
-1.79
0.86
0.15
-0.03
-0.20
1.81
-0.97
1.32
0.70
1.43
-0.25
-3.36
1.40
-2.77
0.22
-1.65
2.29
-0.40
1.40
2.80
0.54
1.10
-0.63
-2.36
-0.59
-0.35
-0.06
0.34
-1.41
-0.96
0.31
1.33
-2.27
-0.27
-0.64
0.47
-2.06
1.04
0.60
0.87
-1.05
-0.66
-1.55
1.05
1.20
-0.84
0.11
-2.22
-0.49
0.18
0.34
4.35
0.34
0.81
0.66
0.89
0.50
-0.05
-0.11
-2.24
-0.62
0.33
-1.01
1.65
0.43
3.03
1.30
0.72
2.00
0.17
-0.47
-0.83
0.61
0.17
0.10
1.31
-0.34
0.91
-0.51
0.96
-0.03
0.56
0.67
0.79
-0.14
0.39
-0.40
0.47
-0.21
-0.40
-0.41
0.49
-0.35
-0.68
-0.10
-1.24
-0.13
3.02
0.40
0.88
-0.88
-0.77
0.44
2.34
-0.79
-4.26
1.57
0.64
-0.39
-1.54
2.44
-1.18
1.16
0.78
-1.32
0.89
-0.54
-0.44
-3.87
0.19
-1.84
-0.10
0.38
-0.04
0.89
-0.67
-0.23
-1.02
0.52
0.06
-0.13
2.29
0.37
-1.16
-0.90
-0.66
-0.47
0.46
0.87
-1.58
0.68
2.00
1.81
5.19
0.66
0.27
-0.99
0.32
0.43
-1.19
2.83
0.58
-0.77
-0.36
0.13
-2.73
-5.09
3.15
0.33
-0.07
1.23
-0.73
-2.55
-4.66
2.44
-2.93
-6.18
4.01
-0.35
0.26
2.40
0.54
-0.19
3.13
-1.06
0.69
1.60
2.08
-0.07
-0.27
-0.63
2.02
0.79
1.62
-0.05
2.37
0.67
1.14
-1.21
-0.17
-0.24
0.26
-1.37
1.60
-0.68
-2.29
-2.80
3.24
-2.86
