-1.99
-8.39
3.63
-5.42
-10.01
0.43
-7.84
17.68
7.75
-8.74
6.02
1.07
4.19
-3.19
-2.95
1.62
9.97
0.48
8.34
-2.76
1.01
12.74
2.89
-2.64
-3.14
-8.05
-2.56
-2.37
3.13
5.62
-4.27
4.78
0.80
-3.46
2.31
-2.26
7.00
-8.32
8.98
9.75
0.70
-0.67
5.05
-6.25
2.96
-6.82
8.52
-1.45
-8.63
0.97
3.65
4.47
2.84
-1.66
-6.19
1.35
-3.92
2.14
-4.22
0.33
2.33
0.92
-4.43
4.96
-1.57
-0.43
-3.60
-0.54
8.18
6.47
-0.11
-2.56
-3.33
2.99
-26.42
7.05
-4.14
-3.20
1.19
-1.43
-0.45
3.07
-4.68
-4.84
1.56
3.27
3.82
1.98
-6.95
-5.11
-0.61
4.93
4.27
0.15
-0.56
5.73
5.49
3.35
-0.49
-0.62
-0.73
2.40
-2.60
0.17
-3.43
2.56
-3.64
-7.41
-5.17
0.56
-0.55
-1.11
2.62
-0.31
-5.78
4.89
-1.35
-0.52
2.23
-4.76
-0.04
-0.71
6.80
-3.26
7.15
-4.55
2.86
0.00
3.21
-1.83
-1.30
-4.71
0.89
-1.37
3.67
-9.31
6.37
-0.90
-1.32
1.54
0.94
3.90
-3.36
2.51
8.09
-4.20
8.23
-2.50
3.72
-5.78
-0.33
3.60
2.69
-1.43
2.58
-1.45
2.38
0.31
-0.65
2.33
-1.91
-10.18
-2.32
1.71
-2.49
-0.08
-0.83
0.20
0.16
2.65
4.46
0.48
-6.93
4.69
0.11
0.64
2.43
1.49
0.25
-0.14
0.82
-0.25
-2.25
-0.80
0.96
1.31
-0.22
0.97
3.64
-0.90
0.45
-1.31
4.07
2.69
-3.67
-6.16
-0.98
-2.24
-3.19
2.01
-1.44
4.24
-1.63
-0.04
-1.05
0.23
-1.10
-0.65
0.62
1.30
-3.18
-4.26
3.59
-0.08
1.66
9.03
4.62
0.95
7.68
2.13
-6.61
3.02
-0.73
-0.58
-2.13
3.20
1.15
-4.07
-0.13
-3.86
-4.59
1.58
5.91
1.80
-1.61
1.17
-1.71
-4.69
0.98
-2.09
0.96
-0.11
1.02
-4.96
-4.00
-2.03
0.70
-0.70
-4.14
1.55
-2.49
2.10
4.92
-0.77
2.21
-0.04
0.42
-4.15
-0.55
-1.94
-0.12
1.33
-6.22
-0.85
-5.23
-1.99
-2.36
-1.70
3.95
-2.78
0.76
-3.17
2.20
5.25
-2.77
-0.09
-0.37
1.50
0.92
1.92
4.58
1.55
-0.34
-0.59
-0.55
-4.16
-1.34
-0.54
4.79
-3.05
-2.07
8.07
-2.72
-0.83
-2.11
2.61
0.35
3.80
-3.87
-8.88
1.58
1.04
-1.82
-1.48
-6.62
-0.62
-1.35
1.11
4.60
-0.35
1.40
-2.52
0.51
-2.27
-0.46
-1.87
0.53
1.05
5.05
-2.53
0.97
-1.01
-0.86
-0.87
4.09
0.89
-0.64
0.50
4.24
0.95
0.66
-2.93
0.91
0.71
-0.19
-0.05
-2.65
-5.88
0.41
0.62
20.76
2.20
6.34
-5.53
-2.06
2.23
-3.25
-4.30
2.00
1.31
-4.82
-1.00
-0.41
-2.20
2.39
1.10
-1.13
0.64
0.27
2.86
-1.32
3.62
-1.64
3.07
-2.81
-1.14
3.72
-0.43
2.79
5.59
0.28
0.08
-5.16
3.57
-3.17
-0.21
1.29
2.99
-3.86
0.29
-3.01
-1.53
1.77
2.42
-4.10
-1.30
0.39
0.35
2.83
-0.17
-2.33
0.56
-0.30
-2.72
0.27
-4.26
-0.97
-1.36
1.09
1.55
-0.69
-3.91
1.55
-11.06
5.31
-5.60
0.43
-2.25
-3.24
-1.82
0.52
2.47
1.18
3.55
-5.03
2.14
5.14
0.68
2.92
2.23
-0.64
-0.40
-0.70
0.15
0.00
-0.20
0.10
-4.74
2.54
0.52
-3.39
0.43
-0.74
0.00
-0.27
-0.05
1.71
-1.00
1.01
2.10
0.31
1.80
2.88
-5.98
-1.51
-0.42
-4.41
0.78
-0.66
-0.28
0.28
1.39
-0.11
-1.87
-2.85
-1.73
-1.82
-2.74
3.62
-1.84
-1.39
-2.81
-0.38
3.79
-2.98
-2.32
1.99
-25.63
6.52
0.79
-0.24
7.67
-5.65
-2.72
-1.04
7.84
-2.17
-0.08
-0.77
4.64
0.74
-0.66
-0.96
-3.58
-2.32
3.80
1.22
-2.18
-2.00
3.61
-6.44
2.43
-2.53
-2.92
0.25
-0.08
-2.34
-1.88
1.13
-2.41
1.68
16.93
4.53
-8.45
2.02
-3.27
7.55
-2.05
-1.34
11.27
-6.39
3.49
-4.35
-4.62
5.08
3.51
-1.49
5.38
-2.18
-1.88
-5.68
-2.18
1.62
-3.86
-5.43
8.41
4.30
-7.22
-1.83
2.26
3.56
2.75
1.19
-2.72
-3.09
0.08
-0.62
4.07
-0.90
-0.76
-0.38
-0.92
24.73
-3.17
1.03
0.76
-0.25
5.88
0.54
-1.07
0.72
0.36
1.54
-0.23
-6.80
4.15
-1.51
-3.13
5.44
-3.78
